output/projections/08_LGM/Cassia ferruginea.asc
NCOLS 168 
NROWS 144 
XLLCORNER -41.0000000002598 
YLLCORNER -7.99999999976785 
CELLSIZE 0.0416666666664048 
NODATA_value -3.4e+38 
[rows 60 to 79 of 144, columns 92 to 137 of 168]
0.742923974990845 0.764817953109741 0.761004865169525 0.786095857620239 0.747448325157166 -3.4e+38 -3.4e+38 -3.4e+38 -3.4e+38 -3.4e+38 -3.4e+38 -3.4e+38 -3.4e+38 -3.4e+38 -3.4e+38 -3.4e+38 -3.4e+38 -3.4e+38 -3.4e+38 -3.4e+38 -3.4e+38 -3.4e+38 -3.4e+38 -3.4e+38 -3.4e+38 -3.4e+38 -3.4e+38 -3.4e+38 -3.4e+38 -3.4e+38 -3.4e+38 -3.4e+38 -3.4e+38 -3.4e+38 -3.4e+38 -3.4e+38 -3.4e+38 -3.4e+38 -3.4e+38 -3.4e+38 -3.4e+38 -3.4e+38 -3.4e+38 -3.4e+38 -3.4e+38 -3.4e+38
0.751348555088043 0.751348555088043 0.754485964775085 0.748520255088806 0.759467840194702 0.665895700454712 0.658349871635437 -3.4e+38 -3.4e+38 -3.4e+38 -3.4e+38 -3.4e+38 -3.4e+38 -3.4e+38 -3.4e+38 -3.4e+38 -3.4e+38 -3.4e+38 -3.4e+38 -3.4e+38 -3.4e+38 -3.4e+38 -3.4e+38 -3.4e+38 -3.4e+38 -3.4e+38 -3.4e+38 -3.4e+38 -3.4e+38 -3.4e+38 -3.4e+38 -3.4e+38 -3.4e+38 -3.4e+38 -3.4e+38 -3.4e+38 -3.4e+38 -3.4e+38 -3.4e+38 -3.4e+38 -3.4e+38 -3.4e+38 -3.4e+38 -3.4e+38 -3.4e+38 -3.4e+38
0.718526780605316 0.716818153858185 0.715961515903473 0.709921479225159 0.726137340068817 0.729478359222412 0.735263049602509 0.708862006664276 0.624426424503326 -3.4e+38 -3.4e+38 -3.4e+38 -3.4e+38 -3.4e+38 -3.4e+38 -3.4e+38 -3.4e+38 -3.4e+38 -3.4e+38 -3.4e+38 -3.4e+38 -3.4e+38 -3.4e+38 -3.4e+38 -3.4e+38 -3.4e+38 -3.4e+38 -3.4e+38 -3.4e+38 -3.4e+38 -3.4e+38 -3.4e+38 -3.4e+38 -3.4e+38 -3.4e+38 -3.4e+38 -3.4e+38 -3.4e+38 -3.4e+38 -3.4e+38 -3.4e+38 -3.4e+38 -3.4e+38 -3.4e+38 -3.4e+38 -3.4e+38
0.687744438648224 0.684111177921295 0.676777064800262 0.665611863136292 0.673076868057251 0.692713439464569 0.703377068042755 0.705133378505707 0.673076868057251 0.682286024093628 0.707309722900391 0.650223255157471 0.564711511135101 -3.4e+38 -3.4e+38 -3.4e+38 -3.4e+38 -3.4e+38 -3.4e+38 -3.4e+38 -3.4e+38 -3.4e+38 -3.4e+38 -3.4e+38 -3.4e+38 -3.4e+38 -3.4e+38 -3.4e+38 -3.4e+38 -3.4e+38 -3.4e+38 -3.4e+38 -3.4e+38 -3.4e+38 -3.4e+38 -3.4e+38 -3.4e+38 -3.4e+38 -3.4e+38 -3.4e+38 -3.4e+38 -3.4e+38 -3.4e+38 -3.4e+38 -3.4e+38 -3.4e+38
0.654257953166962 0.648513376712799 0.643693029880524 0.654746115207672 0.654746115207672 0.642252862453461 0.637394726276398 0.654746115207672 0.658548533916473 0.650923788547516 0.666092216968536 0.68730241060257 0.646996259689331 0.643134891986847 0.612967073917389 0.609961986541748 -3.4e+38 -3.4e+38 -3.4e+38 -3.4e+38 -3.4e+38 -3.4e+38 -3.4e+38 -3.4e+38 -3.4e+38 -3.4e+38 -3.4e+38 -3.4e+38 -3.4e+38 -3.4e+38 -3.4e+38 -3.4e+38 -3.4e+38 -3.4e+38 -3.4e+38 -3.4e+38 0.606631398200989 0.645916521549225 0.652793288230896 -3.4e+38 0.711916625499725 0.738779067993164 0.746035516262054 -3.4e+38 -3.4e+38 0.853409171104431
0.63102525472641 0.636419653892517 0.624633550643921 0.60969203710556 0.625621616840363 0.626608610153198 0.605671346187592 0.611696898937225 0.616692304611206 0.624633550643921 0.619677841663361 0.627594590187073 0.616692304611206 0.650923788547516 0.665153801441193 0.643134891986847 0.566074252128601 0.478483617305756 -3.4e+38 -3.4e+38 -3.4e+38 -3.4e+38 -3.4e+38 -3.4e+38 -3.4e+38 -3.4e+38 -3.4e+38 -3.4e+38 -3.4e+38 -3.4e+38 -3.4e+38 -3.4e+38 -3.4e+38 -3.4e+38 0.503527462482452 0.645067930221558 0.709420263767242 0.71460747718811 0.764496982097626 0.841408252716064 0.776265144348145 0.768106997013092 0.731200754642487 0.81878674030304 0.854799926280975 0.868200778961182
0.607683539390564 0.617688477039337 0.599613547325134 0.59758734703064 0.588429272174835 0.594541907310486 0.595557868480682 0.580236792564392 0.604106545448303 0.609137177467346 0.586385548114777 0.609137177467346 0.600625336170197 0.607683539390564 0.626608610153198 0.604147732257843 0.524955868721008 0.600107371807098 0.613186001777649 0.515117704868317 0.47007355093956 -3.4e+38 -3.4e+38 -3.4e+38 -3.4e+38 -3.4e+38 -3.4e+38 -3.4e+38 -3.4e+38 -3.4e+38 -3.4e+38 -3.4e+38 0.426307290792465 0.552191734313965 0.680924534797668 0.683666408061981 0.721511900424957 0.742995619773865 0.777530074119568 0.807310938835144 0.820089936256409 0.820089936256409 0.852339565753937 0.859120726585388 0.864271759986877 0.870242416858673
0.593525111675262 0.583314418792725 0.563722789287567 0.563722789287567 0.560609459877014 0.576583862304688 0.573492884635925 0.563149392604828 0.566258609294891 0.564186334609985 0.558996021747589 0.565222799777985 0.523997902870178 0.545443415641785 0.556916177272797 0.568328559398651 0.570396184921265 0.580695867538452 0.562685549259186 0.566831111907959 0.538159310817719 0.535014033317566 0.543930232524872 0.586385548114777 0.549664199352264 0.51232522726059 0.488463521003723 -3.4e+38 -3.4e+38 0.418570131063461 0.554368674755096 0.53081601858139 0.535014033317566 0.599095106124878 0.64031308889389 0.671694934368134 0.69629168510437 0.734407901763916 0.769738733768463 0.795535802841187 0.817240238189697 0.831281304359436 0.844201147556305 0.866242170333862 0.869753956794739 0.867104470729828
0.579209506511688 0.571999847888947 0.525049448013306 0.558996021747589 0.552750647068024 0.550665020942688 0.534971177577972 0.539164304733276 0.529722929000854 0.531823098659515 0.530773162841797 0.53287273645401 0.494973748922348 0.505514085292816 0.501298010349274 0.504460155963898 0.523416459560394 0.518155217170715 0.501298010349274 0.527621746063232 0.530773162841797 0.504460155963898 0.529722929000854 0.550665020942688 0.533452987670898 0.508204519748688 0.539743483066559 0.424370348453522 0.430124372243881 0.522364556789398 0.628411412239075 0.591944515705109 0.585820019245148 0.629019498825073 0.651352047920227 0.684984445571899 0.707274079322815 0.7352294921875 0.750527739524841 0.782914102077484 0.803642690181732 0.825892090797424 0.842780232429504 0.863263845443726 0.868861019611359 0.872051298618317
0.523997902870178 0.572461307048798 0.537068426609039 0.53811651468277 0.529722929000854 0.522364556789398 0.521312534809113 0.523416459560394 0.507621884346008 0.502352118492126 0.500243961811066 0.49075835943222 0.480226874351501 0.489704668521881 0.481279373168945 0.476018667221069 0.502754926681519 0.503808975219727 0.493268698453903 0.503808975219727 0.474967122077942 0.500646829605103 0.501700878143311 0.50486296415329 0.506970822811127 0.516451954841614 0.511185705661774 0.535372078418732 0.53117448091507 0.540611922740936 0.563545763492584 0.593351423740387 0.608516812324524 0.631360232830048 0.661225855350494 0.689860463142395 0.71453720331192 0.743662774562836 0.750829339027405 0.781032264232635 0.795797765254974 0.834440171718597 0.85277909040451 0.868444085121155 0.87415474653244 0.878582298755646
0.502934873104095 0.543351888656616 0.521312534809113 0.52907395362854 0.581413745880127 0.628972053527832 0.537469029426575 0.499189883470535 0.49075835943222 0.487597614526749 0.506970822811127 0.465514361858368 0.465915322303772 0.480629116296768 0.477472454309464 0.476420611143112 0.48273441195488 0.475368976593018 0.472215473651886 0.477472454309464 0.476420611143112 0.476420611143112 0.477472454309464 0.479576706886292 0.490107357501984 0.491161078214645 0.50486296415329 0.510132074356079 0.519610047340393 0.53432309627533 0.546887874603271 0.564582526683807 0.574917733669281 0.608516812324524 0.633320689201355 0.666869401931763 0.67246550321579 0.733336985111237 0.744465708732605 0.779816508293152 0.814516425132751 0.837514221668243 0.862213432788849 0.877205491065979 0.874241173267365 0.876470625400543
0.504460155963898 0.451905727386475 0.506517171859741 0.652606964111328 0.725349545478821 0.775589227676392 0.740318894386292 0.61309689283371 0.491161078214645 0.492214858531952 0.490107357501984 0.456486076116562 0.458579003810883 0.46696463227272 0.463817566633224 0.460673391819 0.451260596513748 0.459626019001007 0.455440163612366 0.458579003810883 0.463817566633224 0.458579003810883 0.460673391819 0.459626019001007 0.465915322303772 0.469064146280289 0.484840363264084 0.496430575847626 0.492214858531952 0.510132074356079 0.521714627742767 0.541658878326416 0.55835372209549 0.583139419555664 0.614526510238647 0.658687472343445 0.693741500377655 0.716525912284851 0.721367239952087 0.767262935638428 0.80410760641098 0.823269307613373 0.848665654659271 0.874264717102051 0.881223917007446 0.882940590381622
0.416701763868332 0.493868976831436 0.572782933712006 0.761646032333374 0.79159939289093 0.786923408508301 0.734604775905609 0.661112010478973 0.515733063220978 0.479576706886292 0.46696463227272 0.448130398988724 0.454394668340683 0.452304869890213 0.449173361063004 0.448130398988724 0.44084295630455 0.43668994307518 0.44846123456955 0.452636241912842 0.457864344120026 0.458911120891571 0.455771923065186 0.457864344120026 0.461005747318268 0.465199053287506 0.464150249958038 0.486227661371231 0.490441650152206 0.507305145263672 0.51257336139679 0.528356671333313 0.553479552268982 0.582439482212067 0.609839081764221 0.650105714797974 0.677384197711945 0.697313010692596 0.726689159870148 0.754999995231628 0.784129440784454 0.81323903799057 0.831103503704071 0.856610417366028 0.886187314987183 0.88326507806778
0.453681081533432 0.561405122280121 0.617376267910004 0.749975323677063 0.806227028369904 0.803842663764954 0.691605091094971 0.615282297134399 0.550614714622498 0.494656980037689 0.489387989044189 0.461721122264862 0.439803898334503 0.398379653692245 0.41299894452095 0.434945434331894 0.391711473464966 0.430805146694183 0.433909475803375 0.431839317083359 0.425643444061279 0.429771572351456 0.429771572351456 0.431839317083359 0.428738594055176 0.433909475803375 0.442212462425232 0.47281402349472 0.493868976831436 0.523365676403046 0.497819006443024 0.492549180984497 0.528356671333313 0.568017661571503 0.599761843681335 0.619823455810547 0.66246885061264 0.678304970264435 0.727525770664215 0.742307901382446 0.774892628192902 0.825255632400513 0.837658941745758 0.855181574821472 0.885361969470978 0.88924241065979
0.483531415462494 0.617239534854889 0.752339661121368 0.780687153339386 0.812729001045227 0.78833395242691 0.702284097671509 0.608272671699524 0.567243993282318 0.492549180984497 0.504143357276917 0.404458165168762 0.408916383981705 0.375759929418564 0.432874113321304 0.417677462100983 0.458128452301025 0.457081943750381 0.439356833696365 0.42796665430069 0.402123928070068 0.403138011693954 0.398075968027115 0.397066116333008 0.410516887903214 0.417677462100983 0.461466461420059 0.480373322963715 0.486690819263458 0.479123771190643 0.48965385556221 0.511785745620728 0.574667274951935 0.585770666599274 0.604057908058167 0.640700280666351 0.684940576553345 0.666229605674744 0.676462113857269 0.745722591876984 0.794127523899078 0.82095855474472 0.82095855474472 0.850418388843536 0.878039956092834 0.887449502944946
0.555158972740173 0.655774712562561 0.77923995256424 0.800903022289276 0.800903022289276 0.807541012763977 0.742632567882538 0.62335616350174 0.54434734582901 0.502301216125488 0.493603050708771 0.451260596513748 0.424286216497421 0.373110473155975 0.424872934818268 0.39328944683075 0.432294279336929 0.474190831184387 0.447876989841461 0.433329313993454 0.404409170150757 0.390275359153748 0.376323401927948 0.377313494682312 0.402569741010666 0.417869657278061 0.449047565460205 0.467887669801712 0.474190831184387 0.482607483863831 0.520535588264465 0.501444697380066 0.575823664665222 0.575697541236877 0.618393838405609 0.661112010478973 0.673168122768402 0.7321497797966 0.750637590885162 0.742511391639709 0.787986397743225 0.812759816646576 0.831252813339233 0.852020263671875 0.886441648006439 0.893959641456604
0.654505789279938 0.781408190727234 0.814009070396423 0.797520041465759 0.739826858043671 0.780973553657532 0.732844173908234 0.636191606521606 0.513892471790314 0.454726308584213 0.464414864778519 0.491761267185211 0.35636168718338 0.306403934955597 0.415819823741913 0.399531364440918 0.409812897443771 0.502680659294128 0.484773963689804 0.406632512807846 0.388458281755447 0.382465809583664 0.377499163150787 0.377499163150787 0.398644059896469 0.405740082263947 0.435587674379349 0.45746636390686 0.455374240875244 0.473200142383575 0.559319972991943 0.570718228816986 0.554125189781189 0.635207951068878 0.644928216934204 0.663994193077087 0.701408326625824 0.742807388305664 0.791612207889557 0.812353551387787 0.820530414581299 0.817956566810608 0.841175317764282 0.868326961994171 0.881248116493225 0.893437027931213
0.708933174610138 0.807541012763977 0.819061815738678 0.814646542072296 0.706489741802216 0.731022417545319 0.676104247570038 0.544543325901031 0.526717007160187 0.44351527094841 0.442669808864594 0.430225968360901 0.438513070344925 0.402569741010666 0.385457694530487 0.413898140192032 0.448064655065536 0.447022169828415 0.401680171489716 0.388580948114395 0.386579364538193 0.377620488405228 0.403766870498657 0.378611922264099 0.391648143529892 0.407833486795425 0.403766870498657 0.442849338054657 0.452231287956238 0.485743135213852 0.580800712108612 0.579914808273315 0.600308239459991 0.67220538854599 0.674187898635864 0.708354830741882 0.728037238121033 0.761654436588287 0.809764325618744 0.801182091236115 0.820566117763519 0.85744720697403 0.857417523860931 0.868808329105377 0.88168865442276 0.891931176185608
0.709802448749542 0.791323125362396 0.803578615188599 0.744880735874176 0.689731657505035 0.630309164524078 0.636184394359589 0.522639751434326 0.560306906700134 0.422813683748245 0.417869657278061 0.441757172346115 0.412875711917877 0.43248051404953 0.440777450799942 0.379604399204254 0.46584141254425 0.410891771316528 0.418046683073044 0.389640837907791 0.411905199289322 0.385637491941452 0.394658505916595 0.401730984449387 0.391640692949295 0.395666241645813 0.425169318914413 0.431363493204117 0.439655601978302 0.509623944759369 0.637148976325989 0.633566081523895 0.670838892459869 0.680326104164124 0.718406617641449 0.7464799284935 0.784272491931915 0.816042065620422 0.789512693881989 0.819939911365509 0.850611329078674 0.850078761577606 0.877300918102264 0.875447452068329 0.891893208026886 0.89890331029892
0.600308239459991 0.702802360057831 0.721129834651947 0.676960229873657 0.632271945476532 0.593287289142609 0.552040815353394 0.605428516864777 0.495249480009079 0.433329313993454 0.403584182262421 0.409812897443771 0.431445956230164 0.418054282665253 0.435580015182495 0.398694723844528 0.468914240598679 0.395666241645813 0.409790247678757 0.405717492103577 0.415922492742538 0.409790247678757 0.392572999000549 0.394585639238358 0.419884324073792 0.423997819423676 0.434326589107513 0.439513027667999 0.451801240444183 0.548477172851562 0.676650643348694 0.681245863437653 0.697494804859161 0.724341809749603 0.781408190727234 0.802509665489197 0.8112673163414 0.804374933242798 0.831341683864594 0.844581484794617 0.840143263339996 0.835565328598022 0.893126904964447 0.888203680515289 0.890256285667419 0.899757146835327
