output/projections/08_LGM/Cassia ferruginea.asc
NCOLS 168 
NROWS 144 
XLLCORNER -41.0000000002598 
YLLCORNER -7.99999999976785 
CELLSIZE 0.0416666666664048 
NODATA_value -3.4e+38 
[rows 60 to 79 of 144, columns 46 to 91 of 168]
0.863511323928833 0.874079823493958 0.8901087641716 0.934783399105072 0.916361451148987 0.88220340013504 0.868413746356964 0.834369957447052 0.787986397743225 0.799120664596558 0.841244280338287 0.832614481449127 0.836039841175079 0.797552704811096 0.779091656208038 0.759404897689819 0.718491971492767 0.688612222671509 0.728096067905426 0.687707424163818 0.71453720331192 0.826581656932831 0.806541919708252 0.738949477672577 0.74859094619751 0.762603163719177 0.716818153858185 0.744993627071381 0.752920627593994 0.790721714496613 0.802335917949677 0.750104248523712 0.773796439170837 0.781811237335205 0.75431501865387 0.74561882019043 0.748010456562042 0.74880439043045 0.74880439043045 0.761770904064178 0.758696734905243 0.756373465061188 0.746929585933685 0.756373465061188 0.757924020290375 0.762535214424133
0.876533508300781 0.881142556667328 0.872587978839874 0.877717971801758 0.874514758586884 0.850611329078674 0.840712904930115 0.780223190784454 0.824260771274567 0.833234965801239 0.829690039157867 0.839580416679382 0.84459376335144 0.784309446811676 0.786441564559937 0.751079499721527 0.726423442363739 0.680768132209778 0.710217773914337 0.674320161342621 0.71135950088501 0.840045511722565 0.774473488330841 0.749737501144409 0.742995619773865 0.73813533782959 0.682286024093628 0.745403587818146 0.765642881393433 0.781155347824097 0.787211716175079 0.726491868495941 0.721436440944672 0.793498873710632 0.770830810070038 0.704492211341858 0.745332300662994 0.723430156707764 0.736429274082184 0.740500748157501 0.75403505563736 0.731489658355713 0.733142673969269 0.738877058029175 0.740500748157501 0.748977899551392
0.840476036071777 0.866757571697235 0.892961084842682 0.854809165000916 0.839576184749603 0.806500434875488 0.80451887845993 0.823644638061523 0.841272532939911 0.840147435665131 0.783816754817963 0.787367641925812 0.787281155586243 0.766699552536011 0.751278340816498 0.727525770664215 0.673393487930298 0.684422135353088 0.713949680328369 0.68471097946167 0.779999077320099 0.771749794483185 0.75003969669342 0.702496588230133 0.720663905143738 0.684577524662018 0.700731217861176 0.736502110958099 0.739762008190155 0.796220779418945 0.752135396003723 0.68540632724762 0.72192507982254 0.759911954402924 0.794877231121063 0.76329779624939 0.703613698482513 0.665406405925751 0.694425880908966 0.721436440944672 0.723127961158752 0.723127961158752 0.736901164054871 0.726137340068817 0.724457204341888 0.717673242092133
0.803801894187927 0.808414697647095 0.829642534255981 0.806495606899261 0.791607022285461 0.820561528205872 0.791607022285461 0.853759467601776 0.799835443496704 0.821186065673828 0.787367641925812 0.73534369468689 0.774294435977936 0.730235576629639 0.709624946117401 0.691047489643097 0.69553017616272 0.691047489643097 0.699089884757996 0.76909476518631 0.771006226539612 0.728096067905426 0.731422007083893 0.742051959037781 0.736049473285675 0.690915584564209 0.719343960285187 0.75523430109024 0.754454076290131 0.764885485172272 0.691354751586914 0.666008710861206 0.70116251707077 0.733216106891632 0.762603163719177 0.777530074119568 0.76030558347702 0.769404411315918 0.795229017734528 0.72192507982254 0.679007828235626 0.70116251707077 0.707309722900391 0.707309722900391 0.697616755962372 0.694047272205353
0.847253799438477 0.819271385669708 0.788811206817627 0.795699954032898 0.809717357158661 0.827245652675629 0.814269363880157 0.792306840419769 0.764664530754089 0.764664530754089 0.762287199497223 0.722695469856262 0.729404211044312 0.706358194351196 0.72773665189743 0.719302892684937 0.697537481784821 0.745872378349304 0.737645149230957 0.705261826515198 0.754416406154633 0.742307901382446 0.711084723472595 0.711950182914734 0.713676393032074 0.718491971492767 0.728611469268799 0.71161961555481 0.734862387180328 0.674929738044739 0.637870073318481 0.628075301647186 0.714684009552002 0.694505512714386 0.736867785453796 0.719343960285187 0.722736239433289 0.781980633735657 0.843311190605164 0.83922815322876 0.7778559923172 0.70116251707077 0.682286024093628 0.684111177921295 0.66842120885849 0.658062934875488
0.887776613235474 0.848232209682465 0.783800899982452 0.838888108730316 0.827245652675629 0.797797679901123 0.788816392421722 0.778815567493439 0.763904988765717 0.754658341407776 0.749944388866425 0.770680129528046 0.766933143138885 0.695922672748566 0.731220662593842 0.73534369468689 0.757767498493195 0.771333396434784 0.712224423885345 0.676462113857269 0.729194164276123 0.711950182914734 0.665573537349701 0.688612222671509 0.66086483001709 0.703770220279694 0.69001442193985 0.618174195289612 0.629059672355652 0.678170084953308 0.607168734073639 0.609178185462952 0.670764446258545 0.699356377124786 0.70552521944046 0.696690201759338 0.697030603885651 0.780721783638 0.837766349315643 0.816419839859009 0.783187806606293 0.747356653213501 0.712097764015198 0.672623991966248 0.643693029880524 0.635919988155365
0.851317763328552 0.803044617176056 0.824004590511322 0.865780711174011 0.837745130062103 0.805176198482513 0.781701803207397 0.746814250946045 0.799154579639435 0.760893881320953 0.771467208862305 0.783142685890198 0.703892529010773 0.700473606586456 0.744368970394135 0.803849995136261 0.792266964912415 0.75048965215683 0.718235552310944 0.677091836929321 0.687147736549377 0.706734478473663 0.653264582157135 0.632508337497711 0.61469703912735 0.638368666172028 0.61469703912735 0.629563331604004 0.693114578723907 0.681839883327484 0.578683197498322 0.602646350860596 0.658024191856384 0.675816357135773 0.673039019107819 0.699695110321045 0.686240613460541 0.800262153148651 0.7925705909729 0.785553395748138 0.731933414936066 0.70552521944046 0.723580300807953 0.668899536132812 0.637394726276398 0.629563331604004
0.837858915328979 0.852735996246338 0.861007571220398 0.864666044712067 0.818560361862183 0.825347065925598 0.74675065279007 0.855677962303162 0.868564784526825 0.775891304016113 0.795749545097351 0.738759338855743 0.725531756877899 0.7499840259552 0.83659565448761 0.813635587692261 0.763811826705933 0.737645149230957 0.709624946117401 0.717381536960602 0.681683719158173 0.652308940887451 0.645585358142853 0.613697946071625 0.602646350860596 0.626063048839569 0.668383061885834 0.670249462127686 0.703770220279694 0.638368666172028 0.597068071365356 0.589947760105133 0.60969203710556 0.627594590187073 0.654218971729279 0.664634346961975 0.693457245826721 0.767262935638428 0.763235569000244 0.743662774562836 0.688612222671509 0.720519006252289 0.701126396656036 0.688612222671509 0.617688477039337 0.603655576705933
0.855677962303162 0.859793663024902 0.84013706445694 0.817008912563324 0.811912059783936 0.821998000144958 0.747277021408081 0.87711226940155 0.857608795166016 0.803801894187927 0.74118709564209 0.756199061870575 0.807670950889587 0.815495371818542 0.818691551685333 0.775120437145233 0.750637590885162 0.719302892684937 0.720153391361237 0.705261826515198 0.713087797164917 0.657437741756439 0.634903311729431 0.609137177467346 0.648474097251892 0.676169335842133 0.703226864337921 0.723902523517609 0.636419653892517 0.60313892364502 0.595037758350372 0.587906301021576 0.600625336170197 0.675816357135773 0.640747129917145 0.721367239952087 0.697580397129059 0.685893535614014 0.715396463871002 0.676739454269409 0.68805342912674 0.717110216617584 0.720519006252289 0.698808431625366 0.624086856842041 0.586385548114777
0.84769070148468 0.814262330532074 0.800720751285553 0.771700322628021 0.75748747587204 0.787629544734955 0.805388450622559 0.854317307472229 0.834159076213837 0.743547976016998 0.772789895534515 0.841603398323059 0.824822127819061 0.796433925628662 0.785283148288727 0.775120437145233 0.763811826705933 0.731893539428711 0.697313010692596 0.662169694900513 0.654583394527435 0.690146565437317 0.664053499698639 0.649801433086395 0.680768132209778 0.691661775112152 0.722213923931122 0.632508337497711 0.593004107475281 0.591986119747162 0.575596272945404 0.582289218902588 0.646549463272095 0.667805433273315 0.74311363697052 0.757332146167755 0.704983711242676 0.70234614610672 0.689860463142395 0.682597935199738 0.67246550321579 0.714809954166412 0.735803186893463 0.646549463272095 0.657074749469757 0.496516674757004
0.830632090568542 0.812341749668121 0.798694729804993 0.789036631584167 0.779237151145935 0.760572195053101 0.773380041122437 0.817008912563324 0.81464409828186 0.817638456821442 0.861175000667572 0.824128210544586 0.82655930519104 0.812348783016205 0.770680129528046 0.736163437366486 0.728727459907532 0.715885162353516 0.684940576553345 0.730391204357147 0.738460302352905 0.71135950088501 0.631360232830048 0.690146565437317 0.70350593328476 0.741500556468964 0.647512376308441 0.572503447532654 0.580236792564392 0.581263363361359 0.546021282672882 0.603483378887177 0.809731781482697 0.776497304439545 0.785732567310333 0.744720041751862 0.686240613460541 0.725850999355316 0.725011169910431 0.735803186893463 0.684422135353088 0.674320161342621 0.661225855350494 0.638202488422394 0.649801433086395 0.632341027259827
0.820308148860931 0.794367969036102 0.818057954311371 0.819309711456299 0.817638456821442 0.788521826267242 0.729529321193695 0.783558309078217 0.789036631584167 0.819516897201538 0.851317763328552 0.837054967880249 0.807760834693909 0.795063376426697 0.785993218421936 0.749152898788452 0.731322109699249 0.756992757320404 0.758540570735931 0.753781080245972 0.716741919517517 0.676462113857269 0.692173659801483 0.701083779335022 0.7392737865448 0.679851174354553 0.570967316627502 0.548110783100128 0.529253304004669 0.599440693855286 0.658926606178284 0.760081708431244 0.805143058300018 0.78157764673233 0.755975365638733 0.725850999355316 0.683800041675568 0.75048965215683 0.721002340316772 0.76834511756897 0.720153391361237 0.691047489643097 0.622485220432281 0.639483869075775 0.651064217090607 0.498718589544296
0.84877622127533 0.851462304592133 0.823637902736664 0.754167199134827 0.805388450622559 0.800720751285553 0.741017580032349 0.760572195053101 0.779237151145935 0.844245493412018 0.810277163982391 0.792251527309418 0.776623547077179 0.773684144020081 0.751567661762238 0.761660099029541 0.739525496959686 0.763904988765717 0.73534369468689 0.725380659103394 0.695755422115326 0.697537481784821 0.707231998443604 0.720153391361237 0.701744019985199 0.55228453874588 0.525049448013306 0.513943314552307 0.63093775510788 0.756260991096497 0.780986845493317 0.795754611492157 0.778773784637451 0.760755777359009 0.749055862426758 0.711577892303467 0.712604284286499 0.750637590885162 0.756216287612915 0.756121098995209 0.704606115818024 0.695755422115326 0.636562645435333 0.64432966709137 0.57761287689209 0.354689508676529
0.869175314903259 0.836481273174286 0.761339128017426 0.730192542076111 0.771898686885834 0.746641218662262 0.725349545478821 0.779961585998535 0.790623366832733 0.825224161148071 0.764647722244263 0.766970932483673 0.767723619937897 0.751567661762238 0.747610628604889 0.719566583633423 0.71357250213623 0.7279953956604 0.732874751091003 0.691443204879761 0.723697662353516 0.698426306247711 0.669271886348724 0.701966643333435 0.574523866176605 0.510311961174011 0.492865920066833 0.62718677520752 0.749198436737061 0.765465974807739 0.777359545230865 0.772950530052185 0.746768355369568 0.73871248960495 0.7279953956604 0.688848733901978 0.749192595481873 0.811658620834351 0.830156028270721 0.785993218421936 0.73871248960495 0.686757445335388 0.63265198469162 0.554190874099731 0.469243407249451 0.422863334417343
0.820928812026978 0.79665333032608 0.776322245597839 0.735313355922699 0.71772563457489 0.718579053878784 0.788521826267242 0.787960350513458 0.74675065279007 0.766161859035492 0.718764007091522 0.681626081466675 0.772204220294952 0.742761075496674 0.690542936325073 0.615095257759094 0.61609297990799 0.648427724838257 0.655126214027405 0.605818927288055 0.656078219413757 0.64914608001709 0.611525893211365 0.568723857402802 0.518155217170715 0.514345824718475 0.596153140068054 0.723849356174469 0.756255269050598 0.757812023162842 0.759356319904327 0.753138840198517 0.744415104389191 0.714433491230011 0.699588239192963 0.703171372413635 0.742801427841187 0.800455927848816 0.809717357158661 0.749152898788452 0.676867783069611 0.679628074169159 0.57388699054718 0.472864717245102 0.458579003810883 0.457864344120026
0.790204882621765 0.790436863899231 0.751237511634827 0.753593862056732 0.782124757766724 0.766812920570374 0.740318894386292 0.744351148605347 0.737938761711121 0.693349123001099 0.690653264522552 0.672239780426025 0.693239390850067 0.65987354516983 0.673921465873718 0.701083779335022 0.652021467685699 0.657738983631134 0.639483869075775 0.628723740577698 0.581088185310364 0.570790946483612 0.561470568180084 0.510783016681671 0.490107357501984 0.625333905220032 0.726364374160767 0.735485315322876 0.751561880111694 0.754697501659393 0.748399496078491 0.779483258724213 0.775891304016113 0.728877425193787 0.718764007091522 0.723849356174469 0.757806301116943 0.770663619041443 0.792994737625122 0.694244861602783 0.708374202251434 0.595706701278687 0.519943952560425 0.491495370864868 0.457864344120026 0.471960097551346
0.803176999092102 0.781932771205902 0.771700322628021 0.814899146556854 0.831655204296112 0.782269954681396 0.766161859035492 0.744409143924713 0.726370573043823 0.716200113296509 0.771461725234985 0.704877972602844 0.769223988056183 0.778083026409149 0.76470822095871 0.770723044872284 0.73871248960495 0.732874751091003 0.672994256019592 0.606825351715088 0.63093775510788 0.644573450088501 0.57730370759964 0.508024632930756 0.50519734621048 0.699632704257965 0.729703664779663 0.733017206192017 0.742801427841187 0.740377485752106 0.752291440963745 0.783085584640503 0.760120272636414 0.723849356174469 0.737938761711121 0.746010303497314 0.749192595481873 0.726370573043823 0.744415104389191 0.687833428382874 0.58474725484848 0.536753296852112 0.487280994653702 0.523365676403046 0.429771572351456 0.474190831184387
0.799147129058838 0.815534293651581 0.805829524993896 0.849316656589508 0.835167348384857 0.805698454380035 0.722999513149261 0.738753318786621 0.723843097686768 0.753859519958496 0.776570677757263 0.746010303497314 0.763181924819946 0.746814250946045 0.718715012073517 0.707502424716949 0.684200763702393 0.65987354516983 0.618085503578186 0.674095034599304 0.596721708774567 0.572151064872742 0.526972472667694 0.497484594583511 0.493603050708771 0.709225118160248 0.74675065279007 0.745152652263641 0.735485315322876 0.744409143924713 0.743606150150299 0.746808350086212 0.735485315322876 0.740377485752106 0.752348303794861 0.730540633201599 0.719615519046783 0.722957193851471 0.670379102230072 0.61609297990799 0.523100316524506 0.478858292102814 0.548722922801971 0.48860028386116 0.432100385427475 0.528923988342285
0.728305220603943 0.767715394496918 0.809106826782227 0.843840837478638 0.816546499729156 0.702284097671509 0.712690830230713 0.778657913208008 0.759294867515564 0.764647722244263 0.737938761711121 0.744409143924713 0.737944781780243 0.741193115711212 0.714433491230011 0.710113108158112 0.710113108158112 0.662883281707764 0.722111940383911 0.617089748382568 0.586535394191742 0.607079148292542 0.565947353839874 0.52204841375351 0.494656980037689 0.677026867866516 0.750716686248779 0.745952486991882 0.751504898071289 0.756199061870575 0.751504898071289 0.737122595310211 0.749192595481873 0.727207839488983 0.730540633201599 0.70755261182785 0.710163056850433 0.697813034057617 0.650527358055115 0.565172791481018 0.546438157558441 0.502301216125488 0.512839198112488 0.460222542285919 0.460418820381165 0.512164950370789
0.777588367462158 0.774657964706421 0.766458928585052 0.808671474456787 0.72630375623703 0.653562247753143 0.787817895412445 0.780830264091492 0.775737583637238 0.798334777355194 0.749135315418243 0.739507496356964 0.803710579872131 0.769223988056183 0.7608882188797 0.720465481281281 0.651602506637573 0.757031619548798 0.73871248960495 0.585770666599274 0.606072962284088 0.630139589309692 0.633082747459412 0.52204841375351 0.539310097694397 0.74981826543808 0.762258887290955 0.74675065279007 0.753859519958496 0.753859519958496 0.745952486991882 0.754641056060791 0.772150576114655 0.728043437004089 0.714482963085175 0.684312283992767 0.673281669616699 0.653397440910339 0.625212967395782 0.555825293064117 0.518104434013367 0.557060956954956 0.52461439371109 0.493012577295303 0.521587789058685 0.535305917263031
