output/projections/08_LGM/Cassia ferruginea.asc
NCOLS 168 
NROWS 144 
XLLCORNER -41.0000000002598 
YLLCORNER -7.99999999976785 
CELLSIZE 0.0416666666664048 
NODATA_value -3.4e+38 
[rows 40 to 59 of 144, columns 0 to 45 of 168]
0.958996772766113 0.955190777778625 0.893483519554138 0.860824227333069 0.888854801654816 0.896531045436859 0.852443099021912 0.795853734016418 0.780786037445068 0.796904027462006 0.871274173259735 0.948692321777344 0.950089395046234 0.944974720478058 0.861669540405273 0.766331374645233 0.689934134483337 0.708181858062744 0.692713439464569 0.702009201049805 0.740434587001801 0.790483415126801 0.71453720331192 0.609520792961121 0.611843645572662 0.601784348487854 0.548263788223267 0.580838680267334 0.767416775226593 0.886765778064728 0.827043294906616 0.835324585437775 0.933282315731049 0.906985402107239 0.908748686313629 0.940566778182983 0.911084055900574 0.857127487659454 0.831507205963135 0.804307162761688 0.822224378585815 0.781155347824097 0.761073112487793 0.827703475952148 0.850444257259369 0.866696834564209
0.955891907215118 0.958748877048492 0.944511115550995 0.88173234462738 0.859025537967682 0.849127173423767 0.873708248138428 0.857482612133026 0.802678048610687 0.813431441783905 0.799878001213074 0.926043331623077 0.898848831653595 0.869397401809692 0.805657982826233 0.747389197349548 0.728645503520966 0.655211091041565 0.707274079322815 0.645953953266144 0.718715012073517 0.869748771190643 0.656789183616638 0.583464562892914 0.64378809928894 0.625027775764465 0.572411477565765 0.579811811447144 0.633258998394012 0.689731657505035 0.704858481884003 0.75748747587204 0.822409689426422 0.89808988571167 0.883940041065216 0.929348647594452 0.932496190071106 0.855702936649323 0.868718206882477 0.803642690181732 0.78788834810257 0.718963205814362 0.799619972705841 0.806948065757751 0.833856880664825 0.873287558555603
0.954751431941986 0.957101881504059 0.95664781332016 0.891674995422363 0.856228291988373 0.842530250549316 0.883523523807526 0.872838497161865 0.865660130977631 0.868052959442139 0.862863600254059 0.85392439365387 0.855495154857635 0.796248733997345 0.740967988967896 0.752537667751312 0.76748913526535 0.620670974254608 0.634299278259277 0.639483869075775 0.65987354516983 0.691274583339691 0.601784348487854 0.593104183673859 0.868213474750519 0.729709804058075 0.684312283992767 0.655421316623688 0.650644719600677 0.661166310310364 0.722154319286346 0.711889266967773 0.762258887290955 0.887609720230103 0.919649124145508 0.883766531944275 0.849982023239136 0.815946877002716 0.788157522678375 0.797845602035522 0.791656017303467 0.717638373374939 0.801895081996918 0.833457708358765 0.851353287696838 0.857994139194489
0.953233778476715 0.95648455619812 0.955525994300842 0.899236142635345 0.873534679412842 0.861360013484955 0.924445688724518 0.915046095848083 0.901104807853699 0.884971499443054 0.874054729938507 0.861200451850891 0.845857560634613 0.817588210105896 0.686838269233704 0.752888560295105 0.70552521944046 0.620122015476227 0.5786412358284 0.612844467163086 0.679628074169159 0.694135248661041 0.593930780887604 0.554784119129181 0.670539855957031 0.806882321834564 0.73466420173645 0.714476644992828 0.793401539325714 0.761599063873291 0.733847618103027 0.676057994365692 0.692451953887939 0.744415104389191 0.805841624736786 0.797082483768463 0.803610563278198 0.840611219406128 0.785553395748138 0.806750595569611 0.734407901763916 0.719343960285187 0.697580397129059 0.746066570281982 0.849745452404022 0.834440171718597
0.952456951141357 0.956320703029633 0.957166373729706 0.918287694454193 0.88173234462738 0.887684762477875 0.91688597202301 0.903048634529114 0.886482894420624 0.872576534748077 0.86814296245575 0.866787612438202 0.836536765098572 0.826497554779053 0.654257953166962 0.694010674953461 0.72558468580246 0.643055856227875 0.612527072429657 0.619080305099487 0.676867783069611 0.683289051055908 0.636015951633453 0.614283740520477 0.642939150333405 0.624345541000366 0.647819459438324 0.695183932781219 0.758523464202881 0.783085584640503 0.755482971668243 0.755482971668243 0.785277903079987 0.854213058948517 0.857406079769135 0.789517879486084 0.888448238372803 0.913769423961639 0.810827255249023 0.736362397670746 0.746066570281982 0.755532085895538 0.702890455722809 0.736362397670746 0.784129440784454 0.842052280902863
0.951377809047699 0.954410672187805 0.957423388957977 0.952385723590851 0.901244819164276 0.891051530838013 0.892341792583466 0.895029902458191 0.87543249130249 0.867602229118347 0.866968989372253 0.850979745388031 0.853307664394379 0.824676215648651 0.671694934368134 0.659919202327728 0.720788300037384 0.677384197711945 0.657978415489197 0.639729142189026 0.721265077590942 0.676867783069611 0.687038421630859 0.645719587802887 0.637110829353333 0.716200113296509 0.673335015773773 0.680703580379486 0.750716686248779 0.804374933242798 0.768474638462067 0.764702558517456 0.737063467502594 0.814135670661926 0.808414697647095 0.799154579639435 0.803854882717133 0.791486978530884 0.781442701816559 0.720519006252289 0.739880919456482 0.806916356086731 0.730592966079712 0.733336985111237 0.791180849075317 0.787676513195038
0.950201094150543 0.95354813337326 0.955525994300842 0.957166373729706 0.923296868801117 0.895103752613068 0.892417311668396 0.877643823623657 0.869931876659393 0.879834294319153 0.866992235183716 0.88072943687439 0.880067408084869 0.810210943222046 0.661387085914612 0.646549463272095 0.722695469856262 0.759987533092499 0.679628074169159 0.750779628753662 0.745216488838196 0.658156216144562 0.664880216121674 0.685222446918488 0.655476093292236 0.75531393289566 0.715335965156555 0.710093855857849 0.78498500585556 0.827282607555389 0.788663923740387 0.768420398235321 0.811570107936859 0.795063376426697 0.752354085445404 0.80780816078186 0.795028924942017 0.708104252815247 0.70350593328476 0.665291368961334 0.724539935588837 0.823538899421692 0.749499619007111 0.703226864337921 0.806258618831635 0.776907026767731
0.943568646907806 0.948653995990753 0.953128576278687 0.956712961196899 0.936953365802765 0.894660115242004 0.880827844142914 0.87630033493042 0.903468370437622 0.888508081436157 0.864047825336456 0.88171660900116 0.880150318145752 0.747796595096588 0.709886014461517 0.664634346961975 0.642087519168854 0.650105714797974 0.658156216144562 0.731322109699249 0.753921866416931 0.704877972602844 0.66016674041748 0.687090575695038 0.649740934371948 0.73542594909668 0.666803419589996 0.669412195682526 0.765452086925507 0.881144225597382 0.81014609336853 0.834003210067749 0.82655930519104 0.772950530052185 0.727159678936005 0.743612110614777 0.786660850048065 0.672994256019592 0.743316650390625 0.711577892303467 0.708974957466125 0.791486978530884 0.783595323562622 0.713087797164917 0.770449161529541 0.798910856246948
0.942470669746399 0.949452042579651 0.95235002040863 0.955958127975464 0.936206459999084 0.893469154834747 0.875360190868378 0.909927070140839 0.92391049861908 0.882777988910675 0.889706015586853 0.881470441818237 0.819121897220612 0.725263774394989 0.796015083789825 0.711084723472595 0.677091836929321 0.651064217090607 0.632899165153503 0.679793298244476 0.881144225597382 0.772204220294952 0.696083247661591 0.679786503314972 0.669607758522034 0.720281183719635 0.744078695774078 0.675910711288452 0.755938053131104 0.875742375850677 0.866759479045868 0.850392639636993 0.859146416187286 0.801128566265106 0.77071750164032 0.735485315322876 0.801182091236115 0.691443204879761 0.777317583560944 0.748359739780426 0.743467390537262 0.798442959785461 0.810301184654236 0.699089884757996 0.745722591876984 0.812879979610443
0.94204306602478 0.945866942405701 0.950608611106873 0.954649448394775 0.930113732814789 0.910222053527832 0.905517101287842 0.945178687572479 0.931799352169037 0.891847014427185 0.880481541156769 0.84795093536377 0.829131126403809 0.726103067398071 0.737996220588684 0.794127523899078 0.729194164276123 0.68037360906601 0.636808753013611 0.647764086723328 0.717904627323151 0.695183932781219 0.68253356218338 0.735313355922699 0.765148520469666 0.738200485706329 0.718406617641449 0.804243266582489 0.722990274429321 0.835903763771057 0.86030113697052 0.860807120800018 0.89336496591568 0.831222116947174 0.792944669723511 0.711030125617981 0.802468657493591 0.710980296134949 0.728877425193787 0.795063376426697 0.795754611492157 0.815509498119354 0.744120299816132 0.693071305751801 0.787367641925812 0.8011434674263
0.943148672580719 0.946107864379883 0.950719177722931 0.953443586826324 0.95126861333847 0.94761049747467 0.950571715831757 0.948653995990753 0.917065441608429 0.901462197303772 0.87380051612854 0.842612206935883 0.884058177471161 0.748455464839935 0.722482204437256 0.759073138237 0.756121098995209 0.727057218551636 0.682375907897949 0.671424031257629 0.709294438362122 0.624402463436127 0.613456845283508 0.738421201705933 0.883768200874329 0.777346134185791 0.725795090198517 0.762870907783508 0.755159318447113 0.765908241271973 0.864305913448334 0.841042697429657 0.863313913345337 0.792849600315094 0.785226464271545 0.737128615379333 0.696031928062439 0.657323241233826 0.689803600311279 0.809717357158661 0.821181535720825 0.772907972335815 0.730391204357147 0.739426016807556 0.731220662593842 0.788816392421722
0.942725837230682 0.940610647201538 0.946546971797943 0.949452042579651 0.952135622501373 0.953233778476715 0.954136312007904 0.951414108276367 0.925373613834381 0.889706015586853 0.857772886753082 0.88979959487915 0.879834532737732 0.735543072223663 0.740691602230072 0.731065332889557 0.752212643623352 0.779541015625 0.749198436737061 0.634181380271912 0.753076314926147 0.685268044471741 0.613456845283508 0.622343719005585 0.673873424530029 0.741665661334991 0.834161341190338 0.741665661334991 0.765908241271973 0.868213474750519 0.876657068729401 0.798197448253632 0.771305859088898 0.777301371097565 0.739566206932068 0.705804646015167 0.753132998943329 0.712753236293793 0.785226464271545 0.790212512016296 0.707502424716949 0.680545389652252 0.723800897598267 0.778088450431824 0.733800232410431 0.782420456409454
0.938149452209473 0.933867156505585 0.941569209098816 0.943694055080414 0.947336733341217 0.948806941509247 0.952634572982788 0.949187338352203 0.912407875061035 0.893137335777283 0.868808329105377 0.897898972034454 0.863834500312805 0.734160661697388 0.782296538352966 0.759987533092499 0.714328169822693 0.710980296134949 0.775157272815704 0.677033722400665 0.671470642089844 0.669607758522034 0.650623440742493 0.68416702747345 0.676400661468506 0.793404161930084 0.713606238365173 0.724341809749603 0.77996438741684 0.867730319499969 0.878469169139862 0.836133182048798 0.829876840114594 0.788663923740387 0.701401770114899 0.772789895534515 0.756975531578064 0.752291440963745 0.814135670661926 0.737128615379333 0.712759673595428 0.711845934391022 0.700473606586456 0.748405396938324 0.746814250946045 0.77071750164032
0.9265296459198 0.908047020435333 0.93425440788269 0.938331604003906 0.942683339118958 0.947218954563141 0.952028036117554 0.94435852766037 0.909021198749542 0.892535746097565 0.854232490062714 0.859404563903809 0.803610563278198 0.740085661411285 0.736163437366486 0.801814317703247 0.744368970394135 0.717056334018707 0.769223988056183 0.69963926076889 0.664927303791046 0.702220320701599 0.628270864486694 0.706953465938568 0.800903022289276 0.690086543560028 0.705788612365723 0.74247270822525 0.775592029094696 0.835903763771057 0.869175314903259 0.869175314903259 0.784272491931915 0.773529410362244 0.679720103740692 0.836133182048798 0.787255048751831 0.809496700763702 0.803710579872131 0.704921901226044 0.780929327011108 0.705804646015167 0.69963926076889 0.753132998943329 0.73384153842926 0.799371778964996
0.888865411281586 0.894960999488831 0.93338006734848 0.936999499797821 0.939279794692993 0.948308408260345 0.950571715831757 0.935768187046051 0.908499896526337 0.892987191677094 0.863430976867676 0.819091796875 0.803610563278198 0.721002340316772 0.740336894989014 0.816806435585022 0.749198436737061 0.752348303794861 0.805128335952759 0.696076631546021 0.666803419589996 0.727026283740997 0.686893820762634 0.682157278060913 0.68761682510376 0.71389228105545 0.737929821014404 0.758264183998108 0.764392971992493 0.830632090568542 0.886765778064728 0.861814439296722 0.768915593624115 0.770211279392242 0.676833629608154 0.774413466453552 0.860807120800018 0.828683018684387 0.77500319480896 0.770561277866364 0.743606150150299 0.662110269069672 0.68161928653717 0.74981826543808 0.73542594909668 0.793216824531555
0.906271517276764 0.88802969455719 0.928513586521149 0.937737762928009 0.939190089702606 0.94834691286087 0.946824610233307 0.913100481033325 0.903890907764435 0.897465884685516 0.843971610069275 0.809652209281921 0.75048965215683 0.741855800151825 0.717861831188202 0.795749545097351 0.714482963085175 0.716193735599518 0.788057029247284 0.690698385238647 0.693329274654388 0.720281183719635 0.748866200447083 0.680326104164124 0.726633369922638 0.724675893783569 0.731025576591492 0.744883835315704 0.736789107322693 0.827645599842072 0.892153978347778 0.874359428882599 0.835324585437775 0.835903763771057 0.753124415874481 0.765908241271973 0.856716215610504 0.764390051364899 0.727026283740997 0.752968668937683 0.699568569660187 0.688828647136688 0.714414417743683 0.730360448360443 0.760572195053101 0.772442281246185
0.876657068729401 0.87249493598938 0.93338006734848 0.925663948059082 0.940917253494263 0.947805225849152 0.937692940235138 0.903274714946747 0.888597667217255 0.831953883171082 0.829582810401917 0.80106121301651 0.759217619895935 0.777317583560944 0.745970249176025 0.743612110614777 0.750773787498474 0.759294867515564 0.794919371604919 0.757644057273865 0.697793304920197 0.724338591098785 0.752810060977936 0.673873424530029 0.683739304542542 0.694279909133911 0.718409895896912 0.802912294864655 0.810796201229095 0.768168449401855 0.862315773963928 0.904100477695465 0.904465436935425 0.894960999488831 0.839344382286072 0.773382842540741 0.842166841030121 0.755727231502533 0.755727231502533 0.776322245597839 0.699568569660187 0.665798127651215 0.740853905677795 0.735967516899109 0.779043316841125 0.802912294864655
0.853582680225372 0.861814439296722 0.896144151687622 0.928513586521149 0.942385375499725 0.945381999015808 0.922015488147736 0.903205990791321 0.862494826316833 0.845146417617798 0.809001564979553 0.807775378227234 0.800470888614655 0.742761075496674 0.747610628604889 0.7608882188797 0.763943076133728 0.763126790523529 0.763022124767303 0.835167348384857 0.742469608783722 0.748654365539551 0.75728052854538 0.704326152801514 0.689184069633484 0.728531181812286 0.693028271198273 0.696604430675507 0.698383688926697 0.798878371715546 0.875282824039459 0.885489463806152 0.869175314903259 0.845500409603119 0.828845143318176 0.828246176242828 0.853054940700531 0.804243266582489 0.816167771816254 0.758261203765869 0.6994469165802 0.67220538854599 0.841042697429657 0.759597897529602 0.772936940193176 0.844395637512207
0.837057173252106 0.90336686372757 0.870606899261475 0.929900348186493 0.942342698574066 0.942937612533569 0.908308029174805 0.885239243507385 0.85586416721344 0.862523555755615 0.792959988117218 0.82608550786972 0.811064720153809 0.749198436737061 0.750773787498474 0.780929327011108 0.808325052261353 0.759959101676941 0.725349545478821 0.784794807434082 0.782412588596344 0.819685816764832 0.788803458213806 0.722145020961761 0.676094114780426 0.731025576591492 0.689428746700287 0.764392971992493 0.680329620838165 0.675727486610413 0.857232987880707 0.863810658454895 0.883768200874329 0.808848202228546 0.86965399980545 0.890930891036987 0.898475110530853 0.849316656589508 0.785270094871521 0.743059992790222 0.693921089172363 0.67848938703537 0.784275233745575 0.837057173252106 0.840478241443634 0.827645599842072
0.867730319499969 0.887609720230103 0.867245614528656 0.934109449386597 0.942085921764374 0.939279794692993 0.897861182689667 0.872220456600189 0.862523555755615 0.845178127288818 0.811710000038147 0.854809165000916 0.803849995136261 0.762419044971466 0.796973705291748 0.811439692974091 0.799688935279846 0.802909731864929 0.782124757766724 0.701038002967834 0.771901547908783 0.837057173252106 0.750451803207397 0.753596842288971 0.696604430675507 0.670159757137299 0.719262063503265 0.744081735610962 0.73760598897934 0.724341809749603 0.811442196369171 0.838204026222229 0.876657068729401 0.879813134670258 0.90075957775116 0.885061204433441 0.914520859718323 0.878018319606781 0.776325047016144 0.74279260635376 0.752339661121368 0.733282029628754 0.725516378879547 0.833577215671539 0.864305913448334 0.868695139884949
