output/projections/08_LGM/Cassia ferruginea.asc
NCOLS 168 
NROWS 144 
XLLCORNER -41.0000000002598 
YLLCORNER -7.99999999976785 
CELLSIZE 0.0416666666664048 
NODATA_value -3.4e+38 
[rows 100 to 119 of 144, columns 92 to 137 of 168]
0.587766289710999 0.591846525669098 0.578542292118073 0.654127180576324 0.616045117378235 0.678492903709412 0.678492903709412 0.638710081577301 0.550564646720886 0.543251216411591 0.725182890892029 0.645492494106293 0.58674430847168 0.702805697917938 0.591846525669098 0.584698140621185 0.52962189912796 0.551607728004456 0.540110945701599 0.592864632606506 0.592864632606506 0.638710081577301 0.696604430675507 0.708933174610138 0.646456718444824 0.651259899139404 0.622011065483093 0.574424684047699 0.633831262588501 0.624980390071869 0.644527077674866 0.634809255599976 0.651259899139404 0.623991668224335 0.646456718444824 0.699271082878113 0.721809029579163 0.745684206485748 0.77996438741684 0.809499204158783 0.832991480827332 0.854108870029449 0.86965399980545 0.933086276054382 0.934447228908539 0.941482663154602
0.596929013729095 0.592864632606506 0.571329653263092 0.663603365421295 0.60501754283905 0.662661492824554 0.694819331169128 0.626954734325409 0.596929013729095 0.568229019641876 0.575455069541931 0.539063513278961 0.502250671386719 0.571329653263092 0.594898462295532 0.547432780265808 0.512788653373718 0.531722068786621 0.557856261730194 0.565123081207275 0.590827643871307 0.641623795032501 0.689428746700287 0.693028271198273 0.696604430675507 0.657932877540588 0.607030868530273 0.577513933181763 0.60501754283905 0.637736618518829 0.612048208713531 0.637736618518829 0.618037760257721 0.606024622917175 0.706316232681274 0.731853783130646 0.741665661334991 0.762107312679291 0.780687153339386 0.815282344818115 0.84877622127533 0.866271793842316 0.88025826215744 0.929348647594452 0.937415778636932 0.939548194408417
0.585721611976624 0.610044062137604 0.60501754283905 0.596929013729095 0.643560469150543 0.718409895896912 0.748869240283966 0.623001873493195 0.58674430847168 0.54638797044754 0.54638797044754 0.496980339288712 0.496980339288712 0.597943067550659 0.618037760257721 0.49908846616745 0.514895141124725 0.582649052143097 0.530672132968903 0.534870266914368 0.636761963367462 0.689428746700287 0.696604430675507 0.694819331169128 0.661718308925629 0.64259272813797 0.608036160469055 0.571329653263092 0.596929013729095 0.651259899139404 0.610044062137604 0.609040558338165 0.617041945457458 0.62892484664917 0.731853783130646 0.74247270822525 0.747280061244965 0.765908241271973 0.789226710796356 0.810796201229095 0.837631404399872 0.866759479045868 0.878469169139862 0.92088657617569 0.934783399105072 0.936580657958984
0.587766289710999 0.585721611976624 0.636761963367462 0.64259272813797 0.58367395401001 0.765908241271973 0.772643029689789 0.649342238903046 0.556816041469574 0.521211266517639 0.494872331619263 0.489603281021118 0.633831262588501 0.656032562255859 0.612048208713531 0.478021144866943 0.572362005710602 0.509627997875214 0.53277176618576 0.543251216411591 0.621019244194031 0.707190096378326 0.68216073513031 0.631871938705444 0.665483176708221 0.651259899139404 0.610044062137604 0.597943067550659 0.574424684047699 0.625968039035797 0.591846525669098 0.60501754283905 0.670159757137299 0.678492903709412 0.706316232681274 0.719262063503265 0.726860284805298 0.760575115680695 0.792018532752991 0.815282344818115 0.838204026222229 0.860807120800018 0.892962634563446 0.90000319480896 0.907340466976166 0.915504515171051
0.585721611976624 0.577513933181763 0.597943067550659 0.568229019641876 0.630890667438507 0.623001873493195 0.701924324035645 0.59591418504715 0.549521148204803 0.500142514705658 0.48433655500412 0.492764532566071 0.638710081577301 0.54638797044754 0.493818402290344 0.490656942129135 0.591846525669098 0.505412697792053 0.475917488336563 0.49803438782692 0.554734170436859 0.685806155204773 0.65888112783432 0.654127180576324 0.686713933944702 0.620026409626007 0.618037760257721 0.571329653263092 0.585721611976624 0.572362005710602 0.584698140621185 0.656983315944672 0.639682471752167 0.688525259494781 0.708062410354614 0.740046739578247 0.736789107322693 0.768168449401855 0.801574468612671 0.817808747291565 0.83122444152832 0.851994752883911 0.850928246974945 0.863810658454895 0.922710120677948 0.936487197875977
0.589807987213135 0.589807987213135 0.572362005710602 0.564086616039276 0.65888112783432 0.568229019641876 0.582649052143097 0.570296764373779 0.515948235988617 0.485389649868011 0.47276359796524 0.478021144866943 0.517001152038574 0.571329653263092 0.443465322256088 0.569263219833374 0.527520596981049 0.488549709320068 0.468561828136444 0.464364528656006 0.534870266914368 0.654127180576324 0.637736618518829 0.687620282173157 0.680329620838165 0.622011065483093 0.588787496089935 0.541158080101013 0.558896005153656 0.630890667438507 0.625968039035797 0.59591418504715 0.611046612262726 0.641623795032501 0.796838343143463 0.801574468612671 0.755938053131104 0.803578615188599 0.824006915092468 0.827043294906616 0.854633450508118 0.862315773963928 0.860807120800018 0.901510834693909 0.936346828937531 0.940302610397339
0.623001873493195 0.577513933181763 0.565123081207275 0.599968671798706 0.615047335624695 0.564086616039276 0.571329653263092 0.514895141124725 0.493818402290344 0.481178104877472 0.468561828136444 0.462267756462097 0.429982721805573 0.485389649868011 0.517001152038574 0.599968671798706 0.462267756462097 0.47381466627121 0.489603281021118 0.448674321174622 0.527520596981049 0.626954734325409 0.654127180576324 0.686713933944702 0.69392454624176 0.58367395401001 0.609040558338165 0.638710081577301 0.579570055007935 0.601990818977356 0.623001873493195 0.557856261730194 0.656032562255859 0.775592029094696 0.824006915092468 0.822780668735504 0.802912294864655 0.820928812026978 0.8318150639534 0.853054940700531 0.868213474750519 0.88025826215744 0.894165635108948 0.914849936962128 0.932128429412842 0.935356020927429
0.604009509086609 0.59591418504715 0.566158950328827 0.558896005153656 0.548477172851562 0.58367395401001 0.517001152038574 0.510681629180908 0.512788653373718 0.493818402290344 0.46751207113266 0.437231004238129 0.421735733747482 0.481178104877472 0.465413421392441 0.536967515945435 0.487496256828308 0.461219847202301 0.500142514705658 0.439307004213333 0.562011957168579 0.555775344371796 0.648381590843201 0.641623795032501 0.684896945953369 0.580597043037415 0.64259272813797 0.64259272813797 0.610044062137604 0.582649052143097 0.623991668224335 0.663603365421295 0.768918454647064 0.752027630805969 0.804243266582489 0.824617564678192 0.810796201229095 0.826439380645752 0.830038070678711 0.842166841030121 0.854633450508118 0.843284487724304 0.898475110530853 0.914849936962128 0.930991768836975 0.932128429412842
0.601990818977356 0.598956286907196 0.584698140621185 0.560973823070526 0.551607728004456 0.53801566362381 0.514895141124725 0.496980339288712 0.490656942129135 0.461219847202301 0.443465322256088 0.43101641535759 0.418654084205627 0.465413421392441 0.501196622848511 0.483283579349518 0.523315250873566 0.515948235988617 0.53801566362381 0.4664626121521 0.47381466627121 0.591846525669098 0.629908263683319 0.612048208713531 0.600980162620544 0.606024622917175 0.548477172851562 0.592864632606506 0.519106566905975 0.688525259494781 0.572362005710602 0.695712625980377 0.782127499580383 0.785698473453522 0.851462304592133 0.853582680225372 0.820928812026978 0.819685816764832 0.830632090568542 0.842166841030121 0.850392639636993 0.838775038719177 0.892962634563446 0.923309326171875 0.917121052742004 0.914520859718323
0.609040558338165 0.597943067550659 0.59591418504715 0.560973823070526 0.558896005153656 0.515948235988617 0.515948235988617 0.49908846616745 0.474865972995758 0.45389461517334 0.437231004238129 0.420707821846008 0.458078235387802 0.447631597518921 0.403345346450806 0.450761169195175 0.44971752166748 0.556816041469574 0.545342803001404 0.461219847202301 0.482230752706528 0.588787496089935 0.610044062137604 0.590827643871307 0.573393642902374 0.574424684047699 0.483283579349518 0.636761963367462 0.572362005710602 0.652216911315918 0.613048911094666 0.744081735610962 0.798878371715546 0.839344382286072 0.860807120800018 0.835903763771057 0.769666790962219 0.822780668735504 0.873430132865906 0.878018319606781 0.873430132865906 0.844948828220367 0.920578837394714 0.919649124145508 0.882462561130524 0.935403525829315
0.587766289710999 0.608036160469055 0.591846525669098 0.557856261730194 0.58674430847168 0.53277176618576 0.496980339288712 0.479073286056519 0.483283579349518 0.452849715948105 0.424823492765427 0.414555102586746 0.434121131896973 0.440345823764801 0.38722163438797 0.47276359796524 0.495926320552826 0.566158950328827 0.563049554824829 0.468561828136444 0.485389649868011 0.590827643871307 0.593881964683533 0.582649052143097 0.52226334810257 0.494872331619263 0.582649052143097 0.678492903709412 0.607030868530273 0.685806155204773 0.733505427837372 0.773382842540741 0.807541012763977 0.846598744392395 0.804243266582489 0.759036183357239 0.868695139884949 0.907694339752197 0.885916292667389 0.869175314903259 0.86030113697052 0.866271793842316 0.91807746887207 0.892153978347778 0.885916292667389 0.940037369728088
0.571329653263092 0.580597043037415 0.594898462295532 0.560973823070526 0.592864632606506 0.519106566905975 0.49803438782692 0.479073286056519 0.47381466627121 0.46751207113266 0.425854057073593 0.425854057073593 0.405376344919205 0.396263271570206 0.401317626237869 0.411488592624664 0.482230752706528 0.52962189912796 0.545342803001404 0.493818402290344 0.510681629180908 0.591846525669098 0.611046612262726 0.568229019641876 0.521211266517639 0.58367395401001 0.668293118476868 0.633831262588501 0.649342238903046 0.671091079711914 0.767416775226593 0.768168449401855 0.78782057762146 0.841605603694916 0.799554944038391 0.815916478633881 0.871081173419952 0.897315502166748 0.886765778064728 0.830632090568542 0.844948828220367 0.910137593746185 0.917441010475159 0.917121052742004 0.930991768836975 0.940960943698883
0.58674430847168 0.576484858989716 0.579570055007935 0.563049554824829 0.610044062137604 0.511735200881958 0.490656942129135 0.481178104877472 0.468561828136444 0.461219847202301 0.443465322256088 0.414555102586746 0.421735733747482 0.383227527141571 0.365455090999603 0.375286906957626 0.426885277032852 0.438268721103668 0.514895141124725 0.520159006118774 0.54638797044754 0.584698140621185 0.581623375415802 0.564086616039276 0.573393642902374 0.629908263683319 0.615047335624695 0.622011065483093 0.670159757137299 0.653172671794891 0.702805697917938 0.736789107322693 0.768168449401855 0.743278026580811 0.76134204864502 0.796838343143463 0.896535873413086 0.912858426570892 0.865782558917999 0.833577215671539 0.904465436935425 0.934879183769226 0.927101612091064 0.928792953491211 0.931804239749908 0.933721363544464
0.585721611976624 0.560973823070526 0.558896005153656 0.573393642902374 0.572362005710602 0.496980339288712 0.496980339288712 0.469611883163452 0.46751207113266 0.444506168365479 0.443465322256088 0.406393080949783 0.512788653373718 0.374298930168152 0.373311996459961 0.375286906957626 0.407410621643066 0.424823492765427 0.470662206411362 0.539063513278961 0.540110945701599 0.577513933181763 0.575455069541931 0.572362005710602 0.587766289710999 0.591846525669098 0.588787496089935 0.623991668224335 0.641623795032501 0.584698140621185 0.639682471752167 0.746482968330383 0.804243266582489 0.730195760726929 0.793404161930084 0.812086462974548 0.912522435188293 0.933135330677032 0.913859367370605 0.912185311317444 0.933964133262634 0.915830075740814 0.912185311317444 0.916477859020233 0.917441010475159 0.918394029140472
0.568229019641876 0.556816041469574 0.571329653263092 0.549521148204803 0.534870266914368 0.492764532566071 0.495926320552826 0.454939931631088 0.454939931631088 0.495926320552826 0.445547521114349 0.454939931631088 0.511735200881958 0.371341317892075 0.358638435602188 0.370357573032379 0.408428937196732 0.451805233955383 0.483283579349518 0.512788653373718 0.49908846616745 0.550564646720886 0.567194283008575 0.576484858989716 0.578542292118073 0.585721611976624 0.604009509086609 0.656032562255859 0.645492494106293 0.599968671798706 0.637736618518829 0.734328806400299 0.810796201229095 0.783560991287231 0.868213474750519 0.879813134670258 0.929624974727631 0.933624029159546 0.933526575565338 0.888865411281586 0.868213474750519 0.884631633758545 0.930448055267334 0.931966543197632 0.932932674884796 0.93764591217041
0.527520596981049 0.59591418504715 0.588787496089935 0.568229019641876 0.503304719924927 0.482230752706528 0.465413421392441 0.439307004213333 0.48433655500412 0.606024622917175 0.47381466627121 0.523315250873566 0.494872331619263 0.371341317892075 0.359608829021454 0.394247651100159 0.403345346450806 0.440345823764801 0.468561828136444 0.45389461517334 0.47171276807785 0.518053948879242 0.565123081207275 0.556816041469574 0.585721611976624 0.566158950328827 0.635786175727844 0.649342238903046 0.643560469150543 0.623991668224335 0.675727486610413 0.744081735610962 0.8318150639534 0.855677962303162 0.873895466327667 0.882024526596069 0.927951872348785 0.933233320713043 0.912522435188293 0.89336496591568 0.925663948059082 0.902998149394989 0.922106564044952 0.932612061500549 0.932290017604828 0.936159193515778
0.541158080101013 0.513841927051544 0.582649052143097 0.565123081207275 0.500142514705658 0.46331599354744 0.44971752166748 0.44138514995575 0.540110945701599 0.543251216411591 0.485389649868011 0.578542292118073 0.476969212293625 0.376275926828384 0.38722163438797 0.359608829021454 0.380242228507996 0.391230940818787 0.421735733747482 0.412510007619858 0.46331599354744 0.517001152038574 0.542204797267914 0.558896005153656 0.588787496089935 0.587766289710999 0.622011065483093 0.626954734325409 0.651259899139404 0.612048208713531 0.681245863437653 0.783560991287231 0.842166841030121 0.87296324968338 0.894960999488831 0.914520859718323 0.919960141181946 0.923607349395752 0.933526575565338 0.931804239749908 0.905912756919861 0.911846995353699 0.89336496591568 0.90188455581665 0.918394029140472 0.915504515171051
0.560973823070526 0.50435870885849 0.485389649868011 0.556816041469574 0.485389649868011 0.47171276807785 0.429982721805573 0.423793584108353 0.48433655500412 0.557856261730194 0.479073286056519 0.598956286907196 0.465413421392441 0.424823492765427 0.394247651100159 0.382231444120407 0.411488592624664 0.414555102586746 0.47276359796524 0.443465322256088 0.451805233955383 0.502250671386719 0.514895141124725 0.554734170436859 0.589807987213135 0.585721611976624 0.589807987213135 0.58674430847168 0.600980162620544 0.606024622917175 0.685806155204773 0.803578615188599 0.85877400636673 0.884200572967529 0.890930891036987 0.916154563426971 0.923309326171875 0.932612061500549 0.919336974620819 0.89808988571167 0.879813134670258 0.885916292667389 0.893765985965729 0.885916292667389 0.894165635108948 0.929071307182312
0.531722068786621 0.507520496845245 0.48433655500412 0.46331599354744 0.478021144866943 0.488549709320068 0.422764331102371 0.442424982786179 0.469611883163452 0.582649052143097 0.459125071763992 0.55369246006012 0.520159006118774 0.476969212293625 0.403345346450806 0.409448057413101 0.447631597518921 0.446589320898056 0.46751207113266 0.468561828136444 0.47171276807785 0.492764532566071 0.468561828136444 0.524366915225983 0.554734170436859 0.518053948879242 0.574424684047699 0.624980390071869 0.631871938705444 0.599968671798706 0.743278026580811 0.830038070678711 0.83122444152832 0.878469169139862 0.907694339752197 0.922408878803253 0.929624974727631 0.933915674686432 0.913859367370605 0.899241745471954 0.905191540718079 0.88158506155014 0.861814439296722 0.870131194591522 0.876657068729401 0.927386045455933
0.526469588279724 0.506466627120972 0.483283579349518 0.462267756462097 0.447631597518921 0.468561828136444 0.493818402290344 0.486442893743515 0.564086616039276 0.577513933181763 0.49803438782692 0.544297218322754 0.510681629180908 0.429982721805573 0.419680625200272 0.460172265768051 0.491710692644119 0.439307004213333 0.458078235387802 0.457031756639481 0.446589320898056 0.474865972995758 0.45389461517334 0.48433655500412 0.512788653373718 0.563049554824829 0.630890667438507 0.64259272813797 0.597943067550659 0.635786175727844 0.796154916286469 0.835903763771057 0.85877400636673 0.897703289985657 0.918394029140472 0.92681610584259 0.930720388889313 0.929071307182312 0.902628183364868 0.902628183364868 0.888865411281586 0.842166841030121 0.851462304592133 0.866759479045868 0.906629085540771 0.933818578720093
