output/projections/08_LGM/Myrcia silvatica.asc
NCOLS 168 
NROWS 144 
XLLCORNER -41.0000000002598 
YLLCORNER -7.99999999976785 
CELLSIZE 0.0416666666664048 
NODATA_value -3.4e+38 
[rows 60 to 79 of 144, columns 46 to 91 of 168]
0.645571649074554 0.653130233287811 0.721214473247528 0.799826204776764 0.738029658794403 0.685002386569977 0.655831933021545 0.589322328567505 0.507157385349274 0.521846771240234 0.607891201972961 0.589292466640472 0.591129839420319 0.519705593585968 0.485744804143906 0.474102795124054 0.417542040348053 0.365167379379272 0.393528312444687 0.376466482877731 0.395427703857422 0.544624269008636 0.520028829574585 0.419981956481934 0.43138512969017 0.448623448610306 0.391827136278152 0.428089529275894 0.437631756067276 0.508858025074005 0.529800415039062 0.448181539773941 0.482583612203598 0.493586987257004 0.454794883728027 0.444214761257172 0.464812070131302 0.465779155492783 0.46134626865387 0.463597595691681 0.464164108037949 0.456838309764862 0.462993979454041 0.474609375 0.481316894292831 0.487141728401184
0.645565211772919 0.654883086681366 0.650768756866455 0.66487717628479 0.654479205608368 0.603160858154297 0.577824831008911 0.473973780870438 0.558959424495697 0.572966456413269 0.567250490188599 0.595743298530579 0.600064992904663 0.492018967866898 0.494933813810349 0.445228695869446 0.408508718013763 0.352534621953964 0.386555284261703 0.330360740423203 0.38667494058609 0.579181432723999 0.466474920511246 0.431823432445526 0.437239050865173 0.414390832185745 0.347925424575806 0.422905057668686 0.452154904603958 0.472443372011185 0.477245688438416 0.399219304323196 0.410500645637512 0.508288681507111 0.469812989234924 0.389314353466034 0.421155124902725 0.405522853136063 0.423800706863403 0.432924687862396 0.449213892221451 0.418115824460983 0.437500834465027 0.44420799612999 0.450854539871216 0.447008013725281
0.558555901050568 0.631053566932678 0.675153315067291 0.605831444263458 0.575414180755615 0.510671615600586 0.507436811923981 0.540115296840668 0.586027145385742 0.58000248670578 0.482021898031235 0.482103586196899 0.477858394384384 0.464299857616425 0.440312296152115 0.404638826847076 0.34546959400177 0.355797797441483 0.372900187969208 0.33941638469696 0.489714622497559 0.439989477396011 0.426627486944199 0.367082208395004 0.36975434422493 0.333160579204559 0.349173426628113 0.403584390878677 0.407642066478729 0.491977840662003 0.423254519701004 0.35984680056572 0.388588190078735 0.454480320215225 0.505776166915894 0.460143208503723 0.383861303329468 0.338313192129135 0.373608440160751 0.406503111124039 0.408689856529236 0.408689856529236 0.427645415067673 0.415324509143829 0.413748890161514 0.40622678399086
0.483428478240967 0.490546494722366 0.528013050556183 0.488157361745834 0.483997344970703 0.531166255474091 0.47922670841217 0.59018337726593 0.508616209030151 0.540277779102325 0.482103586196899 0.404362916946411 0.456009328365326 0.394381463527679 0.385136425495148 0.361869633197784 0.366072058677673 0.357468843460083 0.381959944963455 0.439515739679337 0.451955527067184 0.39689901471138 0.400626748800278 0.395619869232178 0.402143985033035 0.367199450731277 0.383603245019913 0.412032812833786 0.411091446876526 0.43767186999321 0.332615315914154 0.336983263492584 0.358133107423782 0.383441984653473 0.439505577087402 0.459055751562119 0.436950355768204 0.465863883495331 0.505251109600067 0.384968310594559 0.354189336299896 0.363130241632462 0.390164256095886 0.390469372272491 0.380341738462448 0.376684129238129
0.557072103023529 0.506744682788849 0.471223413944244 0.47179102897644 0.492169052362442 0.536528885364532 0.512252807617188 0.471508830785751 0.430746346712112 0.426380753517151 0.436554610729218 0.386361241340637 0.393759459257126 0.364566773176193 0.387360870838165 0.390251904726028 0.367389738559723 0.424057245254517 0.410470902919769 0.383874237537384 0.43035826086998 0.411999821662903 0.369798809289932 0.354495078325272 0.355982065200806 0.373997807502747 0.406009525060654 0.350612848997116 0.41403990983963 0.324506610631943 0.278161734342575 0.284484624862671 0.375323981046677 0.354607492685318 0.386626243591309 0.383906453847885 0.38759058713913 0.471192568540573 0.572328507900238 0.566171705722809 0.462963312864304 0.37501385807991 0.340456783771515 0.358164519071579 0.343120127916336 0.333548575639725
0.64285147190094 0.536362588405609 0.441815316677094 0.537895321846008 0.514596939086914 0.478739887475967 0.462234497070312 0.44401615858078 0.421078741550446 0.409441649913788 0.403814375400543 0.446263045072556 0.441465437412262 0.349288195371628 0.403079003095627 0.407454431056976 0.437839865684509 0.455332607030869 0.374681502580643 0.304536640644073 0.376463055610657 0.354495078325272 0.303405433893204 0.324327260255814 0.299044668674469 0.338685661554337 0.322307080030441 0.272831559181213 0.281396448612213 0.315205127000809 0.251014798879623 0.265946328639984 0.32397472858429 0.338612407445908 0.344732642173767 0.352123618125916 0.35571950674057 0.468413561582565 0.561955988407135 0.52070951461792 0.464455634355545 0.415917366743088 0.37319353222847 0.334127902984619 0.305357694625854 0.313978940248489
0.554277002811432 0.46795865893364 0.50423526763916 0.598459899425507 0.526765286922455 0.484964549541473 0.430067479610443 0.3998803794384 0.475592374801636 0.416470944881439 0.451114654541016 0.444740116596222 0.357280910015106 0.357321679592133 0.421647369861603 0.490038365125656 0.487649321556091 0.421248197555542 0.381078034639359 0.3324034512043 0.326072245836258 0.345136344432831 0.303512096405029 0.28333380818367 0.252386510372162 0.288093447685242 0.252144694328308 0.280712962150574 0.343679696321487 0.330034732818604 0.224613323807716 0.246987640857697 0.296605974435806 0.312242239713669 0.310017675161362 0.342143177986145 0.329142779111862 0.473612815141678 0.480969399213791 0.453837841749191 0.397787302732468 0.369306355714798 0.388513654470444 0.330677539110184 0.288323044776917 0.2819844186306
0.508650064468384 0.556637823581696 0.576286673545837 0.583427131175995 0.508772850036621 0.501606404781342 0.38217893242836 0.603992760181427 0.60719496011734 0.451955646276474 0.461556375026703 0.385443240404129 0.370819866657257 0.402186781167984 0.553653538227081 0.500682234764099 0.424406945705414 0.385132968425751 0.363663405179977 0.355566263198853 0.332476019859314 0.302961677312851 0.278945595026016 0.251653790473938 0.230764865875244 0.249952092766762 0.29782235622406 0.299450695514679 0.350209206342697 0.256534099578857 0.2245824187994 0.220099493861198 0.235861271619797 0.265501886606216 0.289690554141998 0.302584499120712 0.332079619169235 0.420849114656448 0.434086799621582 0.39352485537529 0.328528672456741 0.367871552705765 0.364791035652161 0.336441099643707 0.265374332666397 0.254901498556137
0.561553180217743 0.569194376468658 0.512215137481689 0.487925410270691 0.480159252882004 0.50015389919281 0.407066076993942 0.719884872436523 0.577950894832611 0.472643941640854 0.388014882802963 0.40917780995369 0.486518085002899 0.511458516120911 0.512385427951813 0.438192278146744 0.404050648212433 0.36096915602684 0.361866265535355 0.342907935380936 0.350833356380463 0.277641654014587 0.256812572479248 0.234783843159676 0.267084717750549 0.29296812415123 0.317692071199417 0.3382488489151 0.255054175853729 0.228670015931129 0.223231464624405 0.230764865875244 0.229387730360031 0.289985239505768 0.261289119720459 0.343928903341293 0.332902938127518 0.321777075529099 0.353973984718323 0.313353389501572 0.327209174633026 0.376463055610657 0.37202662229538 0.345577418804169 0.269532173871994 0.239295348525047
0.542729258537292 0.466026872396469 0.459262520074844 0.398754924535751 0.398369193077087 0.445383608341217 0.487649440765381 0.554482460021973 0.510558784008026 0.377911448478699 0.433859199285507 0.557687699794769 0.526333391666412 0.461885184049606 0.438192278146744 0.438192278146744 0.415410429239273 0.374524831771851 0.335354834794998 0.314613729715347 0.28952220082283 0.323977649211884 0.29731497168541 0.28139916062355 0.308048814535141 0.318079501390457 0.332257926464081 0.261855483055115 0.243511199951172 0.243031650781631 0.219519421458244 0.214238047599792 0.265565663576126 0.286036223173141 0.366590976715088 0.387509495019913 0.323828279972076 0.325179666280746 0.313353389501572 0.321815818548203 0.312555760145187 0.35698014497757 0.388014763593674 0.287492483854294 0.296330064535141 0.177084028720856
0.491688132286072 0.458696871995926 0.451948821544647 0.421318084001541 0.421318084001541 0.397516250610352 0.417774140834808 0.482832193374634 0.496999859809875 0.488255977630615 0.583950698375702 0.511778891086578 0.515663087368011 0.502670168876648 0.42808935046196 0.383100241422653 0.374566406011581 0.357390373945236 0.326786011457443 0.376088529825211 0.398218601942062 0.344735652208328 0.277321726083755 0.319806754589081 0.348370909690857 0.372217535972595 0.276415079832077 0.229476943612099 0.237156748771667 0.238093197345734 0.200480177998543 0.242678061127663 0.458825260400772 0.409484177827835 0.422269135713577 0.364556938409805 0.302443414926529 0.348141849040985 0.351311892271042 0.362912505865097 0.323795527219772 0.314228594303131 0.288289368152618 0.269532173871994 0.293134987354279 0.264965057373047
0.475187540054321 0.432774037122726 0.467394858598709 0.469330638647079 0.479992359876633 0.433370053768158 0.358208507299423 0.426387310028076 0.437876790761948 0.504248857498169 0.56151956319809 0.515094101428986 0.47814068198204 0.451428532600403 0.434763729572296 0.384939223527908 0.360780417919159 0.410741478204727 0.412624388933182 0.402885228395462 0.353902250528336 0.322667688131332 0.321042239665985 0.333524137735367 0.390021234750748 0.303439885377884 0.215851932764053 0.187737971544266 0.177487760782242 0.22416228055954 0.277064859867096 0.388173282146454 0.452394515275955 0.416079521179199 0.380653291940689 0.344107389450073 0.303301602602005 0.378745228052139 0.346419841051102 0.408386498689651 0.349874168634415 0.317866683006287 0.257464021444321 0.273411095142365 0.282774806022644 0.17206871509552
0.591874420642853 0.579570233821869 0.493631273508072 0.377526760101318 0.461275041103363 0.437192022800446 0.370813459157944 0.397209256887436 0.437876790761948 0.544624090194702 0.477048307657242 0.429793179035187 0.421876728534698 0.401127815246582 0.387205332517624 0.399261713027954 0.385979533195496 0.414900451898575 0.381879299879074 0.35035514831543 0.325003057718277 0.326428890228271 0.339887231588364 0.352795869112015 0.326962858438492 0.201362624764442 0.175044059753418 0.161624819040298 0.265129655599594 0.383071094751358 0.401173561811447 0.420932114124298 0.411798059940338 0.385669112205505 0.359812080860138 0.328886687755585 0.321708589792252 0.378552675247192 0.376347750425339 0.39344996213913 0.334130883216858 0.325539022684097 0.271100610494614 0.277289062738419 0.220324441790581 0.100274726748466
0.676760256290436 0.51925253868103 0.382062971591949 0.346966862678528 0.394684374332428 0.377183794975281 0.353752791881561 0.421640664339066 0.435920536518097 0.486753046512604 0.394029527902603 0.409913152456284 0.393681079149246 0.387205332517624 0.382603943347931 0.344292193651199 0.337888836860657 0.356908142566681 0.374943464994431 0.309014886617661 0.356166452169418 0.327284127473831 0.300507575273514 0.330432862043381 0.220523566007614 0.16750280559063 0.151365607976913 0.251723140478134 0.412558227777481 0.415344148874283 0.396820425987244 0.391251713037491 0.356648236513138 0.348070651292801 0.336693733930588 0.298807412385941 0.367196172475815 0.461400330066681 0.498864829540253 0.438833683729172 0.360893696546555 0.317340552806854 0.26480570435524 0.196815490722656 0.154933452606201 0.125114038586617
0.476476818323135 0.432091116905212 0.40088552236557 0.348690122365952 0.330387860536575 0.346676409244537 0.433370053768158 0.428246349096298 0.373196750879288 0.395887315273285 0.335497796535492 0.296398341655731 0.399261713027954 0.373423218727112 0.297679841518402 0.23142409324646 0.244852945208549 0.26933878660202 0.274471640586853 0.234668731689453 0.275246381759644 0.280448615550995 0.24867832660675 0.219440042972565 0.173759758472443 0.154385924339294 0.21753503382206 0.379486888647079 0.407856076955795 0.423271119594574 0.391293972730637 0.367462366819382 0.357876002788544 0.322947949171066 0.308671414852142 0.315661668777466 0.36000069975853 0.44534295797348 0.463251560926437 0.389168381690979 0.292965441942215 0.295386761426926 0.220575273036957 0.156189382076263 0.14237554371357 0.143827259540558
0.410299330949783 0.423527657985687 0.370504856109619 0.368769645690918 0.407757371664047 0.40120330452919 0.350125581026077 0.354267328977585 0.34363055229187 0.307491064071655 0.305013477802277 0.281945616006851 0.303881287574768 0.286100387573242 0.294439435005188 0.319231480360031 0.269303858280182 0.273917883634567 0.259230464696884 0.25110450387001 0.227759629487991 0.220774561166763 0.214814975857735 0.182656854391098 0.149769499897957 0.25346639752388 0.36977019906044 0.38399675488472 0.40254408121109 0.406289130449295 0.398810386657715 0.390673696994781 0.399032682180405 0.341376066207886 0.330967307090759 0.336437970399857 0.381686151027679 0.401170462369919 0.435323596000671 0.293564707040787 0.325640857219696 0.222414374351501 0.164738863706589 0.160005196928978 0.143985211849213 0.154220566153526
0.432650178670883 0.395297139883041 0.382365703582764 0.44517457485199 0.48480087518692 0.403965264558792 0.379541546106339 0.350678116083145 0.32378950715065 0.313661605119705 0.381946891546249 0.314222663640976 0.395538300275803 0.40643385052681 0.402688384056091 0.393332749605179 0.364449620246887 0.350494742393494 0.289421141147614 0.235367581248283 0.255549520254135 0.266039490699768 0.215471342206001 0.17299747467041 0.168524757027626 0.338154375553131 0.373400896787643 0.381242096424103 0.392304837703705 0.389833211898804 0.407579481601715 0.412194639444351 0.379930168390274 0.33615180850029 0.338759005069733 0.34781077504158 0.355713188648224 0.343341439962387 0.367002964019775 0.302990555763245 0.203160688281059 0.183765158057213 0.148820340633392 0.181231871247292 0.131526455283165 0.157480850815773
0.444494307041168 0.468281179666519 0.436470687389374 0.528182744979858 0.495083600282669 0.43614849448204 0.324390113353729 0.344507813453674 0.324680089950562 0.3605917096138 0.40897324681282 0.368023782968521 0.388128072023392 0.365274608135223 0.343126147985458 0.312620133161545 0.30268520116806 0.278358906507492 0.246055334806442 0.293471306562424 0.228444039821625 0.212418466806412 0.183429837226868 0.165212288498878 0.162617906928062 0.339535534381866 0.396445214748383 0.382462233304977 0.384300053119659 0.394465982913971 0.393537878990173 0.380888193845749 0.33615180850029 0.341664403676987 0.354897737503052 0.343704342842102 0.320890754461288 0.336325317621231 0.270193248987198 0.236001506447792 0.166527613997459 0.154001832008362 0.187266528606415 0.151486665010452 0.126289233565331 0.193444103002548
0.329630941152573 0.381489992141724 0.458615660667419 0.518486440181732 0.461105555295944 0.304288297891617 0.317650884389877 0.398987025022507 0.387551724910736 0.377411216497421 0.35523197054863 0.350094467401505 0.355419427156448 0.358694493770599 0.319341152906418 0.330463081598282 0.315131485462189 0.283893585205078 0.326710850000381 0.229414254426956 0.218604803085327 0.234989777207375 0.208542823791504 0.180226072669029 0.165773645043373 0.320908635854721 0.401412934064865 0.379175424575806 0.389833211898804 0.395701378583908 0.390138208866119 0.386445134878159 0.351346075534821 0.32436016201973 0.328059434890747 0.305354714393616 0.311645090579987 0.297067195177078 0.254401832818985 0.191664785146713 0.181057840585709 0.1580970287323 0.17572084069252 0.138483822345734 0.140370711684227 0.181766867637634
0.394290238618851 0.386044293642044 0.375960677862167 0.436111718416214 0.320074021816254 0.259070873260498 0.414976716041565 0.401786625385284 0.394958049058914 0.425036728382111 0.354938358068466 0.344332277774811 0.432024031877518 0.395231813192368 0.380846351385117 0.328745275735855 0.260355681180954 0.371800243854523 0.360035181045532 0.220633819699287 0.234291702508926 0.254412114620209 0.260045915842056 0.190823063254356 0.194478109478951 0.387486964464188 0.402347296476364 0.396752029657364 0.409768044948578 0.409768044948578 0.383683860301971 0.37752977013588 0.365647792816162 0.325494021177292 0.297135502099991 0.281159341335297 0.275627583265305 0.273758053779602 0.239171281456947 0.186497554183006 0.16601337492466 0.203372836112976 0.174222528934479 0.164988696575165 0.195976123213768 0.206416979432106
