output/projections/08_LGM/Myrcia silvatica.asc
NCOLS 168 
NROWS 144 
XLLCORNER -41.0000000002598 
YLLCORNER -7.99999999976785 
CELLSIZE 0.0416666666664048 
NODATA_value -3.4e+38 
[rows 60 to 79 of 144, columns 0 to 45 of 168]
0.735871374607086 0.696621179580688 0.734551787376404 0.805948734283447 0.849914252758026 0.797029733657837 0.665517270565033 0.643025934696198 0.612254321575165 0.535381853580475 0.524775564670563 0.585222363471985 0.481476604938507 0.412802845239639 0.588568866252899 0.585742115974426 0.542197585105896 0.569107234477997 0.514112889766693 0.395535111427307 0.372594028711319 0.378892987966537 0.349167197942734 0.338643014431 0.336943715810776 0.333876103162766 0.383106827735901 0.639845848083496 0.511911988258362 0.65792179107666 0.708797633647919 0.627212226390839 0.667121767997742 0.746928632259369 0.757016360759735 0.637374997138977 0.782374799251556 0.669582724571228 0.571320176124573 0.520168542861938 0.568736374378204 0.591884553432465 0.522581815719604 0.575940608978271 0.564945697784424 0.590074837207794
0.660033762454987 0.780162930488586 0.772058427333832 0.816308617591858 0.842275679111481 0.726366102695465 0.604889094829559 0.686465919017792 0.592707335948944 0.488228380680084 0.52231240272522 0.602141201496124 0.546531021595001 0.410022020339966 0.449581682682037 0.64830619096756 0.786214172840118 0.71839427947998 0.693351030349731 0.384396880865097 0.354526370763779 0.393635541200638 0.389930546283722 0.444777071475983 0.350131839513779 0.303169310092926 0.336593508720398 0.449845254421234 0.430174618959427 0.469195008277893 0.602363705635071 0.673991203308105 0.586433887481689 0.727607011795044 0.698939323425293 0.646235585212708 0.755996346473694 0.727666616439819 0.716647386550903 0.504630863666534 0.692097187042236 0.631069302558899 0.550561010837555 0.530164241790771 0.600294232368469 0.638905942440033
0.639695107936859 0.759511411190033 0.815541923046112 0.816690981388092 0.841426193714142 0.751447021961212 0.710886240005493 0.735641598701477 0.666557908058167 0.548413097858429 0.429465651512146 0.437144964933395 0.48447722196579 0.423291146755219 0.465582221746445 0.47672513127327 0.615322947502136 0.705243587493896 0.756064236164093 0.364329665899277 0.297340720891953 0.414308041334152 0.626261353492737 0.607009530067444 0.591992974281311 0.332694232463837 0.350253015756607 0.387412786483765 0.464357614517212 0.584937930107117 0.542505979537964 0.591449379920959 0.532195210456848 0.556611001491547 0.68379944562912 0.643565118312836 0.710792422294617 0.747227728366852 0.609875440597534 0.514051795005798 0.502267956733704 0.504654705524445 0.538109004497528 0.587326943874359 0.503918409347534 0.580514132976532
0.695316672325134 0.786757051944733 0.81069403886795 0.827871739864349 0.828421473503113 0.770232856273651 0.786724925041199 0.766150295734406 0.706150591373444 0.597862899303436 0.463115841150284 0.397470474243164 0.422898381948471 0.442461043596268 0.444864720106125 0.616781175136566 0.671926081180573 0.651000738143921 0.46232596039772 0.339514136314392 0.304738968610764 0.633552014827728 0.380849778652191 0.496321439743042 0.65052342414856 0.7195765376091 0.360569983720779 0.448529273271561 0.609787821769714 0.708797633647919 0.697709441184998 0.611940622329712 0.524721562862396 0.546034455299377 0.699209034442902 0.625306487083435 0.689025163650513 0.737371742725372 0.579354286193848 0.689533472061157 0.59070098400116 0.533756792545319 0.449666321277618 0.49800243973732 0.503955841064453 0.499987006187439
0.695316672325134 0.76867812871933 0.81726348400116 0.835023880004883 0.80931830406189 0.749152183532715 0.731216788291931 0.784359991550446 0.754295527935028 0.556146025657654 0.459296256303787 0.443894773721695 0.411600142717361 0.422985017299652 0.474429160356522 0.504173934459686 0.658544778823853 0.497327238321304 0.42057678103447 0.365436166524887 0.572225213050842 0.778939366340637 0.709267556667328 0.504709303379059 0.634453952312469 0.763161718845367 0.618079483509064 0.458074033260345 0.536711990833282 0.571587443351746 0.648160099983215 0.636848330497742 0.616848826408386 0.515339612960815 0.638864755630493 0.545618534088135 0.678943395614624 0.674581468105316 0.722298681735992 0.675173997879028 0.530411958694458 0.497320353984833 0.507927477359772 0.507399141788483 0.521312177181244 0.542766690254211
0.653021633625031 0.743853688240051 0.810105741024017 0.82439386844635 0.774488151073456 0.700363636016846 0.624430298805237 0.699068248271942 0.761777281761169 0.598453104496002 0.435276687145233 0.496222376823425 0.393837541341782 0.40976157784462 0.432543098926544 0.424970328807831 0.573690235614777 0.550732970237732 0.481306731700897 0.414523422718048 0.634982109069824 0.736946225166321 0.768736302852631 0.731637537479401 0.723937034606934 0.783975183963776 0.727033615112305 0.599567234516144 0.575390577316284 0.548923492431641 0.636848330497742 0.676187098026276 0.650514125823975 0.521393835544586 0.547545194625854 0.524622797966003 0.592763721942902 0.586490213871002 0.687562108039856 0.73149299621582 0.754912972450256 0.750084221363068 0.734748601913452 0.54413366317749 0.565813362598419 0.604442834854126
0.657412230968475 0.745826244354248 0.81745308637619 0.811865448951721 0.715301990509033 0.653636157512665 0.573079526424408 0.596163332462311 0.751403570175171 0.658385097980499 0.541842222213745 0.562983095645905 0.440147519111633 0.439233601093292 0.418335020542145 0.440322488546371 0.488760590553284 0.553660452365875 0.573733687400818 0.657710134983063 0.735879361629486 0.793697893619537 0.712929725646973 0.717352986335754 0.751436710357666 0.785288870334625 0.752162039279938 0.659746050834656 0.543098270893097 0.534449219703674 0.6918004155159 0.624964416027069 0.549426555633545 0.527166426181793 0.483469188213348 0.509048938751221 0.505483090877533 0.564968883991241 0.5583136677742 0.622483849525452 0.723012149333954 0.740492343902588 0.639361798763275 0.720431804656982 0.68121063709259 0.677395522594452
0.66228574514389 0.7727991938591 0.819538593292236 0.803339958190918 0.650107681751251 0.63763016462326 0.529273629188538 0.547670125961304 0.588697791099548 0.690035283565521 0.622111678123474 0.639877259731293 0.56784600019455 0.45850732922554 0.36686697602272 0.382430344820023 0.395405024290085 0.474204957485199 0.458162158727646 0.634609043598175 0.778384685516357 0.779331386089325 0.7448450922966 0.703764379024506 0.70860344171524 0.751436710357666 0.773480951786041 0.682896435260773 0.485785633325577 0.565541982650757 0.66898500919342 0.568194150924683 0.575170576572418 0.462431102991104 0.430739641189575 0.469565182924271 0.474408805370331 0.446728318929672 0.468960613012314 0.62843930721283 0.610290765762329 0.529365539550781 0.482716500759125 0.552446603775024 0.623486340045929 0.567163169384003
0.676052808761597 0.770460724830627 0.821786522865295 0.792784869670868 0.631319880485535 0.54569947719574 0.48553678393364 0.502097368240356 0.562113881111145 0.637185752391815 0.550601243972778 0.496355503797531 0.510003387928009 0.500331282615662 0.449004948139191 0.428948193788528 0.360651850700378 0.320451349020004 0.453341335058212 0.600660502910614 0.783042848110199 0.581320822238922 0.706995606422424 0.607169032096863 0.639999985694885 0.741878867149353 0.708065271377563 0.737883806228638 0.619977235794067 0.519657790660858 0.472355127334595 0.444376528263092 0.634251594543457 0.422139763832092 0.381367802619934 0.464683145284653 0.423714250326157 0.433232843875885 0.535341501235962 0.494139432907104 0.609365880489349 0.657200217247009 0.584931194782257 0.476201295852661 0.530208170413971 0.695010244846344
0.712329268455505 0.771147429943085 0.823642015457153 0.799481093883514 0.599085628986359 0.528828501701355 0.457454293966293 0.449791103601456 0.523547828197479 0.507044553756714 0.496355503797531 0.424064069986343 0.432673811912537 0.428904712200165 0.406220465898514 0.427088379859924 0.458727687597275 0.356182605028152 0.417051404714584 0.514021277427673 0.490703344345093 0.477514833211899 0.606241524219513 0.530507266521454 0.588480055332184 0.724392056465149 0.615403831005096 0.683666825294495 0.730548918247223 0.70885968208313 0.543768286705017 0.408535122871399 0.494026839733124 0.346219420433044 0.411114752292633 0.51086562871933 0.43470361828804 0.410992592573166 0.457149773836136 0.423591047525406 0.507013916969299 0.683008670806885 0.49898087978363 0.440080463886261 0.782966494560242 0.791430652141571
0.698600590229034 0.771147429943085 0.816679000854492 0.798449754714966 0.515250861644745 0.569829642772675 0.402219533920288 0.442107886075974 0.521563947200775 0.41168612241745 0.393036991357803 0.40426117181778 0.393079340457916 0.39034304022789 0.405326008796692 0.421391636133194 0.414771884679794 0.463557213544846 0.440453708171844 0.50722199678421 0.629184186458588 0.65647166967392 0.60213840007782 0.471209824085236 0.503290951251984 0.60894387960434 0.616626560688019 0.610861659049988 0.656462490558624 0.680852115154266 0.468356013298035 0.440769404172897 0.46766322851181 0.352036744356155 0.406295955181122 0.466491967439651 0.488794445991516 0.432111263275146 0.386105835437775 0.372680217027664 0.455583125352859 0.540809512138367 0.436209172010422 0.601870477199554 0.762085378170013 0.54991602897644
0.694975614547729 0.81263256072998 0.80252593755722 0.523581802845001 0.442582219839096 0.478341549634933 0.369080930948257 0.442151665687561 0.518251538276672 0.381007492542267 0.424064069986343 0.400522202253342 0.375605791807175 0.382968485355377 0.408139884471893 0.40443217754364 0.418550997972488 0.441973656415939 0.448131263256073 0.477113366127014 0.574290692806244 0.699696481227875 0.665183663368225 0.632430493831635 0.514545977115631 0.547808945178986 0.562996804714203 0.49108499288559 0.549149751663208 0.452462524175644 0.433678358793259 0.391037672758102 0.408370316028595 0.366648375988007 0.438528269529343 0.428029447793961 0.504259169101715 0.455177128314972 0.396595567464828 0.328435659408569 0.360944271087646 0.421371430158615 0.491296291351318 0.590977966785431 0.52673465013504 0.470343112945557
0.583911120891571 0.65456211566925 0.582090616226196 0.405144929885864 0.394723474979401 0.40502655506134 0.366369634866714 0.384639173746109 0.365508913993835 0.361951619386673 0.370110690593719 0.427909404039383 0.401498526334763 0.403410792350769 0.390385299921036 0.399759620428085 0.402561008930206 0.411554336547852 0.379763633012772 0.466458261013031 0.600274443626404 0.63513708114624 0.649425089359283 0.641419172286987 0.667703211307526 0.612860083580017 0.599750697612762 0.501200795173645 0.503144323825836 0.48981699347496 0.397653579711914 0.377360194921494 0.331305891275406 0.405865043401718 0.376934051513672 0.407543480396271 0.425490319728851 0.45316880941391 0.374457985162735 0.372638732194901 0.339964091777802 0.609213352203369 0.685004472732544 0.676760256290436 0.494647294282913 0.51638525724411
0.747994601726532 0.714443027973175 0.480680137872696 0.402294993400574 0.400856107473373 0.39063173532486 0.368176251649857 0.384639173746109 0.394850730895996 0.399546682834625 0.369204938411713 0.381091207265854 0.394049435853958 0.406220465898514 0.41284304857254 0.411944091320038 0.419105470180511 0.403108984231949 0.398827254772186 0.419062256813049 0.58053731918335 0.637463390827179 0.631151854991913 0.641942918300629 0.722449123859406 0.70524662733078 0.711134493350983 0.566922128200531 0.503464818000793 0.523204267024994 0.4911088347435 0.383158534765244 0.339899837970734 0.40672379732132 0.321334034204483 0.413616716861725 0.399936079978943 0.418729990720749 0.411448299884796 0.30348065495491 0.375752866268158 0.640562355518341 0.724879264831543 0.455731958150864 0.543101727962494 0.713100075721741
0.811458706855774 0.82930463552475 0.809300661087036 0.496914654970169 0.426904559135437 0.433574497699738 0.370893090963364 0.371841996908188 0.41738948225975 0.438363820314407 0.43072298169136 0.414642632007599 0.444201529026031 0.409976243972778 0.468393564224243 0.428991675376892 0.441015183925629 0.405918002128601 0.395564883947372 0.389078050851822 0.563409566879272 0.616558909416199 0.609180986881256 0.606707096099854 0.61900007724762 0.677330017089844 0.695178031921387 0.570655405521393 0.493051886558533 0.423641085624695 0.39385724067688 0.383039265871048 0.368452429771423 0.350327551364899 0.331478178501129 0.317001074552536 0.39330381155014 0.385369032621384 0.310926020145416 0.32217338681221 0.341164857149124 0.647323131561279 0.602553188800812 0.380541115999222 0.481415659189224 0.422109752893448
0.805331349372864 0.830381035804749 0.834826648235321 0.628716170787811 0.445063531398773 0.41836816072464 0.434013336896896 0.389249593019485 0.377347379922867 0.389333993196487 0.38660717010498 0.412756979465485 0.412800014019012 0.383010447025299 0.404389411211014 0.428991675376892 0.443891912698746 0.409672886133194 0.387231737375259 0.465657353401184 0.634764134883881 0.622057497501373 0.614102125167847 0.618082880973816 0.654858291149139 0.634637653827667 0.568793177604675 0.459377884864807 0.468396872282028 0.44168758392334 0.426681131124496 0.411540925502777 0.469310492277145 0.425093740224838 0.438199251890182 0.353279113769531 0.357732176780701 0.341597199440002 0.2856105864048 0.315034747123718 0.337638974189758 0.478549301624298 0.484852164983749 0.436313062906265 0.450385242700577 0.448734790086746
0.804859220981598 0.823996722698212 0.833414077758789 0.681029796600342 0.491129249334335 0.496433943510056 0.497405678033829 0.467327147722244 0.390216320753098 0.410787969827652 0.369204938411713 0.383845448493958 0.389418393373489 0.383929431438446 0.389502823352814 0.399759620428085 0.417213976383209 0.399373561143875 0.349642008543015 0.35853186249733 0.436746180057526 0.450493633747101 0.579823136329651 0.670999646186829 0.560922086238861 0.616352558135986 0.4991754591465 0.479100793600082 0.650805830955505 0.450648754835129 0.476742386817932 0.448080569505692 0.494582712650299 0.447392553091049 0.407461285591125 0.410589993000031 0.347854465246201 0.346973180770874 0.348145365715027 0.333154678344727 0.372702538967133 0.366737008094788 0.379085779190063 0.416308552026749 0.437225639820099 0.415321201086044
0.831457614898682 0.841400980949402 0.8139768242836 0.697643399238586 0.570387959480286 0.517403662204742 0.518418550491333 0.492591679096222 0.422635614871979 0.418335020542145 0.425013720989227 0.409933298826218 0.437494397163391 0.406220465898514 0.389502823352814 0.411002784967422 0.408733159303665 0.346590250730515 0.291307389736176 0.302225261926651 0.335951447486877 0.398542761802673 0.527357161045074 0.610900640487671 0.477855205535889 0.454599022865295 0.479189395904541 0.679442942142487 0.515278398990631 0.500055253505707 0.569218039512634 0.573340177536011 0.527513384819031 0.511295199394226 0.437162071466446 0.455728650093079 0.426941365003586 0.456648916006088 0.398640662431717 0.418404787778854 0.478903234004974 0.413087487220764 0.42254239320755 0.355335235595703 0.374480336904526 0.384548723697662
0.818944573402405 0.838484406471252 0.834121584892273 0.721696436405182 0.598355054855347 0.559923946857452 0.52132922410965 0.467371314764023 0.461004078388214 0.400479584932327 0.37465301156044 0.37743079662323 0.384807229042053 0.364772409200668 0.363913297653198 0.383052378892899 0.293248355388641 0.263967782258987 0.301848620176315 0.333894610404968 0.345806062221527 0.414361417293549 0.513241112232208 0.544543266296387 0.462407678365707 0.581234812736511 0.699074447154999 0.657805562019348 0.464205145835876 0.692140936851501 0.690443992614746 0.55454009771347 0.673790752887726 0.557893216609955 0.535049915313721 0.436081796884537 0.50671398639679 0.449507743120193 0.425353735685349 0.472480982542038 0.490873575210571 0.441536128520966 0.437705725431442 0.419576734304428 0.410220175981522 0.376261502504349
0.841396450996399 0.833587229251862 0.839690566062927 0.748215675354004 0.628423392772675 0.61876505613327 0.554213106632233 0.481909453868866 0.436571538448334 0.464513689279556 0.377389073371887 0.390300810337067 0.427515506744385 0.37382584810257 0.347795754671097 0.272323459386826 0.251297295093536 0.300992757081985 0.323563039302826 0.320448458194733 0.353394597768784 0.376245856285095 0.527275681495667 0.655588626861572 0.564114212989807 0.722700893878937 0.71747499704361 0.694348156452179 0.610615491867065 0.63804030418396 0.735675513744354 0.70469081401825 0.76571387052536 0.722812950611115 0.504286646842957 0.488740175962448 0.516913414001465 0.489142298698425 0.467194795608521 0.445980131626129 0.445936262607574 0.437309712171555 0.449217408895493 0.426217317581177 0.437662035226822 0.402288466691971
