output/projections/08_LGM/Myrcia silvatica.asc
NCOLS 168 
NROWS 144 
XLLCORNER -41.0000000002598 
YLLCORNER -7.99999999976785 
CELLSIZE 0.0416666666664048 
NODATA_value -3.4e+38 
[rows 100 to 119 of 144, columns 92 to 137 of 168]
0.287356168031693 0.320294290781021 0.309394389390945 0.469749271869659 0.428177058696747 0.499755650758743 0.504212141036987 0.459032982587814 0.373095571994781 0.36675363779068 0.569278836250305 0.475317716598511 0.410349726676941 0.540237843990326 0.419707119464874 0.409089654684067 0.356568038463593 0.380300879478455 0.370575785636902 0.42284283041954 0.423155754804611 0.476814717054367 0.546468079090118 0.564936280250549 0.490953028202057 0.500908553600311 0.472424268722534 0.423512279987335 0.489797711372375 0.486151486635208 0.515133142471313 0.506060719490051 0.514594912528992 0.466089487075806 0.497621983289719 0.566625595092773 0.599843859672546 0.6392942070961 0.690398633480072 0.7357297539711 0.776069521903992 0.809286117553711 0.844158828258514 0.922091960906982 0.928264319896698 0.949617028236389
0.305560767650604 0.336621403694153 0.31864270567894 0.479441672563553 0.422083914279938 0.483241707086563 0.521690666675568 0.447474122047424 0.41916236281395 0.388676583766937 0.39973720908165 0.363446682691574 0.328929901123047 0.396318972110748 0.422549903392792 0.37604159116745 0.338427096605301 0.358943432569504 0.386420339345932 0.397458463907242 0.425924777984619 0.48417529463768 0.543177127838135 0.547667920589447 0.556554794311523 0.512165248394012 0.457919359207153 0.430727452039719 0.461689949035645 0.503558099269867 0.478945434093475 0.513750016689301 0.477437883615494 0.470572352409363 0.612071752548218 0.64784437417984 0.650903284549713 0.666159629821777 0.695292234420776 0.749233305454254 0.800381541252136 0.83091813325882 0.862045764923096 0.920426070690155 0.938839375972748 0.945957481861115
0.311128050088882 0.417821258306503 0.413101315498352 0.40988764166832 0.459114223718643 0.54779589176178 0.59175980091095 0.443633109331131 0.405425131320953 0.369466096162796 0.36976483464241 0.324373096227646 0.324654132127762 0.425084471702576 0.448907822370529 0.326924979686737 0.344471871852875 0.4124536216259 0.362749725580215 0.37079855799675 0.474555999040604 0.538431882858276 0.550882458686829 0.549593091011047 0.5154088139534 0.49661922454834 0.46331399679184 0.425018161535263 0.458711832761765 0.52605265378952 0.468408346176147 0.468078970909119 0.480916619300842 0.519329190254211 0.651609539985657 0.667247653007507 0.661065995693207 0.674394428730011 0.697860777378082 0.734247446060181 0.778788328170776 0.824004292488098 0.844966411590576 0.912215828895569 0.927833557128906 0.931088507175446
0.34371429681778 0.390758991241455 0.447635859251022 0.453409373760223 0.393460601568222 0.607699692249298 0.620215654373169 0.469667822122574 0.378265023231506 0.34800985455513 0.322391539812088 0.318438649177551 0.463700264692307 0.490765362977982 0.438750773668289 0.310053676366806 0.39847794175148 0.340384274721146 0.364548742771149 0.378082364797592 0.459077268838882 0.562078058719635 0.535451114177704 0.48020127415657 0.523739516735077 0.509820520877838 0.470004707574844 0.459040343761444 0.437566041946411 0.500810027122498 0.451031655073166 0.48614490032196 0.569269597530365 0.582792222499847 0.624691188335419 0.626694023609161 0.627108812332153 0.676526248455048 0.722817063331604 0.759380996227264 0.794417262077332 0.830098390579224 0.87560373544693 0.881428241729736 0.892776489257812 0.909200847148895
0.35762295126915 0.350803077220917 0.401610374450684 0.375145703554153 0.441876441240311 0.434221714735031 0.529124975204468 0.413263469934464 0.367732912302017 0.326369971036911 0.310132384300232 0.320695549249649 0.468536823987961 0.370063662528992 0.322382599115372 0.320119440555573 0.420331746339798 0.336901992559433 0.309487968683243 0.335666120052338 0.38879668712616 0.538997948169708 0.511214375495911 0.511773347854614 0.550393223762512 0.479057639837265 0.482206970453262 0.434068262577057 0.452528059482574 0.445388406515121 0.462002068758011 0.551156282424927 0.534430384635925 0.602032124996185 0.630972445011139 0.67674708366394 0.658012688159943 0.707344770431519 0.753984749317169 0.768839836120605 0.789670646190643 0.820763051509857 0.811751663684845 0.852252781391144 0.924785137176514 0.942461013793945
0.393854439258575 0.394160568714142 0.378495812416077 0.371208816766739 0.469511419534683 0.375145703554153 0.392227649688721 0.381165713071823 0.335045725107193 0.306612581014633 0.297053784132004 0.305164724588394 0.340476036071777 0.396012276411057 0.279179781675339 0.39476677775383 0.354786396026611 0.322871506214142 0.303703427314758 0.304728358983994 0.371397018432617 0.501259744167328 0.490158915519714 0.551037788391113 0.54838764667511 0.48099809885025 0.449731677770615 0.402316004037857 0.427944034337997 0.514898240566254 0.515456974506378 0.486952543258667 0.511078715324402 0.550268948078156 0.751305818557739 0.763096809387207 0.705296456813812 0.77199524641037 0.799140989780426 0.79671323299408 0.836023449897766 0.839262008666992 0.849291861057281 0.907775521278381 0.943284034729004 0.954658210277557
0.424857527017593 0.382775515317917 0.371817052364349 0.403171539306641 0.421930760145187 0.371208816766739 0.377581864595413 0.329942137002945 0.31298753619194 0.303046077489853 0.293551385402679 0.289001524448395 0.265133231878281 0.315073668956757 0.345069587230682 0.427299201488495 0.294007062911987 0.307282954454422 0.324283540248871 0.288841962814331 0.364769995212555 0.474392861127853 0.50635701417923 0.554483771324158 0.571535289287567 0.439896762371063 0.478244304656982 0.516931712627411 0.456220597028732 0.487044483423233 0.516996622085571 0.447056919336319 0.569028973579407 0.725092947483063 0.79272586107254 0.794582009315491 0.771310269832611 0.798882603645325 0.815318465232849 0.843884229660034 0.856603860855103 0.874702274799347 0.894991338253021 0.917468965053558 0.930343210697174 0.938899755477905
0.406609058380127 0.399128407239914 0.372725427150726 0.366386085748672 0.357409983873367 0.388300538063049 0.331378996372223 0.326231926679611 0.327943056821823 0.31298753619194 0.292480558156967 0.269962817430496 0.258872717618942 0.307642966508865 0.295631796121597 0.361946016550064 0.317586749792099 0.293466627597809 0.332858622074127 0.281449854373932 0.39955085515976 0.398847609758377 0.500847220420837 0.499142408370972 0.557598233222961 0.441732466220856 0.520173251628876 0.525580048561096 0.494175016880035 0.46893835067749 0.522736370563507 0.576011955738068 0.717805206775665 0.700703144073486 0.772228002548218 0.802400529384613 0.788704037666321 0.809992551803589 0.819093704223633 0.836002945899963 0.845733284950256 0.832306802272797 0.908156275749207 0.925223052501678 0.935448944568634 0.933809459209442
0.404734700918198 0.401928335428238 0.384691327810287 0.363758862018585 0.355701446533203 0.344206780195236 0.329375475645065 0.314946979284286 0.31021112203598 0.287415057420731 0.274328619241714 0.265391051769257 0.256397187709808 0.295098125934601 0.327789902687073 0.313674330711365 0.350943148136139 0.345060348510742 0.368465900421143 0.306377977132797 0.316585689783096 0.436250448226929 0.482390701770782 0.465586930513382 0.460344523191452 0.470252752304077 0.413191318511963 0.468462735414505 0.392839848995209 0.600495278835297 0.464657723903656 0.622110426425934 0.738947153091431 0.749914467334747 0.837199807167053 0.844058454036713 0.804549872875214 0.809094727039337 0.822476208209991 0.840832650661469 0.850922107696533 0.840267837047577 0.905168235301971 0.931083977222443 0.929428100585938 0.929926097393036
0.406688004732132 0.396413296461105 0.394554644823074 0.359348058700562 0.357560247182846 0.322117239236832 0.322117239236832 0.308689624071121 0.290207982063293 0.278022885322571 0.265963107347488 0.250877112150192 0.285555511713028 0.277949035167694 0.246152341365814 0.284688204526901 0.284158021211624 0.384284943342209 0.374819934368134 0.301992982625961 0.323351830244064 0.433384656906128 0.463015526533127 0.445661067962646 0.430028647184372 0.440693467855453 0.348381757736206 0.524848878383636 0.458952575922012 0.559562683105469 0.517473518848419 0.692215025424957 0.766712069511414 0.822432279586792 0.853333175182343 0.8271604180336 0.744834005832672 0.814977407455444 0.878054916858673 0.885812342166901 0.88182121515274 0.850676298141479 0.930426359176636 0.931327044963837 0.898251593112946 0.947614133358002
0.378425061702728 0.401151448488235 0.38630673289299 0.352587997913361 0.381709367036819 0.331596463918686 0.302982538938522 0.289475232362747 0.296387672424316 0.269903540611267 0.249968186020851 0.246281340718269 0.260493069887161 0.268749535083771 0.228223711252213 0.301329135894775 0.324083238840103 0.392595320940018 0.390428096055984 0.304245948791504 0.325908541679382 0.430917888879776 0.443505585193634 0.437992244958878 0.38018873333931 0.357560992240906 0.458478331565857 0.580608487129211 0.501454710960388 0.606848657131195 0.67327344417572 0.733600378036499 0.781990706920624 0.837290942668915 0.788167178630829 0.737817168235779 0.87170946598053 0.91740608215332 0.896068334579468 0.878263652324677 0.870582699775696 0.879575788974762 0.932055473327637 0.910587549209595 0.904192090034485 0.960252225399017
0.363613575696945 0.372046291828156 0.384846180677414 0.354960888624191 0.387228667736053 0.320214122533798 0.303532958030701 0.289211601018906 0.285232692956924 0.280760496854782 0.250456899404526 0.254304230213165 0.240078970789909 0.23398432135582 0.237950518727303 0.251968175172806 0.313113778829575 0.356568038463593 0.375120401382446 0.328265011310577 0.346726804971695 0.432185977697372 0.45987007021904 0.420607924461365 0.379575073719025 0.454383820295334 0.560772180557251 0.52702534198761 0.556686758995056 0.592535018920898 0.723674356937408 0.732014119625092 0.762396037578583 0.835116565227509 0.786811411380768 0.811188399791718 0.877882480621338 0.908881723880768 0.900158941745758 0.837907075881958 0.855148732662201 0.927106201648712 0.933096468448639 0.932936608791351 0.94168496131897 0.963205575942993
0.377209931612015 0.368122756481171 0.370839416980743 0.356448739767075 0.402712047100067 0.314044117927551 0.297811716794968 0.290547996759415 0.281286835670471 0.275818854570389 0.263065487146378 0.242751508951187 0.251367002725601 0.22504910826683 0.213296711444855 0.22033217549324 0.263613343238831 0.276053458452225 0.345051109790802 0.354106158018112 0.381735622882843 0.425521373748779 0.427970468997955 0.417135238647461 0.435348570346832 0.503735482692719 0.499033659696579 0.515705704689026 0.58666056394577 0.570540249347687 0.642367780208588 0.693176090717316 0.743108987808228 0.715298533439636 0.743725657463074 0.790589094161987 0.909710824489594 0.926011443138123 0.879163444042206 0.845418214797974 0.922881126403809 0.946977257728577 0.938749313354492 0.940198302268982 0.943000495433807 0.946330785751343
0.375996351242065 0.35437399148941 0.35289004445076 0.365117162466049 0.364513516426086 0.302441298961639 0.302441298961639 0.28181380033493 0.280243009328842 0.263570815324783 0.263065487146378 0.237080991268158 0.327943056821823 0.219006568193436 0.218561321496964 0.22033217549324 0.249768942594528 0.266320198774338 0.305349916219711 0.37056627869606 0.37624654173851 0.419195830821991 0.4225834608078 0.425028145313263 0.449087083339691 0.467175781726837 0.469987988471985 0.522736370563507 0.55435973405838 0.495368629693985 0.566880524158478 0.710923314094543 0.791339993476868 0.702733159065247 0.787353217601776 0.813459098339081 0.927137434482574 0.939770877361298 0.929926812648773 0.929509878158569 0.944824516773224 0.93380743265152 0.932934463024139 0.93505597114563 0.936358690261841 0.937637031078339
0.360623776912689 0.35082471370697 0.36331695318222 0.344653218984604 0.332467615604401 0.299171149730682 0.301621854305267 0.270931452512741 0.270931452512741 0.305934339761734 0.264575392007828 0.275233596563339 0.327369183301926 0.217018514871597 0.209621638059616 0.217229500412941 0.253859788179398 0.286527693271637 0.315609633922577 0.348198771476746 0.337679505348206 0.390863329172134 0.415325731039047 0.433518797159195 0.440764039754868 0.457584470510483 0.489307284355164 0.563706338405609 0.558513760566711 0.514718055725098 0.569975554943085 0.698794901371002 0.803580939769745 0.775006234645844 0.877429962158203 0.894549667835236 0.937344908714294 0.942453563213348 0.943276405334473 0.908130168914795 0.886955261230469 0.904835283756256 0.941615164279938 0.944018602371216 0.945350229740143 0.957640767097473
0.322549134492874 0.385159432888031 0.378736287355423 0.360623776912689 0.307384252548218 0.291085243225098 0.27841991186142 0.259569227695465 0.292957603931427 0.408176422119141 0.289144366979599 0.33259791135788 0.313823968172073 0.217236444354057 0.209621638059616 0.236716195940971 0.247105211019516 0.278124332427979 0.304245948791504 0.293381869792938 0.311897844076157 0.358764737844467 0.413750112056732 0.407156080007553 0.452528059482574 0.439634889364243 0.529601633548737 0.557319462299347 0.561306595802307 0.547455966472626 0.620576798915863 0.716350078582764 0.83142364025116 0.86451530456543 0.88613897562027 0.898013293743134 0.937939524650574 0.942934334278107 0.931972801685333 0.914566218852997 0.9394770860672 0.924389541149139 0.938600420951843 0.945218205451965 0.945085883140564 0.954427003860474
0.33368855714798 0.311607658863068 0.373264312744141 0.35793936252594 0.304635494947433 0.276860743761063 0.266858607530594 0.261066168546677 0.341652870178223 0.344570100307465 0.298279762268066 0.388222873210907 0.296043694019318 0.220559522509575 0.228449612855911 0.210259601473808 0.227700486779213 0.239229142665863 0.265045642852783 0.259024649858475 0.305535197257996 0.358165681362152 0.389231264591217 0.413971871137619 0.455736666917801 0.464582890272141 0.511893093585968 0.531364858150482 0.573628723621368 0.536194980144501 0.630515396595001 0.768500506877899 0.84571373462677 0.883398294448853 0.911452114582062 0.931243181228638 0.933810293674469 0.936891674995422 0.944290220737457 0.942104697227478 0.927738726139069 0.932934820652008 0.915948808193207 0.924730122089386 0.937637031078339 0.932689726352692
0.35437399148941 0.304153174161911 0.28955090045929 0.35082471370697 0.29349747300148 0.283129632472992 0.252902299165726 0.248521104454994 0.293223232030869 0.361064314842224 0.293421179056168 0.411458879709244 0.28747370839119 0.257937014102936 0.236716195940971 0.228844165802002 0.256563752889633 0.259532779455185 0.304035186767578 0.282286375761032 0.293099254369736 0.346044480800629 0.361662894487381 0.410515159368515 0.457019150257111 0.462968379259109 0.481447964906693 0.483947783708572 0.516009151935577 0.530709564685822 0.639153122901917 0.794051945209503 0.867223918437958 0.898160576820374 0.908264338970184 0.93173223733902 0.936816215515137 0.94245171546936 0.935827016830444 0.919470906257629 0.901203393936157 0.908938348293304 0.916247606277466 0.908938348293304 0.917802214622498 0.944151222705841
0.329884648323059 0.310429871082306 0.292426764965057 0.276860743761063 0.287887215614319 0.295921355485916 0.247795850038528 0.262064605951309 0.282333046197891 0.387377679347992 0.278603613376617 0.366905570030212 0.334823906421661 0.304612636566162 0.24662846326828 0.251469820737839 0.283620119094849 0.283611834049225 0.303965985774994 0.305604606866837 0.312723904848099 0.338457882404327 0.319852590560913 0.379632890224457 0.420731097459793 0.393135964870453 0.462795585393906 0.534505248069763 0.555148184299469 0.52489697933197 0.715559601783752 0.827250182628632 0.836004972457886 0.89173549413681 0.925334453582764 0.935522198677063 0.940485000610352 0.945746839046478 0.933412313461304 0.920330166816711 0.927215814590454 0.904135406017303 0.883634209632874 0.893693685531616 0.900364816188812 0.942792177200317
0.325884103775024 0.309872508049011 0.291888028383255 0.276083201169968 0.265590369701385 0.281027734279633 0.300525516271591 0.29510360956192 0.366759717464447 0.383078455924988 0.312497913837433 0.359112769365311 0.331297487020493 0.265633136034012 0.262043714523315 0.296632587909698 0.325989365577698 0.278373628854752 0.296883106231689 0.296874582767487 0.293562978506088 0.324385344982147 0.308404982089996 0.341782361268997 0.379469215869904 0.442735254764557 0.53079754114151 0.556585848331451 0.513736844062805 0.568698108196259 0.78071391582489 0.835379362106323 0.867223918437958 0.913623690605164 0.932217299938202 0.937716603279114 0.940770089626312 0.940342009067535 0.924117386341095 0.924117386341095 0.911165535449982 0.86176198720932 0.871457755565643 0.889338552951813 0.930513679981232 0.948238432407379
