output/projections/08_LGM/Myrcia silvatica.asc
NCOLS 168 
NROWS 144 
XLLCORNER -41.0000000002598 
YLLCORNER -7.99999999976785 
CELLSIZE 0.0416666666664048 
NODATA_value -3.4e+38 
[rows 60 to 79 of 144, columns 92 to 137 of 168]
0.463231414556503 0.507910490036011 0.485840141773224 0.5363489985466 0.4758440554142 -3.4e+38 -3.4e+38 -3.4e+38 -3.4e+38 -3.4e+38 -3.4e+38 -3.4e+38 -3.4e+38 -3.4e+38 -3.4e+38 -3.4e+38 -3.4e+38 -3.4e+38 -3.4e+38 -3.4e+38 -3.4e+38 -3.4e+38 -3.4e+38 -3.4e+38 -3.4e+38 -3.4e+38 -3.4e+38 -3.4e+38 -3.4e+38 -3.4e+38 -3.4e+38 -3.4e+38 -3.4e+38 -3.4e+38 -3.4e+38 -3.4e+38 -3.4e+38 -3.4e+38 -3.4e+38 -3.4e+38 -3.4e+38 -3.4e+38 -3.4e+38 -3.4e+38 -3.4e+38 -3.4e+38
0.449892342090607 0.450209677219391 0.454061150550842 0.465565383434296 0.479447811841965 0.358700901269913 0.351579397916794 -3.4e+38 -3.4e+38 -3.4e+38 -3.4e+38 -3.4e+38 -3.4e+38 -3.4e+38 -3.4e+38 -3.4e+38 -3.4e+38 -3.4e+38 -3.4e+38 -3.4e+38 -3.4e+38 -3.4e+38 -3.4e+38 -3.4e+38 -3.4e+38 -3.4e+38 -3.4e+38 -3.4e+38 -3.4e+38 -3.4e+38 -3.4e+38 -3.4e+38 -3.4e+38 -3.4e+38 -3.4e+38 -3.4e+38 -3.4e+38 -3.4e+38 -3.4e+38 -3.4e+38 -3.4e+38 -3.4e+38 -3.4e+38 -3.4e+38 -3.4e+38 -3.4e+38
0.407164722681046 0.40559858083725 0.404661804437637 0.411035448312759 0.433711796998978 0.43753445148468 0.431679606437683 0.412984937429428 0.317627310752869 -3.4e+38 -3.4e+38 -3.4e+38 -3.4e+38 -3.4e+38 -3.4e+38 -3.4e+38 -3.4e+38 -3.4e+38 -3.4e+38 -3.4e+38 -3.4e+38 -3.4e+38 -3.4e+38 -3.4e+38 -3.4e+38 -3.4e+38 -3.4e+38 -3.4e+38 -3.4e+38 -3.4e+38 -3.4e+38 -3.4e+38 -3.4e+38 -3.4e+38 -3.4e+38 -3.4e+38 -3.4e+38 -3.4e+38 -3.4e+38 -3.4e+38 -3.4e+38 -3.4e+38 -3.4e+38 -3.4e+38 -3.4e+38 -3.4e+38
0.370616227388382 0.366996735334396 0.360098332166672 0.365531027317047 0.373072475194931 0.379458218812943 0.390807092189789 0.392965316772461 0.357406258583069 0.383116573095322 0.392607450485229 0.331003725528717 0.268290787935257 -3.4e+38 -3.4e+38 -3.4e+38 -3.4e+38 -3.4e+38 -3.4e+38 -3.4e+38 -3.4e+38 -3.4e+38 -3.4e+38 -3.4e+38 -3.4e+38 -3.4e+38 -3.4e+38 -3.4e+38 -3.4e+38 -3.4e+38 -3.4e+38 -3.4e+38 -3.4e+38 -3.4e+38 -3.4e+38 -3.4e+38 -3.4e+38 -3.4e+38 -3.4e+38 -3.4e+38 -3.4e+38 -3.4e+38 -3.4e+38 -3.4e+38 -3.4e+38 -3.4e+38
0.33010122179985 0.325245678424835 0.320994913578033 0.334158301353455 0.334443628787994 0.323291212320328 0.319332510232925 0.338997602462769 0.342779129743576 0.335808217525482 0.350110203027725 0.371014028787613 0.342729955911636 0.323974907398224 0.295690715312958 0.293533772230148 -3.4e+38 -3.4e+38 -3.4e+38 -3.4e+38 -3.4e+38 -3.4e+38 -3.4e+38 -3.4e+38 -3.4e+38 -3.4e+38 -3.4e+38 -3.4e+38 -3.4e+38 -3.4e+38 -3.4e+38 -3.4e+38 -3.4e+38 -3.4e+38 -3.4e+38 -3.4e+38 0.375823676586151 0.420461088418961 0.450237393379211 -3.4e+38 0.530171573162079 0.560999810695648 0.578626990318298 -3.4e+38 -3.4e+38 0.738031506538391
0.309807807207108 0.302377462387085 0.292894929647446 0.277379333972931 0.304941326379776 0.305765837430954 0.274784296751022 0.294062942266464 0.298381984233856 0.304932683706284 0.301098734140396 0.311768174171448 0.299187839031219 0.33269727230072 0.346055775880814 0.320362061262131 0.243534073233604 0.182213485240936 -3.4e+38 -3.4e+38 -3.4e+38 -3.4e+38 -3.4e+38 -3.4e+38 -3.4e+38 -3.4e+38 -3.4e+38 -3.4e+38 -3.4e+38 -3.4e+38 -3.4e+38 -3.4e+38 -3.4e+38 -3.4e+38 0.273292392492294 0.415467590093613 0.513895690441132 0.524487495422363 0.578753292560577 0.676150143146515 0.612864017486572 0.607238054275513 0.572853565216064 0.666286945343018 0.732567489147186 0.794041156768799
0.275311887264252 0.283134609460831 0.269403398036957 0.267875969409943 0.261318325996399 0.27975857257843 0.280801296234131 0.255848228931427 0.276628226041794 0.280534207820892 0.2745561003685 0.281052052974701 0.286050409078598 0.291904479265213 0.30767422914505 0.272669404745102 0.212685704231262 0.284151762723923 0.29852768778801 0.217628091573715 0.188889011740685 -3.4e+38 -3.4e+38 -3.4e+38 -3.4e+38 -3.4e+38 -3.4e+38 -3.4e+38 -3.4e+38 -3.4e+38 -3.4e+38 -3.4e+38 0.202942624688148 0.315853863954544 0.440887689590454 0.448485851287842 0.517172753810883 0.546765267848969 0.615291476249695 0.662329137325287 0.685284435749054 0.685560882091522 0.708180904388428 0.716799139976501 0.754681050777435 0.776192903518677
0.24782831966877 0.253704011440277 0.239976361393929 0.24021027982235 0.24133725464344 0.242284968495369 0.240150585770607 0.233358532190323 0.248551204800606 0.247340634465218 0.22789178788662 0.24499186873436 0.212592080235481 0.22888445854187 0.236750066280365 0.248110756278038 0.249804079532623 0.257404208183289 0.255425244569778 0.24541848897934 0.23641262948513 0.222407460212708 0.230837792158127 0.277888238430023 0.248719424009323 0.221893727779388 0.205115288496017 -3.4e+38 -3.4e+38 0.179550319910049 0.284976780414581 0.265303015708923 0.272112965583801 0.36252549290657 0.395910918712616 0.449245035648346 0.484226077795029 0.522912383079529 0.592046558856964 0.629827499389648 0.667452692985535 0.68666023015976 0.704209208488464 0.730820775032043 0.7506422996521 0.768337965011597
0.234377443790436 0.242405086755753 0.21174168586731 0.22365528345108 0.219851613044739 0.2215805798769 0.208939433097839 0.226565003395081 0.217662930488586 0.219209030270576 0.207011833786964 0.208290949463844 0.183660939335823 0.200777873396873 0.198498383164406 0.200565680861473 0.212233871221542 0.209214627742767 0.199315547943115 0.230738535523415 0.220962569117546 0.202008530497551 0.233036667108536 0.251033037900925 0.2401382625103 0.212019726634026 0.245130777359009 0.171173125505447 0.176591962575912 0.240330070257187 0.352382481098175 0.322161823511124 0.321242243051529 0.379802465438843 0.409979939460754 0.449245035648346 0.482604831457138 0.54134202003479 0.56431919336319 0.613372027873993 0.649093508720398 0.698270976543427 0.714200556278229 0.731565415859222 0.74824595451355 0.76330304145813
0.196612894535065 0.23232302069664 0.209589391946793 0.210447028279305 0.20532651245594 0.198279246687889 0.197662055492401 0.199102252721786 0.189967483282089 0.187189742922783 0.186203971505165 0.180960848927498 0.185836404561996 0.191386133432388 0.186814472079277 0.184072345495224 0.190778985619545 0.191578298807144 0.186018094420433 0.192174702882767 0.18464457988739 0.20183053612709 0.20266455411911 0.204972997307777 0.209388539195061 0.221764340996742 0.218866258859634 0.247599884867668 0.245188921689987 0.258987545967102 0.279824882745743 0.322552114725113 0.343705058097839 0.368878245353699 0.40622416138649 0.457959473133087 0.49430376291275 0.550456941127777 0.550895750522614 0.614335477352142 0.637911558151245 0.716476380825043 0.733065605163574 0.73056173324585 0.744137227535248 0.77551943063736
0.184621870517731 0.213479250669479 0.200093686580658 0.207264959812164 0.24390110373497 0.271839797496796 0.209453865885735 0.185034945607185 0.180581122636795 0.178861990571022 0.181347280740738 0.167542949318886 0.160262078046799 0.177930474281311 0.176417350769043 0.176039174199104 0.179636582732201 0.175847366452217 0.174348220229149 0.17735068500042 0.176970943808556 0.177344739437103 0.178100153803825 0.189990699291229 0.196449398994446 0.200310051441193 0.214905083179474 0.230632185935974 0.237362056970596 0.254536837339401 0.267464637756348 0.281126827001572 0.311540424823761 0.344283699989319 0.37545907497406 0.433953732252121 0.444404155015945 0.524371922016144 0.560536324977875 0.599499344825745 0.658447563648224 0.709580600261688 0.734063267707825 0.748725652694702 0.757497072219849 0.769916415214539
0.177135780453682 0.159750610589981 0.184702038764954 0.29980593919754 0.381287395954132 0.450047761201859 0.39873543381691 0.270142287015915 0.172484993934631 0.173224061727524 0.172113478183746 0.155273139476776 0.156464695930481 0.170477524399757 0.169014766812325 0.165090218186378 0.160497173666954 0.164907947182655 0.162952661514282 0.167193278670311 0.170278981328011 0.167729526758194 0.168997555971146 0.178884148597717 0.182526811957359 0.184659004211426 0.196802780032158 0.221787929534912 0.207772105932236 0.231543436646461 0.246263384819031 0.264172077178955 0.298628121614456 0.322689324617386 0.358306378126144 0.407824069261551 0.457478880882263 0.487421929836273 0.51162987947464 0.583845734596252 0.640230178833008 0.689986705780029 0.727535843849182 0.747041285037994 0.762147486209869 0.770142376422882
0.122583359479904 0.175190076231956 0.235588863492012 0.435830265283585 0.49731034040451 0.469079494476318 0.392230331897736 0.304851770401001 0.188010826706886 0.166467130184174 0.160267576575279 0.151237934827805 0.154423505067825 0.162744417786598 0.168540224432945 0.168175488710403 0.164579525589943 0.162627384066582 0.161218881607056 0.154306024312973 0.159403145313263 0.160097002983093 0.158877521753311 0.169930532574654 0.171764060854912 0.174356132745743 0.174165770411491 0.203202977776527 0.209084019064903 0.219994649291039 0.226904854178429 0.25406876206398 0.27978652715683 0.310354053974152 0.337511390447617 0.399403303861618 0.436099201440811 0.466411352157593 0.503857672214508 0.568660199642181 0.609947800636292 0.656985998153687 0.708114147186279 0.735051929950714 0.771495401859283 0.786203682422638
0.150517985224724 0.225219920277596 0.270860999822617 0.421551138162613 0.522605538368225 0.497586488723755 0.339896738529205 0.278109967708588 0.21098692715168 0.166467130184174 0.163963451981544 0.157669126987457 0.145064458250999 0.13107842206955 0.13107842206955 0.151527047157288 0.120431669056416 0.149865239858627 0.14924418926239 0.148583874106407 0.137295410037041 0.141607969999313 0.150678589940071 0.154151290655136 0.15529291331768 0.158030048012733 0.172520205378532 0.184045881032944 0.199241742491722 0.232961311936378 0.217500701546669 0.217663273215294 0.261379361152649 0.298828184604645 0.328875541687012 0.35495799779892 0.420870125293732 0.441762268543243 0.527116417884827 0.553344428539276 0.584710419178009 0.684628546237946 0.705964267253876 0.734297871589661 0.773059368133545 0.786204695701599
0.169528722763062 0.27423307299614 0.424710512161255 0.465049773454666 0.532293736934662 0.471335530281067 0.354027330875397 0.269159227609634 0.233629465103149 0.175302445888519 0.171378165483475 0.127525418996811 0.131045818328857 0.113609664142132 0.150366380810738 0.134586423635483 0.165184244513512 0.167293965816498 0.144856542348862 0.139794051647186 0.126903042197227 0.135635152459145 0.135747149586678 0.13559202849865 0.143704831600189 0.149662137031555 0.176843956112862 0.190581321716309 0.19460666179657 0.205066576600075 0.214896008372307 0.245363309979439 0.287722289562225 0.316246092319489 0.336100906133652 0.377549916505814 0.452057898044586 0.429339736700058 0.44896525144577 0.544036567211151 0.634806096553802 0.679003834724426 0.679003834724426 0.731239378452301 0.755838572978973 0.781229555606842
0.236553087830544 0.312960654497147 0.498121917247772 0.515162587165833 0.515162587165833 0.507348120212555 0.388530075550079 0.26992455124855 0.206920057535172 0.182754769921303 0.18626394867897 0.159291625022888 0.137829378247261 0.114019624888897 0.139610469341278 0.123946852982044 0.142967879772186 0.165430784225464 0.150589555501938 0.135639935731888 0.129529744386673 0.123794421553612 0.120014846324921 0.120697848498821 0.133498892188072 0.149395033717155 0.162608936429024 0.185857266187668 0.189806208014488 0.197850659489632 0.240218177437782 0.238088876008987 0.292023420333862 0.311537653207779 0.33961895108223 0.404777646064758 0.443767935037613 0.504266917705536 0.549295902252197 0.540177047252655 0.609607100486755 0.66789174079895 0.700762510299683 0.746309876441956 0.769683480262756 0.789179086685181
0.315788775682449 0.518885135650635 0.551951050758362 0.492772459983826 0.427168399095535 0.465572357177734 0.394127517938614 0.283179014921188 0.189031153917313 0.1654402166605 0.160359382629395 0.187472209334373 0.104852512478828 0.0852562412619591 0.135215163230896 0.136147662997246 0.134478479623795 0.187640592455864 0.165922880172729 0.131908684968948 0.124240420758724 0.121999360620975 0.120203666388988 0.122376821935177 0.133519425988197 0.137001767754555 0.155568704009056 0.182380497455597 0.181604877114296 0.195013254880905 0.273899644613266 0.276058703660965 0.278587192296982 0.35742262005806 0.388158231973648 0.411392986774445 0.46404293179512 0.52081960439682 0.61744612455368 0.63784247636795 0.665697813034058 0.678194761276245 0.717630505561829 0.753956258296967 0.766957521438599 0.787688970565796
0.392936289310455 0.59421181678772 0.577149212360382 0.535833597183228 0.361920148134232 0.392077594995499 0.324770092964172 0.209512650966644 0.195954576134682 0.150166124105453 0.151518315076828 0.145778104662895 0.149693325161934 0.129270076751709 0.122012481093407 0.136147662997246 0.154154822230339 0.144905582070351 0.123401433229446 0.118305571377277 0.117630057036877 0.121602557599545 0.128946572542191 0.124498933553696 0.13219641149044 0.139804035425186 0.146981418132782 0.164246201515198 0.182209759950638 0.204648971557617 0.286148458719254 0.30488708615303 0.32216802239418 0.400775015354156 0.41206693649292 0.45330485701561 0.502814471721649 0.552666842937469 0.629309237003326 0.638780891895294 0.669188380241394 0.73314893245697 0.737029254436493 0.757482647895813 0.770354390144348 0.783389210700989
0.377248197793961 0.515278398990631 0.501838505268097 0.407935470342636 0.34149906039238 0.285521596670151 0.272518038749695 0.195982545614243 0.219192698597908 0.140357583761215 0.140064939856529 0.144331946969032 0.129382207989693 0.139966413378716 0.152603387832642 0.119449876248837 0.164949327707291 0.136777728796005 0.133745178580284 0.127850621938705 0.131651252508163 0.118998765945435 0.124838270246983 0.130132332444191 0.126077353954315 0.136126935482025 0.15244659781456 0.160741984844208 0.177835047245026 0.228146731853485 0.344311565160751 0.345880597829819 0.385751008987427 0.417340517044067 0.467959553003311 0.514642179012299 0.57196581363678 0.641470313072205 0.602028250694275 0.667861521244049 0.70845240354538 0.722625136375427 0.768096387386322 0.773500144481659 0.787902653217316 0.801826119422913
0.232761308550835 0.3462133705616 0.37761664390564 0.329368948936462 0.272969871759415 0.250751048326492 0.20490850508213 0.262650191783905 0.17057977616787 0.14723627269268 0.131587281823158 0.136114001274109 0.139345318078995 0.141714155673981 0.143295794725418 0.123059563338757 0.171271800994873 0.131827548146248 0.140219494700432 0.138661429286003 0.13511797785759 0.132710441946983 0.127539232373238 0.128837898373604 0.142362475395203 0.153482168912888 0.159114763140678 0.167159348726273 0.179189145565033 0.251095026731491 0.424151390790939 0.416763514280319 0.426038056612015 0.46079483628273 0.566933155059814 0.604678630828857 0.617491185665131 0.625224411487579 0.675614595413208 0.699101090431213 0.693239152431488 0.701919615268707 0.791294097900391 0.782956063747406 0.790020763874054 0.809997797012329
