output/projections/08_LGM/Scinax nebulosus.asc
NCOLS 168 
NROWS 144 
XLLCORNER -41.0000000002598 
YLLCORNER -7.99999999976785 
CELLSIZE 0.0416666666664048 
NODATA_value -3.4e+38 
[rows 100 to 119 of 144, columns 46 to 91 of 168]
0.113344013690948 0.140495225787163 0.311618477106094 0.130930528044701 0.244151875376701 0.173466175794601 0.168752431869507 0.107998110353947 0.0784941166639328 0.107998110353947 0.077912338078022 0.115906670689583 0.263607382774353 0.61943906545639 0.658762812614441 0.566660165786743 0.562143981456757 0.354999333620071 0.28917607665062 0.310316979885101 0.178716123104095 0.138557404279709 0.122997187077999 0.115383133292198 0.11405237019062 0.17374025285244 0.172584757208824 0.161785960197449 0.366364806890488 0.304938554763794 0.302168339490891 0.438716620206833 0.391250401735306 0.309222459793091 0.312028437852859 0.25354328751564 0.214258879423141 0.194134786725044 0.180339589715004 0.145925223827362 0.114967539906502 0.113134950399399 0.0960003733634949 0.0880087018013 0.0867217779159546 0.0764661207795143
0.121590681374073 0.128423392772675 0.153501957654953 0.128539949655533 0.158679842948914 0.116423435509205 0.168326824903488 0.0983988791704178 0.0822915062308311 0.0992955639958382 0.0751346126198769 0.324510544538498 0.356391400098801 0.642057776451111 0.603599429130554 0.531097173690796 0.438653409481049 0.543171942234039 0.262228488922119 0.225146919488907 0.205410987138748 0.17374025285244 0.149607852101326 0.132998242974281 0.130920767784119 0.132648423314095 0.148200199007988 0.155201122164726 0.202298507094383 0.449464112520218 0.457759290933609 0.50698059797287 0.389329940080643 0.307501256465912 0.26534640789032 0.246739685535431 0.20904640853405 0.198585227131844 0.162741497159004 0.144299671053886 0.133228600025177 0.125071495771408 0.116825900971889 0.10558132827282 0.0743605494499207 0.0716063529253006
0.162198260426521 0.173453882336617 0.133700236678123 0.151806995272636 0.200692653656006 0.131504327058792 0.104927413165569 0.0842121466994286 0.0776944309473038 0.0754851177334785 0.112639494240284 0.549345970153809 0.629295945167542 0.486410468816757 0.402111679315567 0.407694637775421 0.587539553642273 0.349929183721542 0.269101679325104 0.252215206623077 0.156926974654198 0.268504738807678 0.131148055195808 0.136519312858582 0.130231186747551 0.134981974959373 0.134395360946655 0.138309091329575 0.262799888849258 0.367292076349258 0.475670695304871 0.543673157691956 0.471906125545502 0.384307712316513 0.293944150209427 0.230274543166161 0.209879860281944 0.201487481594086 0.185003682971001 0.172869995236397 0.125071495771408 0.115276925265789 0.10037188231945 0.0975859463214874 0.0699512511491776 0.0686515867710114
0.178118348121643 0.159748703241348 0.130693808197975 0.166211649775505 0.223049491643906 0.175780147314072 0.11871924251318 0.0839782208204269 0.0747136026620865 0.0789283663034439 0.33339861035347 0.468895077705383 0.475166887044907 0.398237347602844 0.465200453996658 0.569625675678253 0.309871584177017 0.278714209794998 0.446974486112595 0.183036103844643 0.175039723515511 0.217667818069458 0.143306016921997 0.149089768528938 0.138910055160522 0.134627744555473 0.125290095806122 0.150371342897415 0.197620272636414 0.281549274921417 0.533731043338776 0.513710021972656 0.438449501991272 0.365418642759323 0.270281165838242 0.239506334066391 0.207715138792992 0.18652631342411 0.176208153367043 0.172869995236397 0.13000525534153 0.0994665548205376 0.0780496969819069 0.0723084136843681 0.0667456388473511 0.0624880269169807
0.151795953512192 0.145299032330513 0.109157331287861 0.161515444517136 0.182142332196236 0.121915437281132 0.086330734193325 0.0800331085920334 0.0761174038052559 0.100740723311901 0.195564210414886 0.456884056329727 0.58918559551239 0.529092848300934 0.581490159034729 0.342621862888336 0.261239349842072 0.544921576976776 0.395329684019089 0.196823388338089 0.160554170608521 0.240789026021957 0.149729415774345 0.169008523225784 0.197139143943787 0.176788419485092 0.165779307484627 0.198737278580666 0.245419651269913 0.396284401416779 0.388835072517395 0.364714652299881 0.32227036356926 0.306209295988083 0.272271156311035 0.195236876606941 0.147817209362984 0.224783927202225 0.25737252831459 0.163844138383865 0.106634862720966 0.0807001665234566 0.0799564942717552 0.0832005366683006 0.0810743570327759 0.0696550533175468
0.172721192240715 0.13404244184494 0.120088011026382 0.144053354859352 0.120943404734135 0.0891506299376488 0.08648831397295 0.0775453746318817 0.0805521979928017 0.113239444792271 0.2501260638237 0.476046472787857 0.616828501224518 0.354284584522247 0.387886732816696 0.357048958539963 0.610924184322357 0.503270208835602 0.221459701657295 0.207543879747391 0.139753013849258 0.30770468711853 0.149596944451332 0.164666205644608 0.371740013360977 0.205722972750664 0.190991163253784 0.277686297893524 0.382625550031662 0.424306333065033 0.351510345935822 0.298975914716721 0.280935347080231 0.288320928812027 0.208043843507767 0.190375059843063 0.251446843147278 0.227960154414177 0.188522756099701 0.148836702108383 0.117139622569084 0.0786324068903923 0.0820559710264206 0.0992878898978233 0.100191779434681 0.0667456388473511
0.184689983725548 0.174889460206032 0.190375059843063 0.13045746088028 0.0967030450701714 0.105868481099606 0.102021515369415 0.0763986334204674 0.162056848406792 0.0897230878472328 0.208544686436653 0.475670695304871 0.420135796070099 0.458634793758392 0.218348428606987 0.326683312654495 0.537925183773041 0.301090002059937 0.210874661803246 0.184689983725548 0.168862372636795 0.176636978983879 0.178105786442757 0.274063140153885 0.421595394611359 0.316348046064377 0.303634494543076 0.278086841106415 0.251055181026459 0.329342156648636 0.338529348373413 0.29455703496933 0.272064954042435 0.248226702213287 0.164666205644608 0.197139143943787 0.255255252122879 0.179149731993675 0.151795953512192 0.119028374552727 0.0965288206934929 0.0848299711942673 0.0775453746318817 0.0854586139321327 0.081528052687645 0.08648831397295
0.230259343981743 0.174739301204681 0.161092966794968 0.122120089828968 0.0982067361474037 0.120510503649712 0.102667301893234 0.0772541612386703 0.151015520095825 0.11384217441082 0.293728142976761 0.188668921589851 0.522506475448608 0.372916281223297 0.189747288823128 0.417179048061371 0.252002745866776 0.211207017302513 0.277077525854111 0.227945059537888 0.294972002506256 0.213733598589897 0.204732209444046 0.358884006738663 0.389784216880798 0.368442595005035 0.324682325124741 0.282762199640274 0.284808218479156 0.278086841106415 0.323579698801041 0.282762199640274 0.227593958377838 0.236390814185143 0.238764315843582 0.181677579879761 0.166898429393768 0.163428485393524 0.113440044224262 0.0953920632600784 0.0902204290032387 0.0925622954964638 0.086091473698616 0.0727168694138527 0.0908850431442261 0.0995598360896111
0.22599621117115 0.162316426634789 0.153479665517807 0.129995539784431 0.0929786935448647 0.174014657735825 0.252575665712357 0.14157822728157 0.122660718858242 0.162186592817307 0.180480822920799 0.480318248271942 0.377636313438416 0.204407393932343 0.212046772241592 0.250484555959702 0.134385377168655 0.16095232963562 0.254283338785172 0.39265713095665 0.199692606925964 0.211033642292023 0.281531929969788 0.412523657083511 0.28051495552063 0.306191056966782 0.368907183408737 0.339423924684525 0.273856103420258 0.253330081701279 0.253330081701279 0.271858841180801 0.264349699020386 0.151528090238571 0.171854987740517 0.256593823432922 0.174164324998856 0.115995787084103 0.104919351637363 0.106634862720966 0.111430935561657 0.0828965157270432 0.107505962252617 0.086330734193325 0.105302952229977 0.0729219242930412
0.18392039835453 0.166464656591415 0.151004523038864 0.132518842816353 0.0924676954746246 0.10633772611618 0.241328969597816 0.170279905200005 0.223893150687218 0.355417221784592 0.27909842133522 0.305767178535461 0.213733598589897 0.162729814648628 0.203421339392662 0.134971961379051 0.13889978826046 0.388340413570404 0.390734225511551 0.2365632802248 0.212714582681656 0.213558703660965 0.260052263736725 0.220578357577324 0.274253219366074 0.242618322372437 0.349199622869492 0.354483485221863 0.314380824565887 0.268079191446304 0.221968978643417 0.198889434337616 0.284808218479156 0.220757380127907 0.168862372636795 0.147053688764572 0.104821637272835 0.0909639969468117 0.15586219727993 0.13783398270607 0.120198048651218 0.0717052444815636 0.0892351940274239 0.147828012704849 0.0984836518764496 0.0619008839130402
0.200971722602844 0.209018036723137 0.174726918339729 0.125166669487953 0.105761870741844 0.103590451180935 0.105573229491711 0.181368261575699 0.245966613292694 0.233847096562386 0.177953451871872 0.21937221288681 0.198889434337616 0.15744449198246 0.152042075991631 0.14616347849369 0.201306253671646 0.370079785585403 0.351035922765732 0.21747599542141 0.228648409247398 0.18912111222744 0.179724916815758 0.209190204739571 0.166464656591415 0.21440526843071 0.482184380292892 0.459799110889435 0.346227616071701 0.22634556889534 0.152299612760544 0.365861743688583 0.276869058609009 0.231152653694153 0.141820996999741 0.115374378859997 0.107497729361057 0.10856805741787 0.185462057590485 0.157329201698303 0.1162094399333 0.081003226339817 0.071238748729229 0.0890730991959572 0.0916406810283661 0.0610298290848732
0.294521391391754 0.225450411438942 0.162990257143974 0.150094598531723 0.136857464909554 0.134143382310867 0.123522572219372 0.128064662218094 0.209190204739571 0.151004523038864 0.18912111222744 0.183620974421501 0.177509605884552 0.148694023489952 0.145784854888916 0.222313895821571 0.189894184470177 0.29790410399437 0.25408598780632 0.229537338018417 0.178245648741722 0.126944795250893 0.267483681440353 0.162859991192818 0.126608580350876 0.154259324073792 0.311340034008026 0.471826165914536 0.408366054296494 0.278679728507996 0.137576580047607 0.318736553192139 0.171275362372398 0.139867886900902 0.108660541474819 0.111723490059376 0.101008407771587 0.117661163210869 0.123428478837013 0.15362611413002 0.16761140525341 0.095309667289257 0.0825935080647469 0.104455634951591 0.0801097825169563 0.0601702481508255
0.306800156831741 0.254448235034943 0.198709964752197 0.204548805952072 0.208845987915993 0.179865777492523 0.145903840661049 0.14242422580719 0.17735767364502 0.193795874714851 0.213894158601761 0.185895323753357 0.160133719444275 0.160811811685562 0.203744992613792 0.197125554084778 0.191447600722313 0.17487707734108 0.167164221405983 0.185895323753357 0.130674317479134 0.24058310687542 0.262380123138428 0.250093877315521 0.132978469133377 0.199845299124718 0.304681599140167 0.282744795084 0.249524712562561 0.222133979201317 0.160402357578278 0.171127662062645 0.114140249788761 0.115782469511032 0.0934040397405624 0.108467355370522 0.0902988612651825 0.226193368434906 0.239695981144905 0.175629392266273 0.0922275111079216 0.087210901081562 0.0974178463220596 0.108383312821388 0.0740920379757881 0.0613199211657047
0.374745160341263 0.263136893510818 0.210672944784164 0.186948463320732 0.192997336387634 0.241122737526894 0.238370552659035 0.159179106354713 0.185278952121735 0.208187118172646 0.255420535802841 0.239111721515656 0.228113204240799 0.22405917942524 0.212206408381462 0.187119781970978 0.210528418421745 0.197923377156258 0.179724916815758 0.168570384383202 0.171127662062645 0.173280104994774 0.14894688129425 0.161081373691559 0.209018036723137 0.223878249526024 0.265702247619629 0.232931196689606 0.224754020571709 0.175453901290894 0.140589877963066 0.110719926655293 0.116504065692425 0.127619534730911 0.0895531922578812 0.108174011111259 0.149729415774345 0.214258879423141 0.21223509311676 0.134284287691116 0.0802570134401321 0.0787833705544472 0.0771180838346481 0.105212993919849 0.0749960169196129 0.0579331256449223
0.315204948186874 0.255965888500214 0.201278671622276 0.191582217812538 0.248000487685204 0.18542318046093 0.236359834671021 0.270042061805725 0.199193984270096 0.209348261356354 0.27184185385704 0.43093353509903 0.344853967428207 0.294539213180542 0.286029607057571 0.2525594830513 0.247272655367851 0.248210683465004 0.237285047769547 0.214741691946983 0.19952629506588 0.187423601746559 0.167442306876183 0.149200081825256 0.232033088803291 0.190041169524193 0.287876337766647 0.201781198382378 0.14653217792511 0.129417687654495 0.121785685420036 0.119119569659233 0.164654403924942 0.129877865314484 0.104439586400986 0.117760360240936 0.166898429393768 0.246739685535431 0.179302856326103 0.107023976743221 0.0776198655366898 0.0801097825169563 0.0764046832919121 0.08546531945467 0.0771922096610069 0.0529291816055775
0.326168954372406 0.2884641289711 0.229860171675682 0.190643206238747 0.249313771724701 0.222464248538017 0.226148322224617 0.323542147874832 0.255024820566177 0.254645735025406 0.309389859437943 0.316761344671249 0.353550881147385 0.42328953742981 0.418382465839386 0.354940384626389 0.274650722742081 0.276660680770874 0.272047966718674 0.238197177648544 0.21559165418148 0.221265494823456 0.205213144421577 0.205213144421577 0.226512879133224 0.205538913607597 0.174289405345917 0.139253169298172 0.175742864608765 0.175014957785606 0.11556950211525 0.121785685420036 0.189427420496941 0.143914490938187 0.149464562535286 0.101371511816978 0.0948691889643669 0.203111961483955 0.205410987138748 0.124967016279697 0.0909710898995399 0.0667745694518089 0.0677873939275742 0.0826724171638489 0.0860982239246368 0.0497435294091702
0.328825652599335 0.293656945228577 0.223848432302475 0.269820034503937 0.430146843194962 0.370970904827118 0.358605086803436 0.46702829003334 0.282727390527725 0.31305456161499 0.311544865369797 0.335350126028061 0.369594573974609 0.351253539323807 0.35956335067749 0.34145051240921 0.316329479217529 0.353094786405563 0.266889035701752 0.353094786405563 0.2833611369133 0.304681599140167 0.262766629457474 0.282129287719727 0.286845594644547 0.206362023949623 0.210182592272758 0.182103991508484 0.201292470097542 0.156102403998375 0.127050697803497 0.132050737738609 0.156239584088326 0.212714582681656 0.150748789310455 0.110429666936398 0.113335393369198 0.182284653186798 0.119877241551876 0.134870484471321 0.0984836518764496 0.0733336359262466 0.0627845823764801 0.0660267546772957 0.0629285126924515 0.0521773546934128
0.341841608285904 0.374481201171875 0.232358381152153 0.193606495857239 0.222104325890541 0.191421046853065 0.227198049426079 0.500217080116272 0.378534704446793 0.395745396614075 0.322005569934845 0.362105339765549 0.31937775015831 0.3412164747715 0.346443861722946 0.33043584227562 0.311340034008026 0.219535827636719 0.222659200429916 0.363750427961349 0.488470464944839 0.37265282869339 0.376902639865875 0.378554880619049 0.242235958576202 0.230059698224068 0.315448194742203 0.258103460073471 0.214902803301811 0.146152764558792 0.144278481602669 0.154780879616737 0.168145149946213 0.190669685602188 0.163416758179665 0.125728279352188 0.119128569960594 0.181084796786308 0.12375745177269 0.12051960080862 0.0851471051573753 0.0835918411612511 0.0627845823764801 0.0573861673474312 0.0679795742034912 0.0659037455916405
0.454717516899109 0.353492051362991 0.247224763035774 0.202565386891365 0.205510899424553 0.193295046687126 0.24091662466526 0.354206085205078 0.374745160341263 0.325082510709763 0.322441518306732 0.399611562490463 0.335795193910599 0.331319749355316 0.378554880619049 0.27184185385704 0.236735820770264 0.26082119345665 0.284384340047836 0.329323202371597 0.31851053237915 0.296001940965652 0.285817056894302 0.266685396432877 0.268658667802811 0.253691613674164 0.284578770399094 0.220563605427742 0.158101916313171 0.146781995892525 0.171263188123703 0.181059345602989 0.171410977840424 0.189427420496941 0.199692606925964 0.153479665517807 0.129202604293823 0.1602853089571 0.166344061493874 0.136406749486923 0.0796632990241051 0.0905557200312614 0.0824423804879189 0.0544636212289333 0.0526774451136589 0.0637056156992912
0.530357897281647 0.402948021888733 0.285357296466827 0.196289569139481 0.248729765415192 0.279850512742996 0.204365536570549 0.314549744129181 0.328174620866776 0.384945333003998 0.31217822432518 0.456266582012177 0.344834595918655 0.342114478349686 0.492689162492752 0.354007244110107 0.435877472162247 0.483886003494263 0.390961617231369 0.499247014522552 0.507613778114319 0.368422627449036 0.327982991933823 0.333110123872757 0.314362317323685 0.257140815258026 0.202102899551392 0.158101916313171 0.151383280754089 0.161210492253304 0.173131033778191 0.207686901092529 0.163820639252663 0.197441667318344 0.364694774150848 0.211207017302513 0.183178976178169 0.237127736210823 0.19492344558239 0.145428359508514 0.0922275111079216 0.0857778787612915 0.0761906430125237 0.0539475381374359 0.0497435294091702 0.0478743240237236
