output/projections/08_LGM/Scinax nebulosus.asc
NCOLS 168 
NROWS 144 
XLLCORNER -41.0000000002598 
YLLCORNER -7.99999999976785 
CELLSIZE 0.0416666666664048 
NODATA_value -3.4e+38 
[rows 80 to 99 of 144, columns 46 to 91 of 168]
0.180173099040985 0.21937221288681 0.154792115092278 0.184233099222183 0.23603068292141 0.177965998649597 0.249556854367256 0.21341273188591 0.249751850962639 0.23010528087616 0.223395615816116 0.223922967910767 0.242474362254143 0.220100820064545 0.236970514059067 0.179762870073318 0.201347649097443 0.267346978187561 0.137967944145203 0.110250562429428 0.153772681951523 0.160987094044685 0.153772681951523 0.125308901071548 0.0935067683458328 0.140139207243919 0.213266834616661 0.211076498031616 0.221489295363426 0.22585916519165 0.228510245680809 0.210730016231537 0.193510979413986 0.230459108948708 0.222688913345337 0.202298507094383 0.180339589715004 0.149729415774345 0.109250247478485 0.11023373156786 0.117760360240936 0.109936192631721 0.074709452688694 0.0736401453614235 0.0936615392565727 0.087522380053997
0.19269996881485 0.229721486568451 0.196494475007057 0.173292398452759 0.254678308963776 0.251822739839554 0.210715755820274 0.19540049135685 0.264568895101547 0.255271553993225 0.237143263220787 0.2317233979702 0.251658976078033 0.236970514059067 0.170451298356056 0.209735736250877 0.259334206581116 0.168752431869507 0.119996175169945 0.106552064418793 0.117049746215343 0.154168307781219 0.18156111240387 0.123663209378719 0.140505582094193 0.115188293159008 0.217180237174034 0.209735736250877 0.220100820064545 0.237331628799438 0.236782342195511 0.191635370254517 0.158402100205421 0.162198260426521 0.199872747063637 0.195714518427849 0.179891094565392 0.12988755106926 0.0865638107061386 0.112526923418045 0.110728375613689 0.101189814507961 0.0775393024086952 0.0680107325315475 0.0751951560378075 0.088735818862915
0.188815176486969 0.230259343981743 0.183477833867073 0.171139821410179 0.276886224746704 0.250500649213791 0.20904640853405 0.232249230146408 0.266142129898071 0.21494622528553 0.24007560312748 0.238243877887726 0.220100820064545 0.21360194683075 0.231553390622139 0.236249402165413 0.169459655880928 0.136181876063347 0.136181876063347 0.104366317391396 0.108291044831276 0.148858442902565 0.218733280897141 0.136181876063347 0.130821883678436 0.119465693831444 0.222538456320763 0.215811297297478 0.207900628447533 0.229936107993126 0.227975264191628 0.202634677290916 0.19069616496563 0.165371552109718 0.15759402513504 0.154803335666656 0.135570749640465 0.0928981751203537 0.0946087092161179 0.121044985949993 0.102851346135139 0.105009086430073 0.0832734256982803 0.069950096309185 0.07554592192173 0.0889817103743553
0.22564722597599 0.256395310163498 0.163559123873711 0.210542678833008 0.247482448816299 0.222508773207664 0.222688913345337 0.243576020002365 0.255271553993225 0.189613670110703 0.169166833162308 0.220966041088104 0.243591830134392 0.25971782207489 0.213266834616661 0.151427373290062 0.141114518046379 0.163451939821243 0.1663678586483 0.107805967330933 0.100567795336246 0.12968148291111 0.223591163754463 0.157882019877434 0.153118848800659 0.121386788785458 0.229767024517059 0.227807193994522 0.201180294156075 0.206574752926826 0.214609578251839 0.208057969808578 0.18791276216507 0.164260655641556 0.163155749440193 0.15349081158638 0.124191038310528 0.0880087018013 0.1156847178936 0.108467355370522 0.110728375613689 0.114553242921829 0.0815216302871704 0.0726166889071465 0.0809193849563599 0.0967865139245987
0.249540776014328 0.229905739426613 0.220936506986618 0.222854286432266 0.227426081895828 0.20904640853405 0.206233724951744 0.216649770736694 0.227441161870956 0.237693130970001 0.161386132240295 0.160437032580376 0.192740023136139 0.220279574394226 0.143572345376015 0.120851002633572 0.162764877080917 0.223591163754463 0.1663678586483 0.102220274507999 0.105123102664948 0.120639078319073 0.190562024712563 0.213441535830498 0.208243697881699 0.129906952381134 0.220279574394226 0.239901393651962 0.209232777357101 0.19414821267128 0.18380281329155 0.183347627520561 0.18791276216507 0.183946162462234 0.168169140815735 0.12115578353405 0.0909639969468117 0.0953022688627243 0.118919260799885 0.10624698549509 0.119128569960594 0.120722234249115 0.0932351425290108 0.074709452688694 0.095647044479847 0.117445193231106
0.243368476629257 0.214756160974503 0.200832158327103 0.218867212533951 0.203111961483955 0.197468861937523 0.196672424674034 0.180647537112236 0.185317799448967 0.22585916519165 0.196685984730721 0.151293650269508 0.139169543981552 0.1230064406991 0.181857913732529 0.105311028659344 0.176233068108559 0.21959462761879 0.146575108170509 0.106841541826725 0.10907281935215 0.122576415538788 0.143700391054153 0.22675547003746 0.264990895986557 0.185330763459206 0.203463047742844 0.187925860285759 0.224103927612305 0.207900628447533 0.192106291651726 0.182142332196236 0.170869007706642 0.150893092155457 0.119028374552727 0.117661163210869 0.0980300903320312 0.116512902081013 0.131603643298149 0.126397490501404 0.14096762239933 0.148320809006691 0.100458167493343 0.0702782571315765 0.0917130783200264 0.129995539784431
0.258901596069336 0.231337696313858 0.201320052146912 0.211554080247879 0.22672538459301 0.210052534937859 0.200525715947151 0.191635370254517 0.187000632286072 0.185475021600723 0.162895083427429 0.130132749676704 0.156410828232765 0.149751260876656 0.1427101790905 0.131970778107643 0.175503551959991 0.172175943851471 0.148221850395203 0.0964530259370804 0.114473789930344 0.149497285485268 0.151818037033081 0.234983384609222 0.258950978517532 0.291894733905792 0.202648550271988 0.161527067422867 0.214785099029541 0.193361952900887 0.203941777348518 0.212409198284149 0.164678007364273 0.0997389256954193 0.0942672938108444 0.108081892132759 0.10037188231945 0.119237847626209 0.144171178340912 0.16082338988781 0.162186592817307 0.138185083866119 0.0932351425290108 0.0686515867710114 0.0683304667472839 0.101830936968327
0.26396170258522 0.230982944369316 0.234765484929085 0.244312345981598 0.217845126986504 0.176800906658173 0.192416295409203 0.188535884022713 0.200372636318207 0.179762870073318 0.157743662595749 0.118094131350517 0.131970778107643 0.172460645437241 0.108291044831276 0.256642937660217 0.192591443657875 0.150526314973831 0.204124763607979 0.105597533285618 0.0984912663698196 0.133479118347168 0.128209725022316 0.251103579998016 0.337014585733414 0.315972119569778 0.234796315431595 0.210571199655533 0.177838861942291 0.144310265779495 0.159888476133347 0.136406749486923 0.108475655317307 0.0910501107573509 0.0929859280586243 0.123974084854126 0.11871026456356 0.110830917954445 0.148068830370903 0.141947746276855 0.134860470890999 0.116405785083771 0.112726420164108 0.0925550907850266 0.0670598521828651 0.0795807540416718
0.232775896787643 0.208043843507767 0.206063374876976 0.191004425287247 0.202466547489166 0.180647537112236 0.23028975725174 0.230474323034286 0.173031166195869 0.208072111010551 0.14295457303524 0.123879693448544 0.114676289260387 0.152467310428619 0.0973338931798935 0.360121995210648 0.210917487740517 0.174776419997215 0.249784007668495 0.094883918762207 0.111344881355762 0.193375334143639 0.141114518046379 0.251103579998016 0.315972119569778 0.228877484798431 0.333417683839798 0.328728467226028 0.261071592569351 0.214785099029541 0.16482125222683 0.117562033236027 0.106734067201614 0.0972349420189857 0.0848299711942673 0.133228600025177 0.121692731976509 0.118392899632454 0.144171178340912 0.150626540184021 0.197936996817589 0.139388278126717 0.13298836350441 0.111422441899776 0.0739842429757118 0.0816712155938148
0.241710364818573 0.218526139855385 0.16887441277504 0.220086097717285 0.22832678258419 0.22217845916748 0.207900628447533 0.207572102546692 0.154689624905586 0.135824993252754 0.133479118347168 0.124758265912533 0.111344881355762 0.101759292185307 0.123663209378719 0.393443614244461 0.212597742676735 0.312288790941238 0.202816799283028 0.109562896192074 0.101023986935616 0.147838816046715 0.129339098930359 0.173180162906647 0.243783682584763 0.341527670621872 0.332743018865585 0.329840093851089 0.295856535434723 0.250712275505066 0.190080791711807 0.118928246200085 0.105967059731483 0.105967059731483 0.0903844088315964 0.103228256106377 0.106345877051353 0.139513194561005 0.201320052146912 0.208874344825745 0.201641201972961 0.175906151533127 0.152568593621254 0.104723997414112 0.080321229994297 0.119019374251366
0.176498100161552 0.19209298491478 0.211727768182755 0.254315882921219 0.216826498508453 0.176661938428879 0.221489295363426 0.154032602906227 0.124427005648613 0.119465693831444 0.107322804629803 0.12968148291111 0.112145930528641 0.0971586480736732 0.222373232245445 0.407095074653625 0.196220099925995 0.233178600668907 0.162080153822899 0.110548838973045 0.103896774351597 0.148474052548409 0.129339098930359 0.170169234275818 0.227990359067917 0.316403716802597 0.271308928728104 0.225510343909264 0.252231389284134 0.252608060836792 0.142699688673019 0.125852182507515 0.131266728043556 0.104732036590576 0.111430935561657 0.0982989594340324 0.144299671053886 0.166199758648872 0.221983790397644 0.224602580070496 0.187132835388184 0.163559123873711 0.145040675997734 0.110429666936398 0.0895531922578812 0.143668726086617
0.199387475848198 0.203280493617058 0.243576020002365 0.274494647979736 0.19414821267128 0.151550143957138 0.174914225935936 0.158147603273392 0.121386788785458 0.151171043515205 0.103429101407528 0.117157369852066 0.128549560904503 0.106841541826725 0.243607640266418 0.399042367935181 0.237897366285324 0.272717893123627 0.139898851513863 0.168472602963448 0.121386788785458 0.134062349796295 0.13677504658699 0.218555450439453 0.230658993124962 0.287537574768066 0.244151875376701 0.260686695575714 0.200372636318207 0.156536892056465 0.135580807924271 0.191165328025818 0.147064447402954 0.120198048651218 0.139034613966942 0.110140077769756 0.154803335666656 0.204746171832085 0.189134269952774 0.19271332025528 0.184389591217041 0.185908317565918 0.163559123873711 0.103501789271832 0.107589401304722 0.129652440547943
0.213923007249832 0.280549585819244 0.24469693005085 0.212075442075729 0.184715822339058 0.148342490196228 0.214112550020218 0.156811982393265 0.135002017021179 0.162493050098419 0.116843603551388 0.112952016294003 0.115808822214603 0.10985954105854 0.269135445356369 0.491689473390579 0.49879777431488 0.218214720487595 0.146195590496063 0.198612526059151 0.14074681699276 0.146824985742569 0.159492447972298 0.243783682584763 0.268334031105042 0.249963045120239 0.231908768415451 0.1740393191576 0.152198478579521 0.140495225787163 0.173889741301537 0.225677207112312 0.160834968090057 0.142816573381424 0.158668398857117 0.152837961912155 0.199387475848198 0.186065912246704 0.189600482583046 0.17344157397747 0.191460877656937 0.156651720404625 0.114043705165386 0.0985608696937561 0.135916993021965 0.107107095420361
0.241169840097427 0.286898255348206 0.234422460198402 0.265566110610962 0.173752561211586 0.161938831210136 0.21684105694294 0.179622069001198 0.131167620420456 0.160717666149139 0.124540463089943 0.105409152805805 0.103711076080799 0.108098432421684 0.345402091741562 0.513013005256653 0.47792574763298 0.203631803393364 0.169887527823448 0.210744291543961 0.137370407581329 0.253953754901886 0.269921451807022 0.27652108669281 0.262245088815689 0.22062261402607 0.173031166195869 0.18275061249733 0.201180294156075 0.187767043709755 0.205580949783325 0.229751840233803 0.191474169492722 0.125737711787224 0.215620681643486 0.217328086495399 0.218185439705849 0.181832388043404 0.165503427386284 0.167599439620972 0.154010251164436 0.119128569960594 0.103783935308456 0.193335190415382 0.131712839007378 0.0907919853925705
0.279534786939621 0.250516772270203 0.286702871322632 0.250337451696396 0.173031166195869 0.177991107106209 0.196535110473633 0.171028703451157 0.147587522864342 0.133830785751343 0.117157369852066 0.118202589452267 0.142466142773628 0.129114463925362 0.293151795864105 0.457942098379135 0.297340959310532 0.190870121121407 0.207743376493454 0.155747845768929 0.128997460007668 0.203463047742844 0.357327371835709 0.240820407867432 0.172312125563622 0.158009052276611 0.216149315237999 0.211742073297501 0.214273318648338 0.241916939616203 0.24469693005085 0.225146919488907 0.144803941249847 0.154281705617905 0.243016883730888 0.245805397629738 0.175478726625443 0.164534866809845 0.147817209362984 0.155064687132835 0.126397490501404 0.0966121479868889 0.162186592817307 0.174739301204681 0.0934040397405624 0.0789916664361954
0.282797008752823 0.279744476079941 0.310539811849594 0.21224944293499 0.216325744986534 0.155087172985077 0.223591163754463 0.205765023827553 0.160039886832237 0.125976204872131 0.120961643755436 0.121497854590416 0.238811105489731 0.134415328502655 0.44883731007576 0.353411018848419 0.396270304918289 0.260887384414673 0.203955709934235 0.145191103219986 0.25433212518692 0.22428497672081 0.176371768116951 0.237520098686218 0.153242751955986 0.280970007181168 0.492635071277618 0.24155105650425 0.26242995262146 0.292918384075165 0.193985402584076 0.160156801342964 0.138195291161537 0.186684310436249 0.238779917359352 0.21341273188591 0.152837961912155 0.171004369854927 0.1602853089571 0.165503427386284 0.135215222835541 0.0966121479868889 0.143796846270561 0.0893905758857727 0.101371511816978 0.0918794944882393
0.245258688926697 0.357546746730804 0.31617859005928 0.203786745667458 0.281794607639313 0.162351429462433 0.214287757873535 0.191809982061386 0.148221850395203 0.118202589452267 0.107322804629803 0.141483023762703 0.148858442902565 0.170316278934479 0.617002546787262 0.62056440114975 0.371800124645233 0.25337877869606 0.160168334841728 0.142582878470421 0.21751980483532 0.119886294007301 0.123221941292286 0.308388620615005 0.331395775079727 0.498485296964645 0.578115880489349 0.292918384075165 0.385046899318695 0.296055555343628 0.171583265066147 0.145428359508514 0.139398574829102 0.210052534937859 0.242092162370682 0.219565227627754 0.174751669168472 0.19492344558239 0.171719089150429 0.120299100875854 0.100097969174385 0.0950407311320305 0.0800267904996872 0.0979380905628204 0.209534823894501 0.212888970971107
0.195250362157822 0.275705963373184 0.308388620615005 0.226041227579117 0.298811703920364 0.210744291543961 0.182310238480568 0.143082156777382 0.122576415538788 0.0980452671647072 0.0996608883142471 0.171028703451157 0.108778037130833 0.355714708566666 0.640435218811035 0.532661616802216 0.590643525123596 0.450955808162689 0.256245940923691 0.165383398532867 0.141230329871178 0.108870670199394 0.107605881989002 0.122567191720009 0.177395224571228 0.364050984382629 0.425500869750977 0.541485011577606 0.488925576210022 0.243208423256874 0.192254588007927 0.171867191791534 0.197468861937523 0.20197656750679 0.204915717244148 0.216473162174225 0.199069023132324 0.145299032330513 0.127629086375237 0.129662126302719 0.0928981751203537 0.0961737483739853 0.0821279510855675 0.0784817263484001 0.0928104892373085 0.181522861123085
0.176510572433472 0.174764037132263 0.329169094562531 0.209735736250877 0.292307496070862 0.237708672881126 0.192902028560638 0.136181876063347 0.0968925654888153 0.0909781828522682 0.0926569849252701 0.176523044705391 0.121386788785458 0.52683162689209 0.424208253622055 0.653823673725128 0.511002540588379 0.460505753755569 0.224103927612305 0.185475021600723 0.151550143957138 0.116834752261639 0.134405344724655 0.119246862828732 0.125299498438835 0.129897251725197 0.261255919933319 0.486851006746292 0.588331758975983 0.352915823459625 0.21750520169735 0.210888937115669 0.251642823219299 0.210888937115669 0.236406296491623 0.290820091962814 0.21341273188591 0.194134786725044 0.150504380464554 0.148836702108383 0.123100258409977 0.113335393369198 0.091546930372715 0.0881690457463264 0.0842792242765427 0.105671562254429
0.121915437281132 0.160296857357025 0.324510544538498 0.164689809083939 0.27290740609169 0.212423548102379 0.148474052548409 0.111843883991241 0.0787140801548958 0.0926569849252701 0.0991171821951866 0.0991171821951866 0.277529150247574 0.59106981754303 0.587842404842377 0.648909628391266 0.492635071277618 0.388401538133621 0.201501280069351 0.248631447553635 0.154157117009163 0.120841890573502 0.118928246200085 0.119987115263939 0.104074768722057 0.183646708726883 0.345363289117813 0.390299946069717 0.451082915067673 0.265549391508102 0.178563386201859 0.258535206317902 0.246739685535431 0.196988001465797 0.414269894361496 0.306006401777267 0.283395975828171 0.200678899884224 0.154145926237106 0.141462177038193 0.123100258409977 0.101008407771587 0.0977618768811226 0.0950407311320305 0.100732952356339 0.0972274094820023
