output/projections/08_LGM/Scinax nebulosus.asc
NCOLS 168 
NROWS 144 
XLLCORNER -41.0000000002598 
YLLCORNER -7.99999999976785 
CELLSIZE 0.0416666666664048 
NODATA_value -3.4e+38 
[rows 40 to 59 of 144, columns 46 to 91 of 168]
0.651755034923553 0.582389354705811 0.563613593578339 0.654152512550354 0.718810439109802 0.704090416431427 0.596763074398041 0.908307135105133 0.862860262393951 0.841549456119537 0.844410479068756 0.875669956207275 0.887225866317749 0.875418901443481 0.88612562417984 0.878220319747925 0.89801812171936 0.899590849876404 0.902874052524567 0.918063104152679 0.923444330692291 0.926895380020142 0.941395223140717 0.932831227779388 0.941334843635559 0.938136756420135 0.929132461547852 0.946605086326599 0.950823426246643 0.970327436923981 0.960032999515533 0.947141587734222 -3.4e+38 -3.4e+38 -3.4e+38 -3.4e+38 -3.4e+38 -3.4e+38 -3.4e+38 -3.4e+38 -3.4e+38 -3.4e+38 -3.4e+38 -3.4e+38 -3.4e+38 -3.4e+38
0.550324380397797 0.515826404094696 0.58892410993576 0.572690546512604 0.666569173336029 0.630807816982269 0.748583793640137 0.910279810428619 0.824131369590759 0.843390345573425 0.834801554679871 0.83013391494751 0.90701287984848 0.917431890964508 0.9408198595047 0.894806921482086 0.878466486930847 0.898228883743286 0.889795184135437 0.899408340454102 0.918882966041565 0.920648038387299 0.921590328216553 0.923529744148254 0.939771711826324 0.928579866886139 0.918305635452271 0.924279570579529 0.91991263628006 0.960374236106873 0.962228655815125 0.961509943008423 -3.4e+38 -3.4e+38 -3.4e+38 -3.4e+38 -3.4e+38 -3.4e+38 -3.4e+38 -3.4e+38 -3.4e+38 -3.4e+38 -3.4e+38 -3.4e+38 -3.4e+38 -3.4e+38
0.457363724708557 0.511237323284149 0.497902750968933 0.537592828273773 0.521796941757202 0.543906271457672 0.633558571338654 0.960081458091736 0.856316864490509 0.781946778297424 0.791488349437714 0.814743936061859 0.884604394435883 0.877787709236145 0.91644412279129 0.927517235279083 0.867412745952606 0.872080981731415 0.865142822265625 0.877075016498566 0.902138292789459 0.917758762836456 0.91417008638382 0.914508700370789 0.927288472652435 0.926996469497681 0.924299418926239 0.922299563884735 0.928292632102966 0.933856606483459 0.942172586917877 0.960951387882233 0.9304119348526 -3.4e+38 -3.4e+38 -3.4e+38 -3.4e+38 -3.4e+38 -3.4e+38 -3.4e+38 -3.4e+38 -3.4e+38 -3.4e+38 -3.4e+38 -3.4e+38 -3.4e+38
0.423854380846024 0.509979605674744 0.40064600110054 0.510484397411346 0.488951921463013 0.770539224147797 0.675127327442169 0.841431677341461 0.703462243080139 0.817237377166748 0.874504089355469 0.833163619041443 0.88527911901474 0.849325239658356 0.905741035938263 0.911156356334686 0.894426167011261 0.870399534702301 0.855675101280212 0.860597670078278 0.890364170074463 0.913329541683197 0.91036468744278 0.906383752822876 0.906383752822876 0.906016290187836 0.909822523593903 0.916028320789337 0.917020559310913 0.923692226409912 0.919933557510376 0.932236313819885 0.947054624557495 0.925778567790985 0.905401885509491 -3.4e+38 -3.4e+38 -3.4e+38 -3.4e+38 -3.4e+38 -3.4e+38 -3.4e+38 -3.4e+38 -3.4e+38 -3.4e+38 -3.4e+38
0.413800150156021 0.472387850284576 0.365895569324493 0.586547136306763 0.59548944234848 0.86009669303894 0.669973433017731 0.558845460414886 0.698185741901398 0.948011040687561 0.882169783115387 0.846730589866638 0.846076250076294 0.853192567825317 0.866587102413177 0.883748054504395 0.921797573566437 0.853192567825317 0.865418970584869 0.892068147659302 0.87907463312149 0.86319375038147 0.895163774490356 0.88274359703064 0.895568788051605 0.884079337120056 0.884079337120056 0.894540250301361 0.894322752952576 0.895137131214142 0.904707729816437 0.906920552253723 0.92654675245285 0.932508885860443 0.926232576370239 0.879698514938354 0.711887180805206 -3.4e+38 -3.4e+38 -3.4e+38 -3.4e+38 -3.4e+38 -3.4e+38 -3.4e+38 -3.4e+38 -3.4e+38
0.466933965682983 0.458348214626312 0.361697822809219 0.680510938167572 0.646600544452667 0.522676885128021 0.482644081115723 0.438369065523148 0.951635420322418 0.938880980014801 0.835937678813934 0.830097734928131 0.820447325706482 0.875008821487427 0.848076999187469 0.889652729034424 0.875697195529938 0.893748819828033 0.775063216686249 0.797257363796234 0.848248541355133 0.868514895439148 0.857140600681305 0.858368813991547 0.884890556335449 0.867341220378876 0.855260252952576 0.863807380199432 0.87021017074585 0.883635580539703 0.902650594711304 0.869029641151428 0.883606374263763 0.906554996967316 0.914328455924988 0.909609973430634 0.766596853733063 -3.4e+38 -3.4e+38 -3.4e+38 -3.4e+38 -3.4e+38 -3.4e+38 -3.4e+38 -3.4e+38 -3.4e+38
0.421144247055054 0.466610431671143 0.625633835792542 0.573122024536133 0.501793563365936 0.482904016971588 0.432182997465134 0.70377641916275 0.935956656932831 0.832456946372986 0.871212899684906 0.905024707317352 0.810102820396423 0.874601364135742 0.864282727241516 0.870835900306702 0.857797980308533 0.919207692146301 0.919207692146301 0.695759832859039 0.781102240085602 0.832474946975708 0.841655373573303 0.836191296577454 0.867958843708038 0.809652268886566 0.84299236536026 0.835955381393433 0.856523156166077 0.893748819828033 0.914890289306641 0.772154808044434 0.787109732627869 0.864357948303223 0.889290750026703 0.904508948326111 0.883577167987823 0.869627833366394 -3.4e+38 -3.4e+38 -3.4e+38 -3.4e+38 -3.4e+38 -3.4e+38 -3.4e+38 -3.4e+38
0.363342136144638 0.377425938844681 0.61698991060257 0.51469749212265 0.51316910982132 0.540595948696136 0.587464332580566 0.726927876472473 0.781903028488159 0.624987959861755 0.96802818775177 0.856998562812805 0.845487356185913 0.873659372329712 0.812198460102081 0.815742075443268 0.814224243164062 0.860881567001343 0.883914351463318 0.920186460018158 0.825337588787079 0.819717526435852 0.814718306064606 0.811159551143646 0.829179763793945 0.816986858844757 0.836903154850006 0.827503681182861 0.829648375511169 0.848939597606659 0.876955330371857 0.816271603107452 0.853380978107452 0.84407103061676 0.847354650497437 0.864357948303223 0.852300822734833 0.89284348487854 0.806925117969513 -3.4e+38 -3.4e+38 -3.4e+38 -3.4e+38 -3.4e+38 -3.4e+38 -3.4e+38
0.404472231864929 0.426293522119522 0.636938333511353 0.528887629508972 0.529766261577606 0.59633868932724 0.656144380569458 0.643606007099152 0.505807042121887 0.87009871006012 0.959540605545044 0.788160741329193 0.867400825023651 0.745462000370026 0.818225085735321 0.799080371856689 0.832763016223907 0.831356346607208 0.827055096626282 0.857861161231995 0.890037298202515 0.807782590389252 0.782474935054779 0.778465270996094 0.778465270996094 0.795828521251678 0.792827486991882 0.799080371856689 0.799887239933014 0.809612691402435 0.787866175174713 0.812198460102081 0.860860884189606 0.84762179851532 0.826352059841156 0.837810933589935 0.804243862628937 0.847387850284576 0.869562268257141 0.701509892940521 -3.4e+38 -3.4e+38 -3.4e+38 -3.4e+38 -3.4e+38 -3.4e+38
0.323997974395752 0.390046119689941 0.525123715400696 0.815684139728546 0.613894283771515 0.785570740699768 0.737729489803314 0.512356579303741 0.655007898807526 0.831802129745483 0.834807753562927 0.757029056549072 0.742586195468903 0.710361301898956 0.792537689208984 0.795541882514954 0.815205097198486 0.8227179646492 0.813683807849884 0.807234406471252 0.845773994922638 0.833510756492615 0.762766897678375 0.753259003162384 0.734470665454865 0.754193305969238 0.747935891151428 0.759426832199097 0.770554602146149 0.787823259830475 0.791169166564941 0.782474935054779 0.81319397687912 0.816233098506927 0.803647577762604 0.804717838764191 0.813767969608307 0.817814707756042 0.884286165237427 0.786308228969574 0.751293659210205 -3.4e+38 -3.4e+38 -3.4e+38 -3.4e+38 -3.4e+38
0.283555150032043 0.325310945510864 0.318542182445526 0.870705425739288 0.920878231525421 0.814172208309174 0.873493194580078 0.777945160865784 0.747082769870758 0.753961503505707 0.72161877155304 0.78019642829895 0.642065525054932 0.712736666202545 0.784140050411224 0.793321967124939 0.769930481910706 0.762128174304962 0.76903772354126 0.786092519760132 0.766344785690308 0.794680058956146 0.781272053718567 0.713045060634613 0.710980892181396 0.721515655517578 0.72819060087204 0.724539458751678 0.736721575260162 0.743161797523499 0.75044184923172 0.754193305969238 0.779028654098511 0.78333044052124 0.778769195079803 0.767651200294495 0.759520590305328 0.758324086666107 0.839174211025238 0.843441307544708 0.809227108955383 0.780932366847992 -3.4e+38 -3.4e+38 -3.4e+38 -3.4e+38
0.30317634344101 0.346424430608749 0.461761653423309 0.911737024784088 0.859469056129456 0.944388449192047 0.940867245197296 0.940384387969971 0.868554353713989 0.747367382049561 0.749546229839325 0.631999492645264 0.650063097476959 0.710980892181396 0.712684094905853 0.745029747486115 0.724840104579926 0.758135855197906 0.721818268299103 0.784649610519409 0.766614496707916 0.77431321144104 0.737646996974945 0.739590406417847 0.65417218208313 0.695596814155579 0.680529892444611 0.672101497650146 0.685596287250519 0.694903969764709 0.697034001350403 0.706148266792297 0.72853946685791 0.746985793113708 0.731861591339111 0.731565833091736 0.74388325214386 0.719287931919098 0.738477647304535 0.776552021503448 0.796769857406616 0.822785973548889 0.732703924179077 -3.4e+38 -3.4e+38 -3.4e+38
0.261390596628189 0.408093839883804 0.541931092739105 0.956768274307251 0.956768274307251 0.929013252258301 0.878055930137634 0.851525247097015 0.926486551761627 0.788957118988037 0.655766129493713 0.654230237007141 0.705102741718292 0.701584279537201 0.710255682468414 0.622111022472382 0.629535436630249 0.711599707603455 0.707815170288086 0.710565626621246 0.669489145278931 0.637306809425354 0.660914599895477 0.769572496414185 0.589371979236603 0.51842588186264 0.664290249347687 0.650347352027893 0.655650198459625 0.679050445556641 0.686300694942474 0.634627461433411 0.641601145267487 0.722525835037231 0.712375521659851 0.711705029010773 0.711395800113678 0.707974374294281 0.700690925121307 0.68217271566391 0.744603395462036 0.746846556663513 0.760210931301117 0.781190037727356 0.720051229000092 -3.4e+38
0.302535116672516 0.410527676343918 0.908823370933533 0.960862100124359 0.961666941642761 0.943473279476166 0.953330457210541 0.952414095401764 0.736136674880981 0.553461968898773 0.799563705921173 0.745364546775818 0.721818268299103 0.673541128635406 0.66686624288559 0.618138611316681 0.509184181690216 0.599804162979126 0.592959403991699 0.624414443969727 0.646503090858459 0.645352005958557 0.662378668785095 0.6851606965065 0.739201188087463 0.549163639545441 0.56196266412735 0.621281564235687 0.604627072811127 0.63573431968689 0.643449306488037 0.645755469799042 0.623293519020081 0.604688405990601 0.687762081623077 0.653831243515015 0.677679538726807 0.679162323474884 0.672603011131287 0.658489346504211 0.645242154598236 0.631768465042114 0.707404136657715 0.784866452217102 0.739498019218445 -3.4e+38
0.229875355958939 0.374277561903 0.835524439811707 0.963818371295929 0.930092513561249 0.718931794166565 0.636320829391479 0.914100766181946 0.716841042041779 0.699526369571686 0.862206041812897 0.734714329242706 0.667257905006409 0.650689899921417 0.586078345775604 0.436154544353485 0.570552945137024 0.543736815452576 0.656330227851868 0.608169794082642 0.584428608417511 0.581185936927795 0.604987144470215 0.598171651363373 0.651032269001007 0.703580498695374 0.625946879386902 0.462824523448944 0.578733623027802 0.578733623027802 0.622050642967224 0.624414443969727 0.59659868478775 0.556628882884979 0.64425802230835 0.639283061027527 0.635444819927216 0.63818085193634 0.632409512996674 0.641719162464142 0.641372740268707 0.608895599842072 0.634865522384644 0.684732019901276 0.75340211391449 0.68255490064621
0.251022905111313 0.72126442193985 0.915605008602142 0.957538664340973 0.915938496589661 0.681734561920166 0.422040373086929 0.815962135791779 0.783286869525909 0.729830920696259 0.677238166332245 0.642698764801025 0.612180829048157 0.46407613158226 0.424306333065033 0.523322224617004 0.526647984981537 0.418170928955078 0.610924184322357 0.559419870376587 0.516224384307861 0.503270208835602 0.554887473583221 0.566416263580322 0.581552624702454 0.590465426445007 0.640671610832214 0.58723658323288 0.529156804084778 0.54910010099411 0.582776963710785 0.586443781852722 0.566046237945557 0.547917187213898 0.62600702047348 0.659051299095154 0.49547216296196 0.518489956855774 0.583392798900604 0.60119640827179 0.609612941741943 0.604872465133667 0.595271170139313 0.602103173732758 0.629012107849121 0.717965602874756
0.370282471179962 0.890512108802795 0.910973072052002 0.841029644012451 0.81945675611496 0.542305052280426 0.470550656318665 0.676193177700043 0.614271938800812 0.661309659481049 0.521754622459412 0.489118009805679 0.500376999378204 0.353352189064026 0.518297731876373 0.491128861904144 0.481510639190674 0.451956272125244 0.460258990526199 0.473160654306412 0.41401731967926 0.428508669137955 0.45694774389267 0.447410374879837 0.480254173278809 0.49446228146553 0.526208400726318 0.537861347198486 0.553208231925964 0.540362596511841 0.556937336921692 0.552399814128876 0.554887473583221 0.561094343662262 0.55824226140976 0.604627072811127 0.475903928279877 0.457041442394257 0.552590250968933 0.549727261066437 0.556383728981018 0.566298425197601 0.556447088718414 0.564691483974457 0.553153038024902 0.631708741188049
0.715818285942078 0.930819392204285 0.92115443944931 0.88132506608963 0.774973690509796 0.700953006744385 0.623767733573914 0.54760754108429 0.544675290584564 0.517985641956329 0.454565763473511 0.433680564165115 0.367756098508835 0.389804631471634 0.536610007286072 0.46107143163681 0.415491759777069 0.432962268590927 0.446974486112595 0.363328278064728 0.435435324907303 0.452766358852386 0.484400570392609 0.486915111541748 0.443245023488998 0.481886804103851 0.468959003686905 0.438716620206833 0.490247488021851 0.534919559955597 0.551527678966522 0.578241109848022 0.520370423793793 0.529156804084778 0.542487859725952 0.512516677379608 0.536737680435181 0.470074743032455 0.514278769493103 0.508054554462433 0.512373924255371 0.512818932533264 0.519602298736572 0.532410264015198 0.522872269153595 0.554768979549408
0.543927848339081 0.826358795166016 0.669602692127228 0.641660153865814 0.705835521221161 0.631178915500641 0.5706787109375 0.436133444309235 0.437627822160721 0.388587713241577 0.427998900413513 0.409372448921204 0.416461646556854 0.459820985794067 0.426097869873047 0.399444162845612 0.408176749944687 0.368947148323059 0.313763499259949 0.336530387401581 0.421182066202164 0.419955492019653 0.44280993938446 0.424333661794662 0.402591705322266 0.415059268474579 0.373179823160172 0.405747264623642 0.478933870792389 0.526144444942474 0.586746871471405 0.587966799736023 0.49150538444519 0.497796177864075 0.518297731876373 0.496602058410645 0.372206330299377 0.472139179706573 0.473340153694153 0.474335491657257 0.46504133939743 0.475071430206299 0.46702829003334 0.481091111898422 0.48184934258461 0.493426859378815
0.374297648668289 0.604749798774719 0.799563705921173 0.757258892059326 0.63661003112793 0.602701902389526 0.605469822883606 0.464566111564636 0.415218144655228 0.331127166748047 0.403782188892365 0.430975615978241 0.49150538444519 0.432529419660568 0.408176749944687 0.358224958181381 0.347642749547958 0.293745934963226 0.303450703620911 0.312904536724091 0.334286481142044 0.415059268474579 0.463509917259216 0.375781685113907 0.378145933151245 0.384328007698059 0.366143107414246 0.352460086345673 0.407746583223343 0.511507272720337 0.558487236499786 0.510690212249756 0.499431133270264 0.479814052581787 0.497796177864075 0.489053875207901 0.36447349190712 0.435407787561417 0.452307671308517 0.43489608168602 0.430188894271851 0.426725149154663 0.438589483499527 0.433382779359818 0.457020163536072 0.466034680604935
