output/projections/08_LGM/Scinax nebulosus.asc
NCOLS 168 
NROWS 144 
XLLCORNER -41.0000000002598 
YLLCORNER -7.99999999976785 
CELLSIZE 0.0416666666664048 
NODATA_value -3.4e+38 
[rows 20 to 39 of 144, columns 0 to 45 of 168]
0.755912661552429 0.707397222518921 0.660066187381744 0.798161566257477 0.683962941169739 0.796590924263 0.833147585391998 0.841444969177246 0.866055727005005 0.852616965770721 0.85764753818512 0.892807424068451 0.899868190288544 0.873542308807373 0.894735276699066 0.906497955322266 0.894735276699066 0.907769978046417 0.925481855869293 0.923359990119934 0.894686460494995 0.92188572883606 0.922595262527466 0.910196900367737 0.904208362102509 0.893619298934937 0.885647416114807 0.878777980804443 0.904554009437561 0.912433624267578 0.904539048671722 0.925498306751251 0.925712764263153 0.924956262111664 0.912314295768738 0.935365855693817 0.945214569568634 0.952853620052338 0.952659010887146 0.955682635307312 0.958693087100983 0.961825966835022 0.962455809116364 0.963534116744995 0.964775919914246 0.96802818775177
0.832302093505859 0.861751079559326 0.865350067615509 0.875087678432465 0.756246507167816 0.846743524074554 0.84806752204895 0.868948340415955 0.781516075134277 0.85134744644165 0.845500349998474 0.846179187297821 0.876315057277679 0.852660357952118 0.871301531791687 0.90168309211731 0.876315057277679 0.896165072917938 0.91192615032196 0.924081444740295 0.818655252456665 0.892774343490601 0.923691093921661 0.913062870502472 0.925768911838531 0.913021743297577 0.900617063045502 0.887167751789093 0.874955475330353 0.892092168331146 0.899179100990295 0.913986682891846 0.921986877918243 0.918385326862335 0.9223552942276 0.932285487651825 0.939193487167358 0.945660531520844 0.942917048931122 0.949009656906128 0.956946730613708 0.958521544933319 0.96502298116684 0.959708094596863 0.964729964733124 0.96802818775177
0.816195487976074 0.814706563949585 0.84732848405838 0.870599925518036 0.728285551071167 0.809408724308014 0.863068521022797 0.830354392528534 0.812574207782745 0.747897207736969 0.86841356754303 0.829693019390106 0.871864914894104 0.876333773136139 0.869598805904388 0.881178021430969 0.886888444423676 0.884321451187134 0.903468549251556 0.913543462753296 0.778926849365234 0.884268403053284 0.910253345966339 0.898878991603851 0.917384624481201 0.915026485919952 0.901991009712219 0.912994265556335 0.892125427722931 0.865835130214691 0.883020281791687 0.89780193567276 0.905419588088989 0.917826116085052 0.908434808254242 0.915733397006989 0.928917467594147 0.930611193180084 0.945660531520844 0.951275408267975 0.951168537139893 0.9576535820961 0.962767004966736 0.953522384166718 0.954282760620117 0.962767004966736
0.817726612091064 0.801385521888733 0.840004444122314 0.872870326042175 0.750636577606201 0.776225745677948 0.862472593784332 0.829644203186035 0.86069244146347 0.786686778068542 0.778956592082977 0.85766863822937 0.830427348613739 0.870736062526703 0.860754609107971 0.881721973419189 0.888909518718719 0.85830295085907 0.909484505653381 0.89475154876709 0.730366826057434 0.866075754165649 0.890831708908081 0.903408288955688 0.904268205165863 0.887773931026459 0.890730917453766 0.88257098197937 0.877197444438934 0.901035904884338 0.868751466274261 0.884588658809662 0.893553555011749 0.900088012218475 0.901884078979492 0.914389431476593 0.92266434431076 0.926736950874329 0.932139933109283 0.943149328231812 0.944297254085541 0.956409275531769 0.953815162181854 0.958002805709839 0.951355755329132 0.961984395980835
0.823701858520508 0.810104250907898 0.875636875629425 0.892724692821503 0.672983825206757 0.784905135631561 0.882696270942688 0.799109876155853 0.875182092189789 0.866075754165649 0.712051212787628 0.828980624675751 0.835354924201965 0.853942096233368 0.867876946926117 0.877439141273499 0.885364770889282 0.848825812339783 0.903921663761139 0.879587888717651 0.682380735874176 0.844180762767792 0.881667971611023 0.889337599277496 0.882156133651733 0.894178569316864 0.895582735538483 0.830208301544189 0.8815056681633 0.891169548034668 0.890172481536865 0.903711378574371 0.912149786949158 0.883539199829102 0.882481455802917 0.899498522281647 0.898565649986267 0.923889219760895 0.916552782058716 0.922952055931091 0.940287053585052 0.949426412582397 0.950045526027679 0.951262235641479 0.952057719230652 0.961346924304962
0.873389601707458 0.84929370880127 0.91583251953125 0.874555468559265 0.65921676158905 0.700999796390533 0.899366855621338 0.824581563472748 0.851983308792114 0.858260929584503 0.728345632553101 0.783288717269897 0.786715745925903 0.846855580806732 0.867876946926117 0.884339094161987 0.855836689472198 0.867876946926117 0.897129952907562 0.895711898803711 0.637765824794769 0.814154744148254 0.881685972213745 0.872946977615356 0.866618573665619 0.866598606109619 0.850599646568298 0.805387854576111 0.862945973873138 0.863519847393036 0.883592486381531 0.876090168952942 0.897370994091034 0.924317061901093 0.852988541126251 0.892075538635254 0.888470113277435 0.899770259857178 0.905665516853333 0.919009864330292 0.923564672470093 0.92817211151123 0.9401575922966 0.946088671684265 0.945971071720123 0.950440883636475
0.91223281621933 0.907260537147522 0.920766234397888 0.803859710693359 0.617956817150116 0.716528356075287 0.886312901973724 0.855128943920135 0.883234262466431 0.833219647407532 0.741163194179535 0.719255745410919 0.788399994373322 0.774592995643616 0.828290402889252 0.869026958942413 0.863170564174652 0.871320903301239 0.888411521911621 0.884852945804596 0.647359609603882 0.750798225402832 0.869007289409637 0.861915647983551 0.862493097782135 0.855107545852661 0.831013679504395 0.760855615139008 0.840656578540802 0.863540172576904 0.869953632354736 0.794785976409912 0.862905144691467 0.904583811759949 0.940159916877747 0.909671127796173 0.85104113817215 0.863833546638489 0.888950884342194 0.902846395969391 0.912820339202881 0.915533542633057 0.923401892185211 0.933744788169861 0.942543983459473 0.940384387969971
0.899304330348969 0.934084236621857 0.851260006427765 0.817078530788422 0.687162637710571 0.691097915172577 0.86545068025589 0.867797672748566 0.906041085720062 0.781516075134277 0.717183530330658 0.84878146648407 0.785840928554535 0.728379786014557 0.80320143699646 0.77105838060379 0.874135315418243 0.877439141273499 0.819503486156464 0.772860884666443 0.652683556079865 0.680905818939209 0.853291571140289 0.855171740055084 0.84746253490448 0.835283637046814 0.807850956916809 0.732251226902008 0.832374453544617 0.846653819084167 0.7391517162323 0.802130579948425 0.864111959934235 0.889184474945068 0.914159178733826 0.925517916679382 0.933872163295746 0.870254814624786 0.804934978485107 0.869074642658234 0.904352605342865 0.901293754577637 0.911061823368073 0.917517840862274 0.926991522312164 0.932103991508484
0.882624685764313 0.936439692974091 0.857563138008118 0.82083535194397 0.726938545703888 0.684994578361511 0.838034987449646 0.898910403251648 0.830354392528534 0.786657810211182 0.775410413742065 0.794218003749847 0.826082587242126 0.662880122661591 0.791767716407776 0.731390774250031 0.882767796516418 0.906099855899811 0.706899642944336 0.869046628475189 0.614264011383057 0.61545592546463 0.842207133769989 0.848803639411926 0.843517541885376 0.844819068908691 0.716170072555542 0.768197417259216 0.841375768184662 0.718976855278015 0.758033990859985 0.813155889511108 0.835117220878601 0.84527450799942 0.84190845489502 0.856137692928314 0.892575740814209 0.931410372257233 0.892897069454193 0.916728794574738 0.882793247699738 0.892255425453186 0.89472371339798 0.905073463916779 0.90927129983902 0.916177928447723
0.905552625656128 0.936181902885437 0.889798104763031 0.834542274475098 0.751609802246094 0.766430974006653 0.84211528301239 0.933549880981445 0.838740408420563 0.737215220928192 0.83599865436554 0.749790489673615 0.8594810962677 0.70373409986496 0.647762060165405 0.791767716407776 0.831864356994629 0.875238716602325 0.795942544937134 0.803256034851074 0.551337242126465 0.557119071483612 0.82098776102066 0.846201658248901 0.855815351009369 0.806364476680756 0.578545868396759 0.804706394672394 0.760918498039246 0.669318675994873 0.799778401851654 0.837917745113373 0.817726612091064 0.814654409885406 0.852399706840515 0.844569742679596 0.879846274852753 0.87712299823761 0.862047672271729 0.919990837574005 0.928344428539276 0.936145484447479 0.911945044994354 0.882235586643219 0.885803639888763 0.896929264068604
0.921873271465302 0.896552383899689 0.865410447120667 0.846743524074554 0.739127457141876 0.715504884719849 0.792511105537415 0.894211292266846 0.848737120628357 0.814102470874786 0.920079529285431 0.879532992839813 0.795039415359497 0.752644777297974 0.598348677158356 0.792596340179443 0.817983984947205 0.844226181507111 0.900817930698395 0.868472754955292 0.460880070924759 0.559166789054871 0.836093425750732 0.870187997817993 0.808764696121216 0.668814599514008 0.550155401229858 0.746914386749268 0.578975796699524 0.621515274047852 0.818552613258362 0.820017457008362 0.709786951541901 0.830183982849121 0.85743647813797 0.808417081832886 0.85426789522171 0.871010661125183 0.862823367118835 0.891444444656372 0.904177784919739 0.911782741546631 0.93376237154007 0.888397932052612 0.853300750255585 0.869567930698395
0.899790346622467 0.86482310295105 0.90339320898056 0.869500815868378 0.8487149477005 0.756310164928436 0.770936369895935 0.886312901973724 0.795830309391022 0.897991955280304 0.934349894523621 0.886836409568787 0.801550447940826 0.822411954402924 0.733330070972443 0.692437648773193 0.629998564720154 0.625293433666229 0.934614598751068 0.83331561088562 0.396270304918289 0.492130190134048 0.819529056549072 0.774653315544128 0.701658368110657 0.579280436038971 0.626884520053864 0.597138404846191 0.52984356880188 0.578975796699524 0.784024894237518 0.6733717918396 0.731955766677856 0.822969794273376 0.863540172576904 0.808470606803894 0.829424321651459 0.864071369171143 0.868731737136841 0.878617584705353 0.834095478057861 0.931185662746429 0.906034231185913 0.918191134929657 0.842884600162506 0.831850469112396
0.902495920658112 0.947513163089752 0.948154389858246 0.936181902885437 0.944646954536438 0.818629622459412 0.701684713363647 0.759113967418671 0.915483832359314 0.950848460197449 0.946427762508392 0.939703822135925 0.878998637199402 0.822411954402924 0.79997193813324 0.74119633436203 0.723372280597687 0.540983438491821 0.838175654411316 0.596652388572693 0.399465292692184 0.713223457336426 0.779075562953949 0.681942760944366 0.577192842960358 0.552145957946777 0.590643525123596 0.492194354534149 0.56622713804245 0.606785953044891 0.566290199756622 0.555196166038513 0.71519809961319 0.81551718711853 0.86653870344162 0.844660460948944 0.768939018249512 0.875561594963074 0.88409149646759 0.84522932767868 0.778339922428131 0.90266615152359 0.90152370929718 0.872491955757141 0.907858371734619 0.869607090950012
0.949414730072021 0.932133734226227 0.760001659393311 0.971194386482239 0.950646042823792 0.845455169677734 0.682436347007751 0.638232350349426 0.761895656585693 0.767361581325531 0.929211378097534 0.955843150615692 0.917054951190948 0.831816017627716 0.846833169460297 0.791767716407776 0.779881358146667 0.734414279460907 0.575165271759033 0.391463845968246 0.613009810447693 0.766678273677826 0.651082932949066 0.566101014614105 0.503390192985535 0.616585791110992 0.592223823070526 0.430736094713211 0.567832708358765 0.584607422351837 0.482639163732529 0.606005489826202 0.518609762191772 0.750636577606201 0.817803859710693 0.812442600727081 0.685810327529907 0.817726612091064 0.869953632354736 0.8221595287323 0.803458690643311 0.850916028022766 0.885459840297699 0.857167840003967 0.888453006744385 0.861386179924011
0.938217282295227 0.720599770545959 0.769123136997223 0.96900075674057 0.948788225650787 0.819375693798065 0.856989562511444 0.647820591926575 0.607206642627716 0.784083425998688 0.863088965415955 0.958500564098358 0.911507129669189 0.948997914791107 0.850731313228607 0.80481493473053 0.767484962940216 0.775530755519867 0.459191769361496 0.389068454504013 0.794387340545654 0.667584836483002 0.614560127258301 0.492066025733948 0.458316117525101 0.602632403373718 0.442619919776917 0.364774286746979 0.532661616802216 0.50137859582901 0.438590198755264 0.594351232051849 0.580998480319977 0.693937718868256 0.773561716079712 0.783995687961578 0.772618174552917 0.75024950504303 0.798133730888367 0.810824394226074 0.731592535972595 0.860325217247009 0.873703002929688 0.854080438613892 0.81123274564743 0.727773308753967
0.801468014717102 0.876784920692444 0.929870665073395 0.936181902885437 0.896116852760315 0.868948340415955 0.840097308158875 0.667029857635498 0.61712384223938 0.585463583469391 0.629295945167542 0.941156804561615 0.947297751903534 0.927199006080627 0.798356294631958 0.644309103488922 0.681615889072418 0.772006452083588 0.373693138360977 0.606242656707764 0.573872148990631 0.641880810260773 0.521306216716766 0.488292545080185 0.476605981588364 0.529651701450348 0.376405745744705 0.35364893078804 0.490872234106064 0.420524328947067 0.472153663635254 0.511443138122559 0.549345970153809 0.615933895111084 0.810210525989532 0.833846092224121 0.794105052947998 0.720296323299408 0.787356734275818 0.813945591449738 0.663446009159088 0.857909381389618 0.871483981609344 0.815917730331421 0.703562319278717 0.703248023986816
0.813260853290558 0.952829957008362 0.971194386482239 0.966992557048798 0.931172311306 0.929870665073395 0.848737120628357 0.672207236289978 0.838740408420563 0.648968100547791 0.645520508289337 0.965150952339172 0.971194386482239 0.971194386482239 0.931494176387787 0.708981037139893 0.619794189929962 0.501755237579346 0.33950087428093 0.411109447479248 0.424513578414917 0.597377359867096 0.479933798313141 0.470332205295563 0.46701118350029 0.415135681629181 0.336355477571487 0.323654800653458 0.426606118679047 0.370625287294388 0.381303131580353 0.554261684417725 0.373199880123138 0.866658508777618 0.911493182182312 0.928546369075775 0.758160710334778 0.756278336048126 0.752483904361725 0.734564244747162 0.687596678733826 0.791291296482086 0.817502200603485 0.697543323040009 0.574595749378204 0.659708499908447
0.792454302310944 0.953217029571533 0.971194386482239 0.937207281589508 0.941870987415314 0.882696270942688 0.768258929252625 0.683526158332825 0.58344703912735 0.646671414375305 0.896600484848022 0.971194386482239 0.971194386482239 0.971194386482239 0.964564621448517 0.926173150539398 0.681615889072418 0.411963522434235 0.399042367935181 0.36975485086441 0.416358262300491 0.477421760559082 0.463254600763321 0.458690196275711 0.34064969420433 0.417153090238571 0.311432003974915 0.283236861228943 0.311208844184875 0.300085961818695 0.221145287156105 0.784171164035797 0.603959858417511 0.792567908763885 0.932449102401733 0.931172311306 0.799889028072357 0.813287079334259 0.708331882953644 0.712473809719086 0.756214678287506 0.659931421279907 0.659593224525452 0.549014985561371 0.614843487739563 0.703194439411163
0.971194386482239 0.969896972179413 0.948577761650085 0.92684680223465 0.894211292266846 0.850024938583374 0.786628782749176 0.632811546325684 0.456009060144424 0.619499564170837 0.948154389858246 0.949828386306763 0.965870678424835 0.966154515743256 0.965584516525269 0.898973166942596 0.538482666015625 0.339948624372482 0.37328052520752 0.397413611412048 0.395787119865417 0.507917821407318 0.485337167978287 0.345234781503677 0.294213682413101 0.335910022258759 0.246223419904709 0.280181467533112 0.178143471479416 0.4641954600811 0.54554146528244 0.631171107292175 0.780714631080627 0.922656893730164 0.940676152706146 0.823120713233948 0.864863514900208 0.602033615112305 0.704155027866364 0.734857857227325 0.745830774307251 0.667869627475739 0.518588066101074 0.4851955473423 0.612456858158112 0.692958414554596
0.971194386482239 0.971194386482239 0.941156804561615 0.907304108142853 0.799082159996033 0.952046632766724 0.864274144172668 0.496032923460007 0.466389000415802 0.40531787276268 0.784934282302856 0.948366522789001 0.85515034198761 0.899398148059845 0.921207904815674 0.663216710090637 0.389907032251358 0.340630441904068 0.286312341690063 0.40624412894249 0.35926216840744 0.498292773962021 0.355793714523315 0.261104702949524 0.194175064563751 0.219951629638672 0.136069551110268 0.276538223028183 0.177407741546631 0.230843782424927 0.389907032251358 0.389129459857941 0.777218461036682 0.874097287654877 0.870129466056824 0.897082090377808 0.784934282302856 0.625000476837158 0.58142763376236 0.523634016513824 0.679594993591309 0.596475124359131 0.401666909456253 0.497710227966309 0.568802535533905 0.634837567806244
