output/projections/08_LGM/Sclerurus cearensis.asc
NCOLS 168 
NROWS 144 
XLLCORNER -41.0000000002598 
YLLCORNER -7.99999999976785 
CELLSIZE 0.0416666666664048 
NODATA_value -3.4e+38 
[rows 100 to 119 of 144, columns 0 to 45 of 168]
0.921956658363342 0.915673434734344 0.908852756023407 0.944946050643921 0.946556508541107 0.92665833234787 0.903526842594147 0.897497594356537 0.909527838230133 0.901264369487762 0.883559942245483 0.887635707855225 0.871214985847473 0.866863131523132 0.871372282505035 0.855441212654114 0.854531705379486 0.854572474956512 0.854654967784882 0.854915916919708 0.854998230934143 0.855089783668518 0.855259537696838 0.879607856273651 0.855030953884125 0.882339596748352 0.915646016597748 0.929637789726257 0.933357715606689 0.934552550315857 0.925769150257111 0.925814747810364 0.90833991765976 0.906859159469604 0.917797565460205 0.90535706281662 0.91793292760849 0.90472424030304 0.920153200626373 0.926443159580231 0.925184845924377 0.927965223789215 0.916261672973633 0.907804071903229 0.891232430934906 0.88656210899353
0.900956571102142 0.930593550205231 0.928908109664917 0.941855311393738 0.947510898113251 0.929938912391663 0.91630619764328 0.900150954723358 0.893072903156281 0.891265392303467 0.898637235164642 0.879633665084839 0.869016647338867 0.871223449707031 0.87468022108078 0.854421198368073 0.854503750801086 0.854489982128143 0.854572474956512 0.854668736457825 0.854842841625214 0.85459691286087 0.863749444484711 0.866839230060577 0.866915822029114 0.882980287075043 0.898275434970856 0.923260807991028 0.923307836055756 0.923454523086548 0.928169310092926 0.932612597942352 0.920258224010468 0.921701967716217 0.909866333007812 0.905119836330414 0.90091747045517 0.911701560020447 0.919272720813751 0.917902648448944 0.915164470672607 0.908206045627594 0.895490527153015 0.887098789215088 0.891942501068115 0.874043524265289
0.875108957290649 0.899359405040741 0.928836166858673 0.937444686889648 0.946478068828583 0.941010653972626 0.922766804695129 0.911785304546356 0.909527838230133 0.897686898708344 0.897811710834503 0.874315977096558 0.88072943687439 0.867981672286987 0.867990255355835 0.869251668453217 0.868218243122101 0.854586243629456 0.854503750801086 0.854092836380005 0.853735327720642 0.853925108909607 0.853763401508331 0.854074597358704 0.854147553443909 0.860994756221771 0.889612078666687 0.909689843654633 0.931498348712921 0.913652181625366 0.918865561485291 0.920401334762573 0.934103190898895 0.935861051082611 0.922143638134003 0.91874885559082 0.908221781253815 0.906703650951385 0.909943044185638 0.923965871334076 0.909494638442993 0.893242180347443 0.900616765022278 0.883943498134613 0.884055137634277 0.880118489265442
0.876240074634552 0.901106476783752 0.917213797569275 0.917341351509094 0.933464348316193 0.943596959114075 0.924759984016418 0.920709908008575 0.911838710308075 0.912670373916626 0.903040051460266 0.903945982456207 0.903214275836945 0.886795282363892 0.888799428939819 0.871372282505035 0.864766120910645 0.853766083717346 0.85309910774231 0.853152334690094 0.853265404701233 0.8611860871315 0.853514611721039 0.85362297296524 0.869439482688904 0.896474242210388 0.900022268295288 0.916923582553864 0.932339191436768 0.909455001354218 0.922091782093048 0.937142193317413 0.94050794839859 0.928310394287109 0.915335595607758 0.911794424057007 0.914165258407593 0.904731512069702 0.905663311481476 0.912986755371094 0.895681917667389 0.892051994800568 0.895921766757965 0.88456928730011 0.877536296844482 0.884869992733002
0.88019460439682 0.894871413707733 0.911110401153564 0.89428436756134 0.922454357147217 0.940431237220764 0.915492415428162 0.914853990077972 0.900270223617554 0.905445635318756 0.909637033939362 0.895038068294525 0.889626443386078 0.875525593757629 0.875602245330811 0.86160409450531 0.85257476568222 0.852412164211273 0.876657962799072 0.867197453975677 0.852895975112915 0.850729823112488 0.851010620594025 0.853431582450867 0.853457033634186 0.887658894062042 0.907995581626892 0.908051013946533 0.90319687128067 0.91881400346756 0.933233201503754 0.940638065338135 0.941215574741364 0.930442869663239 0.906502783298492 0.908267915248871 0.922315061092377 0.930859446525574 0.917057514190674 0.901349186897278 0.897903800010681 0.88400137424469 0.914437651634216 0.878191828727722 0.882244050502777 0.914701461791992
0.900824666023254 0.895782947540283 0.876410663127899 0.910456657409668 0.932179391384125 0.934743404388428 0.89092355966568 0.877059817314148 0.887301385402679 0.866339147090912 0.87092524766922 0.872162759304047 0.854879796504974 0.853008031845093 0.851762652397156 0.851765751838684 0.852013885974884 0.852089941501617 0.852100729942322 0.852184355258942 0.85236382484436 0.850430488586426 0.848447561264038 0.852765619754791 0.85307902097702 0.857358813285828 0.863280534744263 0.864502251148224 0.874500691890717 0.936760663986206 0.933937907218933 0.929254770278931 0.931737661361694 0.917409420013428 0.904434561729431 0.91972142457962 0.919937312602997 0.909616053104401 0.905851721763611 0.890119194984436 0.888419508934021 0.874427795410156 0.901196718215942 0.879811644554138 0.905577540397644 0.922439992427826
0.858191430568695 0.853040993213654 0.868869245052338 0.883666455745697 0.919550061225891 0.933546721935272 0.895547389984131 0.868424415588379 0.887301385402679 0.87085497379303 0.861687064170837 0.869111478328705 0.853592395782471 0.854886114597321 0.85516083240509 0.851061463356018 0.853277087211609 0.854573130607605 0.868371605873108 0.858404219150543 0.85387259721756 0.849861681461334 0.847680509090424 0.848012030124664 0.847934246063232 0.850284695625305 0.850616991519928 0.854709088802338 0.891594767570496 0.933446705341339 0.919381558895111 0.904327392578125 0.902824223041534 0.913209915161133 0.927169919013977 0.930378973484039 0.926206350326538 0.908424377441406 0.894187211990356 0.894271314144135 0.880070745944977 0.895256221294403 0.906577527523041 0.91451108455658 0.922594368457794 0.917901933193207
0.891726076602936 0.894676506519318 0.903611838817596 0.913414597511292 0.923000276088715 0.932874917984009 0.918370127677917 0.89919126033783 0.895337522029877 0.886636734008789 0.874294877052307 0.87039190530777 0.866369724273682 0.878223478794098 0.876594126224518 0.850893080234528 0.868521392345428 0.860943377017975 0.882288455963135 0.877329647541046 0.856850624084473 0.851626038551331 0.868392050266266 0.856120586395264 0.844831705093384 0.845118761062622 0.859781205654144 0.898986756801605 0.89103776216507 0.909816920757294 0.8950355052948 0.88224595785141 0.869895815849304 0.910264372825623 0.927887737751007 0.928717613220215 0.921078979969025 0.901506960391998 0.898918986320496 0.906616270542145 0.882566750049591 0.896561324596405 0.912501275539398 0.917150855064392 0.907421469688416 0.8947793841362
0.893483042716980 0.903418898582458 0.909345984458923 0.914232850074768 0.921606361865997 0.929126977920532 0.931134641170502 0.92576390504837 0.909492313861847 0.906191468238831 0.897137820720673 0.895300269126892 0.894871532917023 0.89507782459259 0.861801028251648 0.84999018907547 0.867927253246307 0.870216190814972 0.893620789051056 0.878844618797302 0.861950039863586 0.868706703186035 0.889809310436249 0.885140538215637 0.887048721313477 0.846743643283844 0.872516810894012 0.916359841823578 0.90825366973877 0.871078550815582 0.892603754997253 0.903226613998413 0.872485756874084 0.893238544464111 0.901199042797089 0.893688797950745 0.897224545478821 0.922733247280121 0.911516606807709 0.910082697868347 0.916127264499664 0.915513634681702 0.918059170246124 0.910749852657318 0.912501275539398 0.905564188957214
0.876860022544861 0.884200751781464 0.875150680541992 0.884540915489197 0.908019721508026 0.917125463485718 0.922481000423431 0.9132120013237 0.881628334522247 0.894081115722656 0.90197491645813 0.894182682037354 0.878291964530945 0.860897481441498 0.8655686378479 0.873149752616882 0.873442351818085 0.878651559352875 0.889195144176483 0.880849838256836 0.873950004577637 0.872078776359558 0.889862895011902 0.905262529850006 0.89459639787674 0.875771403312683 0.843320548534393 0.868938803672791 0.865925073623657 0.873453080654144 0.907047510147095 0.900897800922394 0.880135357379913 0.883248090744019 0.889086544513702 0.894711971282959 0.87582004070282 0.920817315578461 0.916797697544098 0.898781001567841 0.911915898323059 0.910582900047302 0.902091681957245 0.906416356563568 0.899846851825714 0.893113553524017
0.862710893154144 0.868084490299225 0.882254004478455 0.891430914402008 0.897375464439392 0.897870004177094 0.909783065319061 0.909860908985138 0.890585124492645 0.884174883365631 0.895879626274109 0.893895387649536 0.866920709609985 0.876597881317139 0.877889335155487 0.870046198368073 0.868313193321228 0.869496703147888 0.875894486904144 0.867893397808075 0.854571580886841 0.849321126937866 0.894307374954224 0.90525621175766 0.898111164569855 0.89207261800766 0.870961487293243 0.896752297878265 0.880481541156769 0.906913876533508 0.898963093757629 0.921691715717316 0.910012662410736 0.880580365657806 0.904904127120972 0.914310395717621 0.866877436637878 0.911024034023285 0.919834852218628 0.909856140613556 0.918120741844177 0.914633095264435 0.907969653606415 0.924788117408752 0.914564788341522 0.900571525096893
0.864566385746002 0.862372696399689 0.872845411300659 0.877964794635773 0.875160992145538 0.883224546909332 0.904767990112305 0.90735936164856 0.895188331604004 0.896660983562469 0.892257571220398 0.883175075054169 0.883513808250427 0.881280303001404 0.866469621658325 0.876167178153992 0.880146682262421 0.868521690368652 0.867659270763397 0.880851924419403 0.876149237155914 0.862887918949127 0.892370045185089 0.891725897789001 0.861325323581696 0.856860160827637 0.886790454387665 0.90951132774353 0.873526871204376 0.904590725898743 0.882989048957825 0.883324980735779 0.881523430347443 0.890290558338165 0.921807169914246 0.880544126033783 0.886500358581543 0.887669444084167 0.894115686416626 0.904513955116272 0.917543053627014 0.938608944416046 0.908315658569336 0.92559152841568 0.925901651382446 0.914329648017883
0.843445777893066 0.856006026268005 0.866149425506592 0.861301958560944 0.856116473674774 0.889682710170746 0.901598811149597 0.895452499389648 0.8852578997612 0.888626277446747 0.88556957244873 0.884545862674713 0.882407367229462 0.877089560031891 0.86213481426239 0.887831568717957 0.87979394197464 0.869426071643829 0.884977996349335 0.881557822227478 0.890096366405487 0.888432085514069 0.879398763179779 0.869623184204102 0.84356302022934 0.845806539058685 0.871249258518219 0.907740294933319 0.908015191555023 0.876994609832764 0.898152053356171 0.924068748950958 0.917849719524384 0.921538949012756 0.921702444553375 0.869478762149811 0.896535456180573 0.872269690036774 0.875434458255768 0.916041195392609 0.949672877788544 0.933666110038757 0.9248286485672 0.928228914737701 0.929036498069763 0.924345850944519
0.835130214691162 0.85105973482132 0.854008197784424 0.846557557582855 0.858961760997772 0.881741940975189 0.88580596446991 0.864457130432129 0.859262526035309 0.874536335468292 0.884334146976471 0.884717285633087 0.88163685798645 0.869595229625702 0.876143455505371 0.888306736946106 0.8900026679039 0.887757301330566 0.888039767742157 0.890024244785309 0.897069573402405 0.894229114055634 0.866231620311737 0.864318013191223 0.842376351356506 0.845357179641724 0.888629376888275 0.895682871341705 0.874675929546356 0.891090571880341 0.887006819248199 0.892561137676239 0.897197663784027 0.934529364109039 0.924211084842682 0.866739153862 0.885980844497681 0.866170287132263 0.892828404903412 0.910977125167847 0.944970548152924 0.937071681022644 0.933839499950409 0.914164483547211 0.91225528717041 0.919719874858856
0.852439224720001 0.865392863750458 0.852742195129395 0.837372541427612 0.869578182697296 0.89181911945343 0.875894844532013 0.840178310871124 0.841742038726807 0.864534914493561 0.859738886356354 0.851004719734192 0.850110948085785 0.854749143123627 0.869745016098022 0.881394922733307 0.883413374423981 0.881066501140594 0.890795588493347 0.893028974533081 0.886562526226044 0.881452143192291 0.848454475402832 0.864242374897003 0.850168347358704 0.87675279378891 0.863105118274689 0.855506181716919 0.908261954784393 0.913062691688538 0.884099066257477 0.886146545410156 0.904541909694672 0.933939278125763 0.90959757566452 0.878235757350922 0.867492973804474 0.884628593921661 0.922752261161804 0.923616409301758 0.933406889438629 0.921354830265045 0.918219387531281 0.925024151802063 0.916743695735931 0.911900401115417
0.838993549346924 0.846351146697998 0.837178349494934 0.838766932487488 0.863471031188965 0.869879484176636 0.8466437458992 0.839443743228912 0.842258632183075 0.842258632183075 0.84346604347229 0.842434942722321 0.843434274196625 0.849064290523529 0.871031701564789 0.877966523170471 0.877257227897644 0.871860086917877 0.875157296657562 0.868538558483124 0.858657002449036 0.857882380485535 0.874527156352997 0.887692332267761 0.880206823348999 0.838067591190338 0.857551991939545 0.890006422996521 0.906582355499268 0.899912297725677 0.910181224346161 0.893285810947418 0.907534837722778 0.937293887138367 0.928196430206299 0.876627087593079 0.8977912068367 0.892016530036926 0.928202986717224 0.931395471096039 0.928024888038635 0.91059684753418 0.94684100151062 0.94139689207077 0.925876498222351 0.909657716751099
0.834050238132477 0.835820913314819 0.836339890956879 0.836470305919647 0.850282669067383 0.83694326877594 0.83935421705246 0.838966488838196 0.839443743228912 0.841914534568787 0.839915037155151 0.842258632183075 0.840662240982056 0.853869438171387 0.872164309024811 0.876916944980621 0.879071772098541 0.874108195304871 0.877355694770813 0.868981897830963 0.868295967578888 0.870918869972229 0.885754406452179 0.866787254810333 0.837008476257324 0.838506877422333 0.871995389461517 0.870429515838623 0.90379011631012 0.919605433940887 0.921832084655762 0.899912297725677 0.917729437351227 0.932059347629547 0.929095268249512 0.874860644340515 0.900286734104156 0.891198337078094 0.919927716255188 0.932390451431274 0.939570426940918 0.948948323726654 0.934021413326263 0.908158123493195 0.918705761432648 0.919148743152618
0.833958327770233 0.836997270584106 0.835820913314819 0.83423388004303 0.834698438644409 0.839085519313812 0.838084101676941 0.836362361907959 0.837359249591827 0.841210246086121 0.840484321117401 0.842842876911163 0.838752746582031 0.874828338623047 0.875212728977203 0.878130853176117 0.88257098197937 0.876863121986389 0.858153283596039 0.870498418807983 0.876369595527649 0.882346332073212 0.855751872062683 0.840864181518555 0.846436023712158 0.840271413326263 0.853072702884674 0.855904459953308 0.912737548351288 0.925744116306305 0.908804416656494 0.888021647930145 0.923222362995148 0.934401214122772 0.891016781330109 0.869787633419037 0.896977782249451 0.887729287147522 0.918295621871948 0.932643175125122 0.95224541425705 0.947463572025299 0.931504964828491 0.93131822347641 0.932242274284363 0.905972540378571
0.833866357803345 0.834855794906616 0.836580574512482 0.835387051105499 0.837408304214478 0.83899587392807 0.837178349494934 0.839085519313812 0.838483214378357 0.840306222438812 0.839736461639404 0.841210246086121 0.836970508098602 0.861739575862885 0.872160375118256 0.873043537139893 0.868774116039276 0.865084886550903 0.870029211044312 0.880679428577423 0.879002153873444 0.863010108470917 0.840825200080872 0.84192281961441 0.840433418750763 0.843545019626617 0.84279602766037 0.871142566204071 0.914103865623474 0.928572952747345 0.911175727844238 0.90552830696106 0.922187447547913 0.909450709819794 0.865416705608368 0.877903819084167 0.896943867206573 0.895456671714783 0.912697076797485 0.94428539276123 0.948927581310272 0.947409629821777 0.935836493968964 0.924691200256348 0.926202952861786 0.910406768321991
0.811876654624939 0.812347710132599 0.814269244670868 0.837408304214478 0.838607430458069 0.838607430458069 0.83899587392807 0.83830338716507 0.83790385723114 0.837993979454041 0.838084101676941 0.837359249591827 0.83694326877594 0.854556202888489 0.869133710861206 0.857878923416138 0.863365411758423 0.868330478668213 0.881948709487915 0.872788965702057 0.87848699092865 0.871274054050446 0.849746704101562 0.851459324359894 0.85192859172821 0.841559410095215 0.846707820892334 0.887860536575317 0.920414865016937 0.921333134174347 0.918114185333252 0.928188443183899 0.920437097549438 0.889692783355713 0.861146152019501 0.873054087162018 0.9030841588974 0.909282088279724 0.92767471075058 0.940688729286194 0.941265761852264 0.946137964725494 0.928973376750946 0.928157985210419 0.947655737400055 0.936797380447388
