output/projections/08_LGM/Sclerurus cearensis.asc
NCOLS 168 
NROWS 144 
XLLCORNER -41.0000000002598 
YLLCORNER -7.99999999976785 
CELLSIZE 0.0416666666664048 
NODATA_value -3.4e+38 
[rows 40 to 59 of 144, columns 0 to 45 of 168]
0.981745660305023 0.981580078601837 0.969032287597656 0.942927837371826 0.960772514343262 0.970433473587036 0.936721205711365 0.91222357749939 0.910873174667358 0.915935575962067 0.950891077518463 0.979920029640198 0.979946136474609 0.979835748672485 0.942612707614899 0.900977075099945 0.866237640380859 0.888284504413605 0.88018661737442 0.8886838555336 0.907087326049805 0.930513024330139 0.905949294567108 0.862662076950073 0.867822587490082 0.870844841003418 0.842409133911133 0.870956242084503 0.91436904668808 0.951766550540924 0.932009935379028 0.93398529291153 0.966933965682983 0.956876635551453 0.956973612308502 0.978531420230865 0.96567302942276 0.939569175243378 0.928430557250977 0.915475070476532 0.920857310295105 0.902354419231415 0.899420499801636 0.923831284046173 0.929446697235107 0.939077496528625
0.981591582298279 0.981734991073608 0.981360733509064 0.958066284656525 0.93532657623291 0.931666493415833 0.956133186817169 0.939256906509399 0.914898276329041 0.9266317486763 0.922974765300751 0.971220910549164 0.967498540878296 0.943172216415405 0.910265147686005 0.890884876251221 0.885932743549347 0.860825836658478 0.889642417430878 0.872707724571228 0.913297891616821 0.953730463981628 0.883746802806854 0.858316481113434 0.886744022369385 0.876093804836273 0.854576289653778 0.86234039068222 0.885329306125641 0.899321854114532 0.901347577571869 0.912118852138519 0.928692162036896 0.953490495681763 0.948231518268585 0.964144110679626 0.96920371055603 0.941925227642059 0.945208549499512 0.916173696517944 0.907677590847015 0.881090044975281 0.916230201721191 0.917136311531067 0.921061635017395 0.940042436122894
0.981531500816345 0.981651484966278 0.981640100479126 0.971377730369568 0.934099018573761 0.93382066488266 0.963931679725647 0.955326020717621 0.943466901779175 0.945058643817902 0.935269117355347 0.929412603378296 0.930678188800812 0.906212747097015 0.887045085430145 0.896864771842957 0.906803131103516 0.852914571762085 0.867130279541016 0.876228809356689 0.887115478515625 0.899189054965973 0.86420601606369 0.870872259140015 0.949461996555328 0.918545782566071 0.901423394680023 0.88964968919754 0.888710558414459 0.893248438835144 0.908314108848572 0.904240369796753 0.914762139320374 0.948567748069763 0.959841728210449 0.949865520000458 0.94310986995697 0.930002868175507 0.914671361446381 0.917123317718506 0.912774384021759 0.884525656700134 0.920135796070099 0.925999164581299 0.930130660533905 0.932326972484589
0.981459200382233 0.981627523899078 0.981604099273682 0.973669767379761 0.956419825553894 0.942138195037842 0.979566991329193 0.978344559669495 0.971316874027252 0.961140632629395 0.951498925685883 0.941033780574799 0.926803946495056 0.917619585990906 0.867899775505066 0.90082848072052 0.886744916439056 0.847795367240906 0.844434678554535 0.868502378463745 0.890843152999878 0.902318239212036 0.866938412189484 0.85272216796875 0.900518119335175 0.933676302433014 0.916437566280365 0.909485042095184 0.926376640796661 0.919006288051605 0.914022147655487 0.898326814174652 0.89708149433136 0.915181279182434 0.932652592658997 0.930937588214874 0.927291929721832 0.935022830963135 0.917256295681 0.921873092651367 0.890399575233459 0.88353443145752 0.874171018600464 0.893127679824829 0.935265898704529 0.925480902194977
0.981410801410675 0.981615543365479 0.981675922870636 0.979473888874054 0.959248960018158 0.95943295955658 0.978715479373932 0.973568975925446 0.964240491390228 0.949639916419983 0.942042231559753 0.939860820770264 0.927076935768127 0.919715106487274 0.859600007534027 0.88169914484024 0.8975470662117 0.86181229352951 0.862212777137756 0.866187870502472 0.89699113368988 0.893648386001587 0.878823935985565 0.876437664031982 0.890212297439575 0.883379280567169 0.893731832504272 0.904507458209991 0.920296490192413 0.926048099994659 0.920801937580109 0.920187294483185 0.926519930362701 0.943261921405792 0.945000648498535 0.92759758234024 0.947835505008698 0.958248555660248 0.926891922950745 0.896217882633209 0.898195505142212 0.900079071521759 0.87717193365097 0.890245616436005 0.906973361968994 0.93034291267395
0.98137503862381 0.981520056724548 0.981106162071228 0.981336414813995 0.973562777042389 0.967052400112152 0.966994345188141 0.969422042369843 0.954151272773743 0.941508889198303 0.940391182899475 0.933397531509399 0.936125040054321 0.924328505992889 0.861852288246155 0.862331569194794 0.892860949039459 0.878930449485779 0.878252148628235 0.880929350852966 0.913334965705872 0.891721308231354 0.905263423919678 0.889511108398438 0.890036642551422 0.916284918785095 0.895929396152496 0.900975406169891 0.918808400630951 0.931173264980316 0.923513114452362 0.921522438526154 0.910192966461182 0.93162727355957 0.930007457733154 0.928248107433319 0.930395662784576 0.920359909534454 0.913384616374969 0.893273770809174 0.900286018848419 0.923046231269836 0.890036523342133 0.892466127872467 0.91466099023819 0.90625411272049
0.981302082538605 0.981289863586426 0.980096161365509 0.980327904224396 0.979430854320526 0.970218598842621 0.966711521148682 0.958175778388977 0.946181118488312 0.955554187297821 0.940696895122528 0.946892619132996 0.946367681026459 0.920759201049805 0.865967631340027 0.858774125576019 0.897874295711517 0.91414350271225 0.889828741550446 0.919264376163483 0.917158186435699 0.892282605171204 0.893105864524841 0.905320346355438 0.891926109790802 0.92048841714859 0.91253125667572 0.908476889133453 0.924394369125366 0.933484792709351 0.927382469177246 0.92209404706955 0.930992543697357 0.928673624992371 0.917637765407562 0.931462824344635 0.92548656463623 0.891407608985901 0.890704274177551 0.869394063949585 0.896822690963745 0.930709004402161 0.89964884519577 0.878823280334473 0.916873037815094 0.909029185771942
0.981019079685211 0.980620205402374 0.979953169822693 0.980057239532471 0.979577660560608 0.969402372837067 0.953612983226776 0.946617066860199 0.970672905445099 0.963013172149658 0.94167423248291 0.953143239021301 0.947313368320465 0.897700011730194 0.882036209106445 0.866831481456757 0.862888038158417 0.880316853523254 0.88377183675766 0.916365325450897 0.92077898979187 0.904705286026001 0.892173767089844 0.902731239795685 0.897125840187073 0.917629420757294 0.898985385894775 0.892587661743164 0.917588233947754 0.952641129493713 0.932421922683716 0.936784505844116 0.936448097229004 0.924712598323822 0.907817602157593 0.91030079126358 0.924087405204773 0.880399644374847 0.907294690608978 0.889736235141754 0.886888146400452 0.916314780712128 0.91349196434021 0.88450813293457 0.904707074165344 0.917342841625214
0.980944752693176 0.97990095615387 0.979927122592926 0.980031311511993 0.979148328304291 0.968800008296967 0.949232161045074 0.971175074577332 0.97795033454895 0.954865992069244 0.956513345241547 0.949720144271851 0.924913883209229 0.88804018497467 0.918773651123047 0.887519419193268 0.876193344593048 0.872286438941956 0.871650636196136 0.898133933544159 0.953403770923615 0.929282248020172 0.907585918903351 0.904773831367493 0.901427686214447 0.912137806415558 0.91676926612854 0.897952198982239 0.913589000701904 0.951694786548615 0.947629868984222 0.941489040851593 0.944583058357239 0.930481314659119 0.922558486461639 0.911364138126373 0.930960714817047 0.890760958194733 0.919271469116211 0.907678604125977 0.902293860912323 0.921080887317657 0.924816250801086 0.879376590251923 0.896765530109406 0.919465363025665
0.980560660362244 0.979769051074982 0.979887127876282 0.980004549026489 0.978740334510803 0.973969101905823 0.965111494064331 0.979833364486694 0.978712916374207 0.963464796543121 0.952206373214722 0.933835744857788 0.928102493286133 0.89084404706955 0.898672461509705 0.923262596130371 0.900749146938324 0.879751086235046 0.874879777431488 0.885292530059814 0.909895479679108 0.908827126026154 0.906380355358124 0.917292356491089 0.923756062984467 0.91421902179718 0.909678101539612 0.931008279323578 0.905578672885895 0.940083563327789 0.947021842002869 0.946632385253906 0.956272780895233 0.936996877193451 0.926732301712036 0.906518936157227 0.928844571113586 0.900413036346436 0.907764792442322 0.924530684947968 0.923486649990082 0.930269300937653 0.900082111358643 0.871892035007477 0.909295797348022 0.916861832141876
0.980082392692566 0.979769051074982 0.979887127876282 0.979965448379517 0.979924857616425 0.979867458343506 0.97994589805603 0.979903161525726 0.977493464946747 0.969752967357635 0.94526880979538 0.935272037982941 0.951670289039612 0.901458382606506 0.891190052032471 0.912846624851227 0.911141276359558 0.902828931808472 0.895234286785126 0.893949389457703 0.909988284111023 0.877931833267212 0.886242568492889 0.911453366279602 0.95685887336731 0.925003945827484 0.90887576341629 0.916596353054047 0.915112316608429 0.920233905315399 0.94894015789032 0.941353440284729 0.945314705371857 0.927712976932526 0.925946116447449 0.914615511894226 0.897635459899902 0.882277131080627 0.896371901035309 0.925889253616333 0.92946720123291 0.911323130130768 0.890794992446899 0.890978813171387 0.894328415393829 0.910534858703613
0.979663491249084 0.978466153144836 0.979782164096832 0.979860901832581 0.979950964450836 0.979977011680603 0.98000305891037 0.97994589805603 0.977892994880676 0.958089530467987 0.939246833324432 0.955354988574982 0.951159298419952 0.900370597839355 0.905885577201843 0.906285107135773 0.916202485561371 0.925111055374146 0.916511476039886 0.88316535949707 0.924364507198334 0.902339696884155 0.878625690937042 0.887172639369965 0.898313343524933 0.91527932882309 0.942477643489838 0.911827683448792 0.921554267406464 0.950730443000793 0.953107714653015 0.930002510547638 0.922789931297302 0.925092577934265 0.913695931434631 0.905711233615875 0.915538847446442 0.901639878749847 0.920175909996033 0.921817779541016 0.891784191131592 0.876383423805237 0.892189919948578 0.911171615123749 0.896816670894623 0.90551221370697
0.974817276000977 0.967755258083344 0.979699432849884 0.97975218296051 0.979844152927399 0.979893624782562 0.979974865913391 0.979903161525726 0.975494205951691 0.958612143993378 0.949545323848724 0.961739242076874 0.946828246116638 0.896703004837036 0.924817681312561 0.914189100265503 0.906570672988892 0.909400522708893 0.928031921386719 0.896455943584442 0.898736417293549 0.898796856403351 0.89483630657196 0.904463946819305 0.895554780960083 0.930122494697571 0.904555082321167 0.905408263206482 0.925761878490448 0.951184034347534 0.953969478607178 0.938897490501404 0.937385499477386 0.926474750041962 0.902957320213318 0.918927550315857 0.914619922637939 0.911639392375946 0.927764177322388 0.90880423784256 0.897781372070312 0.89105349779129 0.884338319301605 0.90108323097229 0.898544251918793 0.901268482208252
0.963409245014191 0.957523465156555 0.969258546829224 0.976521253585815 0.979749262332916 0.9798544049263 0.979948759078979 0.979807138442993 0.971680700778961 0.958925664424896 0.942183256149292 0.94377726316452 0.923456251621246 0.904078781604767 0.907774031162262 0.93525892496109 0.914452850818634 0.908540844917297 0.927334904670715 0.909879446029663 0.897786915302277 0.912581443786621 0.889085829257965 0.906035304069519 0.932024955749512 0.901066362857819 0.902862370014191 0.911971926689148 0.923811137676239 0.941706120967865 0.951337933540344 0.950076639652252 0.924197316169739 0.923606812953949 0.893798172473907 0.935285806655884 0.924017488956451 0.926244795322418 0.924390077590942 0.8957639336586 0.915255129337311 0.886127769947052 0.887824356555939 0.900111198425293 0.891866147518158 0.904285550117493
0.950991988182068 0.953729331493378 0.968051791191101 0.974648654460907 0.978279113769531 0.979857265949249 0.979909598827362 0.979387938976288 0.97166246175766 0.9597287774086 0.946278929710388 0.934764623641968 0.93098658323288 0.898776531219482 0.918667614459991 0.940078735351562 0.919342160224915 0.923209011554718 0.940872848033905 0.908066511154175 0.904430150985718 0.918508112430573 0.905284285545349 0.901853978633881 0.9028280377388 0.90876579284668 0.913558065891266 0.918036222457886 0.922302067279816 0.940666139125824 0.956969797611237 0.946803689002991 0.919957518577576 0.917797207832336 0.89182835817337 0.914862751960754 0.940083980560303 0.930794358253479 0.915663957595825 0.911955893039703 0.90494978427887 0.878439486026764 0.879577457904816 0.895388603210449 0.889947056770325 0.900094628334045
0.957368612289429 0.951474010944366 0.965811967849731 0.976040124893188 0.978470861911774 0.979820132255554 0.979804813861847 0.97408264875412 0.963473379611969 0.959255158901215 0.939978659152985 0.9297696352005 0.908999443054199 0.910945117473602 0.907240211963654 0.935436427593231 0.910035789012909 0.914359211921692 0.937463760375977 0.907251298427582 0.911695539951324 0.917040169239044 0.922217905521393 0.901853978633881 0.913437724113464 0.910273373126984 0.909491956233978 0.914301753044128 0.914228320121765 0.940158307552338 0.958622753620148 0.952841520309448 0.938398122787476 0.940010666847229 0.91006201505661 0.91090589761734 0.940057635307312 0.910922527313232 0.900923013687134 0.906277418136597 0.887475490570068 0.88154149055481 0.887730717658997 0.886954665184021 0.894532263278961 0.892856776714325
0.94755494594574 0.947158336639404 0.968887507915497 0.965489387512207 0.979670107364655 0.979793846607208 0.979692935943604 0.962745368480682 0.956047177314758 0.937051832675934 0.937602043151855 0.92840051651001 0.916397273540497 0.925910949707031 0.917364895343781 0.920641779899597 0.924484133720398 0.930132448673248 0.938490927219391 0.92690521478653 0.913249135017395 0.915548205375671 0.924930691719055 0.90011864900589 0.900136232376099 0.901083767414093 0.907021701335907 0.934756636619568 0.93609207868576 0.92327880859375 0.950095236301422 0.962152659893036 0.961511671543121 0.958164751529694 0.939686000347137 0.91342169046402 0.935519993305206 0.90752500295639 0.904358863830566 0.912024915218353 0.889422714710236 0.875174760818481 0.891633152961731 0.886907696723938 0.897437036037445 0.900923073291779
0.94075620174408 0.944055140018463 0.955772578716278 0.967052459716797 0.979659795761108 0.979739010334015 0.975202441215515 0.963069021701813 0.947999238967896 0.94340455532074 0.932154476642609 0.934819996356964 0.933007121086121 0.916573882102966 0.922020614147186 0.927841246128082 0.930329740047455 0.932005047798157 0.930688917636871 0.946436822414398 0.922074913978577 0.921339273452759 0.923568844795227 0.907733976840973 0.901988744735718 0.909491956233978 0.897640585899353 0.901136100292206 0.902931034564972 0.932022333145142 0.953804433345795 0.956439018249512 0.950825273990631 0.942945599555969 0.936895668506622 0.9352126121521 0.940625190734863 0.919909775257111 0.923748791217804 0.906388282775879 0.884548485279083 0.873091518878937 0.924708962440491 0.895369410514832 0.895443558692932 0.922772467136383
0.935565054416656 0.957702696323395 0.947610080242157 0.967645883560181 0.979633331298828 0.979670107364655 0.965880453586578 0.954653441905975 0.947395205497742 0.948323726654053 0.929309606552124 0.942450046539307 0.939105451107025 0.917964100837708 0.926435053348541 0.937294244766235 0.942821681499481 0.928813815116882 0.920520126819611 0.933661997318268 0.92999792098999 0.940048456192017 0.931465983390808 0.910956978797913 0.89563512802124 0.911881029605865 0.899269282817841 0.923231780529022 0.895089864730835 0.89419150352478 0.948380708694458 0.949442863464355 0.954960644245148 0.93140572309494 0.948780715465546 0.954806089401245 0.956160962581635 0.93908029794693 0.912002801895142 0.897779881954193 0.88042426109314 0.873039603233337 0.903956830501556 0.922808110713959 0.922137796878815 0.918439209461212
0.945916295051575 0.952624142169952 0.94703620672226 0.971397161483765 0.979606807231903 0.979577362537384 0.962429821491241 0.954018115997314 0.951776146888733 0.943756103515625 0.938605904579163 0.951070070266724 0.935012936592102 0.924046277999878 0.939542353153229 0.942184746265411 0.9406378865242 0.94058758020401 0.935474812984467 0.912241339683533 0.929020464420319 0.946776568889618 0.917721211910248 0.917871475219727 0.899233877658844 0.890137076377869 0.909540235996246 0.916048288345337 0.913881480693817 0.908480405807495 0.934285461902618 0.941355347633362 0.95244312286377 0.952522754669189 0.958515822887421 0.952690482139587 0.961363434791565 0.94818913936615 0.907085716724396 0.89587527513504 0.896042943000793 0.891442537307739 0.882623016834259 0.919491291046143 0.929305255413055 0.928159773349762
