output/projections/08_LGM/Sclerurus cearensis.asc
NCOLS 168 
NROWS 144 
XLLCORNER -41.0000000002598 
YLLCORNER -7.99999999976785 
CELLSIZE 0.0416666666664048 
NODATA_value -3.4e+38 
[rows 40 to 59 of 144, columns 46 to 91 of 168]
0.937155246734619 0.922166466712952 0.918692290782928 0.927247583866119 0.933289408683777 0.930148839950562 0.915361642837524 0.971187710762024 0.950357735157013 0.943060159683228 0.942029297351837 0.938940048217773 0.93955260515213 0.93730491399765 0.938940167427063 0.936079800128937 0.939622044563293 0.939607262611389 0.940231442451477 0.943518340587616 0.944650292396545 0.948406398296356 0.951694130897522 0.945123493671417 0.945693969726562 0.944686233997345 0.94110381603241 0.949176788330078 0.950264096260071 0.961068749427795 0.948293805122375 0.939187943935394 -3.4e+38 -3.4e+38 -3.4e+38 -3.4e+38 -3.4e+38 -3.4e+38 -3.4e+38 -3.4e+38 -3.4e+38 -3.4e+38 -3.4e+38 -3.4e+38 -3.4e+38 -3.4e+38
0.925738394260406 0.916053473949432 0.92734557390213 0.917915225028992 0.932703971862793 0.927697062492371 0.948289752006531 0.970850884914398 0.945823729038239 0.943230211734772 0.93793910741806 0.937409520149231 0.951718807220459 0.95342755317688 0.958130657672882 0.940628826618195 0.93656712770462 0.940044641494751 0.938340485095978 0.940119445323944 0.943964242935181 0.944546103477478 0.944493889808655 0.941968381404877 0.949322640895844 0.943076133728027 0.943993091583252 0.94506448507309 0.944168329238892 0.960698068141937 0.957109928131104 0.950198769569397 -3.4e+38 -3.4e+38 -3.4e+38 -3.4e+38 -3.4e+38 -3.4e+38 -3.4e+38 -3.4e+38 -3.4e+38 -3.4e+38 -3.4e+38 -3.4e+38 -3.4e+38 -3.4e+38
0.915458559989929 0.920098721981049 0.917217910289764 0.92033451795578 0.917514145374298 0.924323379993439 0.946544826030731 0.980663120746613 0.94942432641983 0.931118011474609 0.932396411895752 0.939238369464874 0.948264896869659 0.943889141082764 0.952517032623291 0.951827168464661 0.935386538505554 0.935867428779602 0.934784650802612 0.936527669429779 0.941168427467346 0.944371938705444 0.941688418388367 0.941724896430969 0.947813630104065 0.943507611751556 0.945913076400757 0.945447504520416 0.946576595306396 0.946616768836975 0.951806306838989 0.954328835010529 0.934901118278503 -3.4e+38 -3.4e+38 -3.4e+38 -3.4e+38 -3.4e+38 -3.4e+38 -3.4e+38 -3.4e+38 -3.4e+38 -3.4e+38 -3.4e+38 -3.4e+38 -3.4e+38
0.912036597728729 0.925890743732452 0.902391731739044 0.923312366008759 0.925074815750122 0.954617440700531 0.941267430782318 0.956655919551849 0.927326261997223 0.949051856994629 0.951179981231689 0.94297844171524 0.948601424694061 0.944066882133484 0.951932728290558 0.948886811733246 0.941437900066376 0.93754380941391 0.933984875679016 0.934663116931915 0.937596619129181 0.945563852787018 0.941505908966064 0.940425336360931 0.940462529659271 0.939444959163666 0.943570494651794 0.944701433181763 0.944770753383636 0.945946991443634 0.943947374820709 0.94987952709198 0.950269162654877 0.938673436641693 0.927361369132996 -3.4e+38 -3.4e+38 -3.4e+38 -3.4e+38 -3.4e+38 -3.4e+38 -3.4e+38 -3.4e+38 -3.4e+38 -3.4e+38 -3.4e+38
0.916906893253326 0.922892570495605 0.903462707996368 0.94509357213974 0.944703280925751 0.965919673442841 0.930621445178986 0.916826903820038 0.950774669647217 0.976278185844421 0.953301191329956 0.948234915733337 0.943961620330811 0.945016264915466 0.946536898612976 0.945766866207123 0.95535933971405 0.935665011405945 0.93742710351944 0.939695596694946 0.936303913593292 0.933861970901489 0.939206421375275 0.936868250370026 0.939153611660004 0.935775637626648 0.935815513134003 0.941383719444275 0.940918564796448 0.94099235534668 0.942771136760712 0.946272492408752 0.949871599674225 0.950019836425781 0.93937623500824 0.923280417919159 0.873288631439209 -3.4e+38 -3.4e+38 -3.4e+38 -3.4e+38 -3.4e+38 -3.4e+38 -3.4e+38 -3.4e+38 -3.4e+38
0.929131686687469 0.925284147262573 0.904130816459656 0.953104615211487 0.9399134516716 0.915637135505676 0.908569514751434 0.914843440055847 0.97964996099472 0.973689019680023 0.948039531707764 0.946649849414825 0.942228496074677 0.951874375343323 0.944947242736816 0.950329780578613 0.944146990776062 0.940603375434875 0.916145801544189 0.919847249984741 0.932453453540802 0.935521483421326 0.933656632900238 0.933697760105133 0.937944889068604 0.93376749753952 0.931939899921417 0.937174320220947 0.937860727310181 0.944305002689362 0.947450041770935 0.93591296672821 0.941462874412537 0.945413291454315 0.942174792289734 0.935820579528809 0.88580584526062 -3.4e+38 -3.4e+38 -3.4e+38 -3.4e+38 -3.4e+38 -3.4e+38 -3.4e+38 -3.4e+38 -3.4e+38
0.92743045091629 0.932580709457397 0.949366092681885 0.933923959732056 0.920320749282837 0.916643023490906 0.914739966392517 0.954763650894165 0.976052463054657 0.961442172527313 0.965261876583099 0.966130256652832 0.945997297763824 0.953113496303558 0.948286652565002 0.946793377399445 0.941863119602203 0.954331576824188 0.946373820304871 0.889973402023315 0.922950744628906 0.930962324142456 0.932244062423706 0.931627154350281 0.935946702957153 0.927126348018646 0.932369768619537 0.933975040912628 0.936531543731689 0.946707725524902 0.946031510829926 0.910471320152283 0.917361259460449 0.9354567527771 0.939233839511871 0.940537869930267 0.930879712104797 0.926498472690582 -3.4e+38 -3.4e+38 -3.4e+38 -3.4e+38 -3.4e+38 -3.4e+38 -3.4e+38 -3.4e+38
0.918907284736633 0.924989402294159 0.948365986347198 0.933458387851715 0.932290196418762 0.939055860042572 0.943442404270172 0.95485782623291 0.959318697452545 0.946974456310272 0.980733692646027 0.958358228206635 0.953265011310577 0.952156066894531 0.939808905124664 0.94039398431778 0.94039398431778 0.946243405342102 0.949231743812561 0.955058038234711 0.932098627090454 0.925940155982971 0.929589033126831 0.928949773311615 0.931509971618652 0.929675877094269 0.932211816310883 0.929792881011963 0.933991730213165 0.937582314014435 0.944658935070038 0.931190490722656 0.940045595169067 0.934643566608429 0.933597505092621 0.935663938522339 0.93164598941803 0.938006937503815 0.902497947216034 -3.4e+38 -3.4e+38 -3.4e+38 -3.4e+38 -3.4e+38 -3.4e+38 -3.4e+38
0.926282644271851 0.932174801826477 0.950653731822968 0.939493536949158 0.939470410346985 0.944401204586029 0.949829518795013 0.947446882724762 0.93610668182373 0.972092509269714 0.9803267121315 0.94653582572937 0.955307841300964 0.933241426944733 0.946823298931122 0.940262854099274 0.944549918174744 0.94355320930481 0.943032920360565 0.946643233299255 0.946855425834656 0.930741667747498 0.925403475761414 0.924729228019714 0.924729228019714 0.9274822473526 0.926774740219116 0.927521347999573 0.926234364509583 0.931917607784271 0.928170144557953 0.936791956424713 0.943084239959717 0.940012812614441 0.930939733982086 0.932431280612946 0.924729228019714 0.935116946697235 0.933193683624268 0.873343110084534 -3.4e+38 -3.4e+38 -3.4e+38 -3.4e+38 -3.4e+38 -3.4e+38
0.915360271930695 0.92819881439209 0.945448517799377 0.969210863113403 0.950038075447083 0.963338017463684 0.956003904342651 0.93210357427597 0.948913097381592 0.965235888957977 0.95880788564682 0.939315259456635 0.938119888305664 0.935203492641449 0.94473659992218 0.94524222612381 0.946823358535767 0.944490849971771 0.942368566989899 0.938143730163574 0.941502451896667 0.939916729927063 0.923913598060608 0.917721509933472 0.919610261917114 0.922534763813019 0.921836853027344 0.923321068286896 0.923447728157043 0.929965436458588 0.930095016956329 0.928863525390625 0.93291574716568 0.933081746101379 0.930066883563995 0.928308606147766 0.933363974094391 0.93304580450058 0.942606091499329 0.907900452613831 0.899411737918854 -3.4e+38 -3.4e+38 -3.4e+38 -3.4e+38 -3.4e+38
0.907402515411377 0.914588034152985 0.920388162136078 0.972544610500336 0.976476728916168 0.967450082302094 0.968080341815948 0.956525206565857 0.950159311294556 0.947128117084503 0.940019965171814 0.946859121322632 0.928190171718597 0.941077709197998 0.948859453201294 0.946105182170868 0.942517995834351 0.938342452049255 0.937804341316223 0.94007271528244 0.932647705078125 0.936341047286987 0.929131984710693 0.912887990474701 0.917908787727356 0.919411897659302 0.920178413391113 0.919510185718536 0.919593572616577 0.920455753803253 0.925838649272919 0.92731124162674 0.928861856460571 0.928993344306946 0.927962064743042 0.929807245731354 0.928094208240509 0.926965117454529 0.941583275794983 0.940170586109161 0.923494040966034 0.912088513374329 -3.4e+38 -3.4e+38 -3.4e+38 -3.4e+38
0.911423742771149 0.921016156673431 0.939316153526306 0.975765705108643 0.971432209014893 0.979027509689331 0.978596568107605 0.978233754634857 0.965926826000214 0.947028279304504 0.944745063781738 0.927449882030487 0.935326099395752 0.942075312137604 0.942638337612152 0.945339202880859 0.939610660076141 0.943466544151306 0.934711456298828 0.945598483085632 0.938813626766205 0.939369916915894 0.929984092712402 0.92427796125412 0.911668241024017 0.917110502719879 0.91481351852417 0.914052486419678 0.915670990943909 0.915056169033051 0.920060634613037 0.922337770462036 0.924717128276825 0.925524115562439 0.922892153263092 0.926242828369141 0.927129089832306 0.92186176776886 0.92358011007309 0.927390873432159 0.933802485466003 0.931353151798248 0.897854328155518 -3.4e+38 -3.4e+38 -3.4e+38
0.906323432922363 0.935081899166107 0.949469864368439 0.980607867240906 0.980607867240906 0.977350056171417 0.971985220909119 0.970350563526154 0.976232349872589 0.955496251583099 0.935327649116516 0.940613567829132 0.945954024791718 0.942070662975311 0.943123161792755 0.929874360561371 0.931206583976746 0.939564049243927 0.937943875789642 0.934583902359009 0.922435581684113 0.918821811676025 0.921640992164612 0.934843719005585 0.896455585956573 0.885869681835175 0.913885474205017 0.912289142608643 0.913169622421265 0.9156094789505 0.914942622184753 0.907864212989807 0.913393795490265 0.924624681472778 0.921330511569977 0.920816481113434 0.919666111469269 0.923145294189453 0.919804453849792 0.916379511356354 0.929151058197021 0.927416205406189 0.923243701457977 0.930624485015869 0.903168261051178 -3.4e+38
0.924577116966248 0.937387943267822 0.974828481674194 0.980635344982147 0.980647921562195 0.979027509689331 0.98040634393692 0.979807913303375 0.955119729042053 0.935732305049896 0.963099658489227 0.953677177429199 0.949244499206543 0.940303266048431 0.940295875072479 0.924827396869659 0.91296911239624 0.923432528972626 0.921329259872437 0.926154732704163 0.926848590373993 0.926848590373993 0.924360871315002 0.925787210464478 0.932335436344147 0.894381821155548 0.896267056465149 0.904321014881134 0.907363057136536 0.911584854125977 0.91247171163559 0.910996973514557 0.912443220615387 0.909339547157288 0.921137630939484 0.91460907459259 0.921256303787231 0.920790255069733 0.917356193065643 0.914514183998108 0.911722123622894 0.914076864719391 0.923977851867676 0.938038289546967 0.91506016254425 -3.4e+38
0.905965387821198 0.933221399784088 0.969538688659668 0.980635344982147 0.976915419101715 0.958458185195923 0.95383208990097 0.975766539573669 0.955831229686737 0.957650125026703 0.96914529800415 0.954421043395996 0.944260001182556 0.939146935939789 0.927745044231415 0.903887987136841 0.927100419998169 0.928702771663666 0.93592095375061 0.925332844257355 0.921164810657501 0.920455574989319 0.923277378082275 0.91777515411377 0.922943770885468 0.929046630859375 0.913727045059204 0.880552709102631 0.898139655590057 0.903978586196899 0.910724401473999 0.910832285881042 0.905218958854675 0.899306356906891 0.916550755500793 0.920104384422302 0.917383432388306 0.916923463344574 0.914880514144897 0.91513866186142 0.913954555988312 0.906911611557007 0.914914131164551 0.922605752944946 0.929757058620453 0.908402144908905
0.915978908538818 0.962155699729919 0.975638270378113 0.980457305908203 0.975582122802734 0.954910159111023 0.929573714733124 0.969171226024628 0.962337017059326 0.956741392612457 0.949435472488403 0.942169368267059 0.935632884502411 0.914823353290558 0.90997326374054 0.928563177585602 0.929226517677307 0.909962117671967 0.937280535697937 0.925715982913971 0.91588830947876 0.912773430347443 0.918921291828156 0.920407474040985 0.921798050403595 0.917028844356537 0.922877013683319 0.909626424312592 0.900269150733948 0.903033077716827 0.907432019710541 0.90588116645813 0.902569711208344 0.899154663085938 0.915701925754547 0.917403876781464 0.88668692111969 0.896942138671875 0.909870207309723 0.91098815202713 0.911256909370422 0.909088492393494 0.905199348926544 0.906393229961395 0.916757702827454 0.926469147205353
0.933992207050323 0.97376424074173 0.975374162197113 0.970173239707947 0.967277884483337 0.940059959888458 0.933564126491547 0.952829480171204 0.946853220462799 0.947557985782623 0.931001603603363 0.924509525299072 0.925290763378143 0.897922337055206 0.929789662361145 0.92584353685379 0.919158577919006 0.916204273700714 0.910390496253967 0.911894559860229 0.895990312099457 0.89873868227005 0.902341842651367 0.899722099304199 0.904064536094666 0.905795156955719 0.909952461719513 0.90999037027359 0.906258642673492 0.902800321578979 0.90466582775116 0.902160286903381 0.90241926908493 0.902511298656464 0.906625688076019 0.911824464797974 0.88545835018158 0.888215184211731 0.907269775867462 0.905790269374847 0.905373990535736 0.905657947063446 0.903309226036072 0.904442667961121 0.901245594024658 0.923033714294434
0.962650716304779 0.977788925170898 0.976621150970459 0.973187625408173 0.961726307868958 0.954326689243317 0.946956396102905 0.936882972717285 0.937408983707428 0.931001603603363 0.919681668281555 0.917325377464294 0.901492476463318 0.914804756641388 0.936245262622833 0.923753798007965 0.912248969078064 0.914608657360077 0.916166722774506 0.895488202571869 0.907759308815002 0.91022789478302 0.914227366447449 0.907365024089813 0.900417804718018 0.905699789524078 0.896439075469971 0.891789376735687 0.899237155914307 0.910874843597412 0.912547469139099 0.914211452007294 0.898799777030945 0.898980796337128 0.900039970874786 0.900681793689728 0.902758598327637 0.89189213514328 0.897818744182587 0.901222348213196 0.900650501251221 0.899213433265686 0.898631274700165 0.900686860084534 0.898209929466248 0.910133898258209
0.951701819896698 0.970009624958038 0.9566330909729 0.953270494937897 0.95636111497879 0.948886454105377 0.940295398235321 0.920291841030121 0.916695117950439 0.90966933965683 0.92279714345932 0.916442394256592 0.923336803913116 0.929351627826691 0.920123815536499 0.912063002586365 0.912153780460358 0.898197174072266 0.88577800989151 0.891679048538208 0.913812816143036 0.912305653095245 0.910316228866577 0.906192421913147 0.895038366317749 0.897809028625488 0.880701005458832 0.896010458469391 0.906598269939423 0.917413532733917 0.919349789619446 0.917930543422699 0.897702515125275 0.897885262966156 0.898033261299133 0.893699109554291 0.866720974445343 0.893783330917358 0.893046796321869 0.891367495059967 0.894115686416626 0.894366800785065 0.890828311443329 0.892949998378754 0.900111496448517 0.902140319347382
0.93427836894989 0.955922544002533 0.968756556510925 0.96405291557312 0.951178789138794 0.948316991329193 0.948300957679749 0.927064597606659 0.920053780078888 0.901808381080627 0.926440358161926 0.930963397026062 0.937608301639557 0.922856271266937 0.918483793735504 0.903819799423218 0.902121424674988 0.88258957862854 0.88465815782547 0.887800395488739 0.89951753616333 0.920146644115448 0.919844925403595 0.893032371997833 0.893095791339874 0.893076598644257 0.889238953590393 0.886265337467194 0.897748112678528 0.916692197322845 0.921882331371307 0.909317433834076 0.899557054042816 0.896048605442047 0.89808988571167 0.893659114837646 0.867718994617462 0.888759791851044 0.889978051185608 0.885334372520447 0.882476508617401 0.886326432228088 0.88763415813446 0.885813653469086 0.897167146205902 0.899249076843262
