output/projections/08_LGM/Sclerurus cearensis.asc
NCOLS 168 
NROWS 144 
XLLCORNER -41.0000000002598 
YLLCORNER -7.99999999976785 
CELLSIZE 0.0416666666664048 
NODATA_value -3.4e+38 
[rows 20 to 39 of 144, columns 0 to 45 of 168]
0.899220585823059 0.874110043048859 0.875327229499817 0.909206211566925 0.882500469684601 0.917211413383484 0.927553176879883 0.929446160793304 0.933888852596283 0.93072372674942 0.933244466781616 0.94286036491394 0.94448184967041 0.940145909786224 0.943541049957275 0.9457146525383 0.943682372570038 0.949109792709351 0.952081441879272 0.951727330684662 0.944958448410034 0.950547456741333 0.95019119977951 0.946434080600739 0.944531559944153 0.941972196102142 0.939921259880066 0.936646342277527 0.940870642662048 0.94209486246109 0.940519750118256 0.948276042938232 0.949910223484039 0.949505865573883 0.945558130741119 0.950650930404663 0.953091263771057 0.954531967639923 0.954534769058228 0.954707264900208 0.953997850418091 0.955332636833191 0.951655328273773 0.954696714878082 0.954789996147156 0.958576500415802
0.914342641830444 0.924905240535736 0.926154434680939 0.928727626800537 0.909248828887939 0.929446160793304 0.930020689964294 0.933806836605072 0.921621561050415 0.937028050422668 0.93525367975235 0.935840129852295 0.940542578697205 0.937115728855133 0.943657219409943 0.948346078395844 0.944329023361206 0.947517037391663 0.950072705745697 0.952051103115082 0.930420994758606 0.945971786975861 0.953966617584229 0.951343357563019 0.953349709510803 0.950233459472656 0.943097651004791 0.939921259880066 0.935993850231171 0.938558280467987 0.939785778522491 0.946133196353912 0.947764039039612 0.948406159877777 0.948968231678009 0.950960040092468 0.951586186885834 0.953081846237183 0.952193081378937 0.953594982624054 0.956223666667938 0.955310702323914 0.955454468727112 0.951624751091003 0.954782724380493 0.954910159111023
0.91682493686676 0.917430400848389 0.923214137554169 0.932148396968842 0.905703961849213 0.92389041185379 0.937620580196381 0.927875876426697 0.925761878490448 0.91778576374054 0.939820170402527 0.934512138366699 0.944484651088715 0.945564210414886 0.944588959217072 0.946231782436371 0.947262346744537 0.946874618530273 0.952920794487 0.950532019138336 0.929933428764343 0.949041247367859 0.952925682067871 0.949310481548309 0.952296257019043 0.951076805591583 0.948296010494232 0.949464976787567 0.944037735462189 0.935966074466705 0.937312304973602 0.939748167991638 0.941022932529449 0.946759164333344 0.946330785751343 0.947430491447449 0.950013339519501 0.949199974536896 0.953883707523346 0.954390466213226 0.954880237579346 0.955254018306732 0.955389261245728 0.951042115688324 0.951134741306305 0.951815485954285
0.917392551898956 0.915722250938416 0.928155362606049 0.933841526508331 0.91056877374649 0.920834004878998 0.937521815299988 0.933247804641724 0.938032925128937 0.927346587181091 0.928012609481812 0.942264795303345 0.938892722129822 0.944449841976166 0.94342041015625 0.946657478809357 0.950850784778595 0.946476697921753 0.95415461063385 0.947517037391663 0.926349878311157 0.946945548057556 0.950005352497101 0.951568782329559 0.951198816299438 0.946994364261627 0.946645677089691 0.944750249385834 0.943313896656036 0.946629464626312 0.94029289484024 0.942590355873108 0.93915718793869 0.939896523952484 0.943563222885132 0.947298109531403 0.948888659477234 0.949485838413239 0.950556993484497 0.95098751783371 0.952771842479706 0.955183923244476 0.952338635921478 0.95245224237442 0.9539834856987 0.955510973930359
0.924844205379486 0.923293054103851 0.938853800296783 0.941112101078033 0.898237586021423 0.926702201366425 0.945384740829468 0.929301381111145 0.944830000400543 0.942719995975494 0.920189082622528 0.939363598823547 0.940519511699677 0.946660041809082 0.948687791824341 0.950184106826782 0.951189398765564 0.945397436618805 0.954047024250031 0.949580073356628 0.920522630214691 0.94423919916153 0.951996743679047 0.952589392662048 0.95129656791687 0.952358961105347 0.948987662792206 0.937899768352509 0.944240391254425 0.945432960987091 0.945036470890045 0.947157859802246 0.947346806526184 0.937349617481232 0.940621018409729 0.944621384143829 0.944132566452026 0.948888659477234 0.946701169013977 0.94477254152298 0.952661275863647 0.955021739006042 0.955135643482208 0.954311430454254 0.954379737377167 0.956283509731293
0.937804996967316 0.93466454744339 0.950454413890839 0.93816614151001 0.896260678768158 0.915714979171753 0.94880485534668 0.937602460384369 0.941542088985443 0.942675411701202 0.921606063842773 0.933936238288879 0.938467919826508 0.945600986480713 0.952528595924377 0.953997194766998 0.947248637676239 0.951876044273376 0.955912828445435 0.951888561248779 0.915087819099426 0.94536018371582 0.95320326089859 0.951498210430145 0.949322283267975 0.948939561843872 0.942664682865143 0.935314238071442 0.94535106420517 0.944955885410309 0.947695195674896 0.942839443683624 0.949352383613586 0.949782311916351 0.932371020317078 0.941730976104736 0.942401051521301 0.943816602230072 0.942441940307617 0.944943904876709 0.945557296276093 0.949462652206421 0.95238721370697 0.952996015548706 0.952554821968079 0.953525245189667
0.949972152709961 0.948525130748749 0.951331734657288 0.92360520362854 0.889405190944672 0.919338941574097 0.949924290180206 0.941542088985443 0.949924290180206 0.938157618045807 0.923047125339508 0.925497114658356 0.938429534435272 0.937278151512146 0.947767794132233 0.952588558197021 0.952147364616394 0.953114986419678 0.955368161201477 0.954214870929718 0.91656231880188 0.93926078081131 0.951779782772064 0.950467705726624 0.950133740901947 0.94784688949585 0.944376826286316 0.936011850833893 0.944103240966797 0.94639128446579 0.946026802062988 0.932659506797791 0.944627642631531 0.950278043746948 0.957116067409515 0.946362912654877 0.930959224700928 0.93585866689682 0.939190149307251 0.941620767116547 0.943405985832214 0.94348406791687 0.945260882377625 0.95060658454895 0.952521502971649 0.950734198093414
0.9479119181633 0.95400857925415 0.93040657043457 0.925638735294342 0.906324565410614 0.91402405500412 0.946941018104553 0.947460651397705 0.953154444694519 0.92718106508255 0.926042258739471 0.945010840892792 0.93782651424408 0.932355284690857 0.94469827413559 0.942029535770416 0.957041203975677 0.956741452217102 0.946496427059174 0.938156306743622 0.918732285499573 0.932508707046509 0.953624546527863 0.953725278377533 0.951644361019135 0.946673393249512 0.942116796970367 0.933422327041626 0.943446218967438 0.94468367099762 0.926400303840637 0.937687277793884 0.946042895317078 0.949170231819153 0.951516449451447 0.952080011367798 0.951867043972015 0.936544716358185 0.92721962928772 0.935730636119843 0.941693723201752 0.940715849399567 0.945904910564423 0.947044193744659 0.948715150356293 0.948786795139313
0.944331049919128 0.953993737697601 0.936765074729919 0.926260113716125 0.91443395614624 0.913151443004608 0.943272411823273 0.951759397983551 0.938092052936554 0.933250963687897 0.9319868683815 0.939441919326782 0.94235622882843 0.924334108829498 0.943618714809418 0.938043475151062 0.960401833057404 0.961016356945038 0.935305178165436 0.955957114696503 0.919040739536285 0.925155401229858 0.956279098987579 0.955986440181732 0.952390253543854 0.951194822788239 0.933158576488495 0.942300260066986 0.949118435382843 0.924683749675751 0.934937655925751 0.940405905246735 0.942589282989502 0.941965043544769 0.938461899757385 0.939686954021454 0.948090732097626 0.954703867435455 0.944620490074158 0.948875844478607 0.942346155643463 0.93888932466507 0.939067482948303 0.944392263889313 0.945024311542511 0.945186078548431
0.952257871627808 0.954717576503754 0.941809773445129 0.933598160743713 0.922258317470551 0.929984271526337 0.943774521350861 0.959928810596466 0.939212143421173 0.927408218383789 0.942846536636353 0.93469899892807 0.950169324874878 0.929091811180115 0.922962307929993 0.947901487350464 0.955075919628143 0.959629654884338 0.94898247718811 0.945875942707062 0.9111487865448 0.918516874313354 0.954479336738586 0.959293067455292 0.957602679729462 0.947705447673798 0.916923642158508 0.947310090065002 0.93693220615387 0.925441086292267 0.943754553794861 0.946229338645935 0.938005089759827 0.940522968769073 0.940964818000793 0.938385188579559 0.946471333503723 0.945610404014587 0.944734573364258 0.954463601112366 0.955075621604919 0.956433475017548 0.947202146053314 0.940460801124573 0.94055849313736 0.942385613918304
0.95527195930481 0.943845689296722 0.937792778015137 0.935363829135895 0.92212963104248 0.923878908157349 0.934301733970642 0.95078045129776 0.944832503795624 0.941043972969055 0.961579322814941 0.952438414096832 0.939441919326782 0.93914383649826 0.922414004802704 0.958918929100037 0.957282066345215 0.960411071777344 0.977193892002106 0.959277153015137 0.898949027061462 0.925158679485321 0.962609887123108 0.964828491210938 0.952383577823639 0.930688560009003 0.914414346218109 0.94146329164505 0.910814762115479 0.92374724149704 0.947788834571838 0.943180084228516 0.924894273281097 0.943574130535126 0.945408582687378 0.939062297344208 0.94423371553421 0.945952713489532 0.944615304470062 0.949735105037689 0.951319098472595 0.951524555683136 0.955615699291229 0.942552745342255 0.935844779014587 0.937703132629395
0.944358944892883 0.938793361186981 0.948626160621643 0.938858389854431 0.935909569263458 0.924245715141296 0.930595338344574 0.953619301319122 0.938771843910217 0.958807945251465 0.965294897556305 0.954134821891785 0.944516003131866 0.950265765190125 0.937415719032288 0.938741207122803 0.9377321600914 0.954581677913666 0.980611801147461 0.955971896648407 0.889307975769043 0.917809784412384 0.961435079574585 0.950759410858154 0.935545742511749 0.91954904794693 0.924561202526093 0.917541444301605 0.90610933303833 0.91852855682373 0.945149838924408 0.926831305027008 0.937954425811768 0.947707116603851 0.950830399990082 0.940016210079193 0.941859245300293 0.94989287853241 0.949173867702484 0.951680421829224 0.942612528800964 0.96238249540329 0.950556993484497 0.952556252479553 0.935667872428894 0.932737529277802
0.952059388160706 0.966587543487549 0.963794708251953 0.9629847407341 0.96072793006897 0.936139225959778 0.922404587268829 0.9394651055336 0.966865003108978 0.97501540184021 0.968098998069763 0.96596896648407 0.956830382347107 0.95402330160141 0.955898284912109 0.95439600944519 0.949683606624603 0.92900288105011 0.963408231735229 0.923986494541168 0.898148655891418 0.950240612030029 0.951555490493774 0.938806295394897 0.920494854450226 0.914970755577087 0.918208420276642 0.903196156024933 0.918938398361206 0.922743022441864 0.917111396789551 0.915072679519653 0.941940426826477 0.951525807380676 0.955737292766571 0.948916852474213 0.940859138965607 0.954942226409912 0.955556631088257 0.946744024753571 0.941047728061676 0.958414077758789 0.954241931438446 0.949802398681641 0.953627049922943 0.943282663822174
0.975820422172546 0.96635913848877 0.944405794143677 0.981534004211426 0.960802972316742 0.94062602519989 0.920192778110504 0.920391082763672 0.944537401199341 0.949254214763641 0.975275456905365 0.978831648826599 0.96952086687088 0.958347082138062 0.959923803806305 0.951781570911407 0.951302468776703 0.943691849708557 0.916218459606171 0.890928030014038 0.941670715808868 0.950059235095978 0.933976590633392 0.917751610279083 0.909251570701599 0.928717315196991 0.92424875497818 0.897652983665466 0.921591281890869 0.921182036399841 0.907385051250458 0.928040742874146 0.917668402194977 0.949750542640686 0.95490437746048 0.947256147861481 0.93234783411026 0.95020055770874 0.954521894454956 0.945956766605377 0.948361456394196 0.95275205373764 0.956348955631256 0.948640882968903 0.952094912528992 0.942590117454529
0.96425473690033 0.935750126838684 0.956951916217804 0.981389105319977 0.963126420974731 0.940913736820221 0.946665644645691 0.917051255702972 0.916652798652649 0.953642189502716 0.966470241546631 0.979604184627533 0.971311450004578 0.977001667022705 0.957001030445099 0.953132808208466 0.946288466453552 0.947301745414734 0.901194095611572 0.897475481033325 0.957636058330536 0.940078556537628 0.929708778858185 0.909032225608826 0.911063194274902 0.93215548992157 0.900876402854919 0.887969791889191 0.922589838504791 0.913424909114838 0.904609560966492 0.931492984294891 0.925398945808411 0.941759407520294 0.94859504699707 0.948337197303772 0.946994423866272 0.943637371063232 0.947869539260864 0.948512315750122 0.94254058599472 0.957874357700348 0.955395698547363 0.948957145214081 0.93888133764267 0.927806973457336
0.943714320659637 0.956183314323425 0.966315925121307 0.963571310043335 0.951968431472778 0.948152422904968 0.94459742307663 0.924022197723389 0.918176889419556 0.914344251155853 0.93632173538208 0.97870147228241 0.976963341236115 0.967946231365204 0.948264420032501 0.933865368366241 0.950263321399689 0.951055884361267 0.885325729846954 0.934208393096924 0.930488765239716 0.937771677970886 0.919260919094086 0.915577113628387 0.914165556430817 0.920272588729858 0.891615509986877 0.893236041069031 0.918869376182556 0.908930242061615 0.914698779582977 0.924617886543274 0.928221046924591 0.938568651676178 0.967404246330261 0.960200905799866 0.953199088573456 0.942346453666687 0.951254963874817 0.953208923339844 0.933693110942841 0.962043404579163 0.959062218666077 0.949497163295746 0.93103688955307 0.931218028068542
0.948935806751251 0.975798547267914 0.980031907558441 0.975580096244812 0.963539063930511 0.962889969348907 0.945694148540497 0.924681127071381 0.951930820941925 0.927726864814758 0.946172416210175 0.980851650238037 0.980184495449066 0.980231106281281 0.976633548736572 0.940792918205261 0.924261271953583 0.901895940303802 0.875144481658936 0.898343205451965 0.908153712749481 0.934696316719055 0.914718747138977 0.9202761054039 0.919657766819 0.906106948852539 0.891044914722443 0.889161288738251 0.912521839141846 0.902046859264374 0.910171210765839 0.944546759128571 0.920329988002777 0.976278364658356 0.979162752628326 0.978560388088226 0.9545658826828 0.9542356133461 0.949666440486908 0.946959674358368 0.941893041133881 0.956083416938782 0.954389572143555 0.933175206184387 0.916794419288635 0.93133807182312
0.958902835845947 0.980522096157074 0.981094598770142 0.971391141414642 0.96586799621582 0.953081488609314 0.93571811914444 0.926115691661835 0.91357946395874 0.954838454723358 0.978197813034058 0.979946136474609 0.98001617193222 0.979998230934143 0.97995913028717 0.978328943252563 0.934988677501678 0.888449549674988 0.895523190498352 0.891826808452606 0.907283365726471 0.920907020568848 0.919478535652161 0.918805003166199 0.895322799682617 0.913665235042572 0.886963665485382 0.887566030025482 0.89952677488327 0.903549551963806 0.890420377254486 0.972130954265594 0.962231874465942 0.972281336784363 0.980346322059631 0.980374693870544 0.967410385608673 0.964835226535797 0.94607400894165 0.946243107318878 0.949824869632721 0.936595141887665 0.931535124778748 0.917187690734863 0.928323447704315 0.93784487247467
0.981446921825409 0.980341136455536 0.969111919403076 0.963157713413239 0.955199658870697 0.948911726474762 0.943215489387512 0.925633668899536 0.903855204582214 0.963301837444305 0.979835748672485 0.979835748672485 0.979927361011505 0.979920029640198 0.979914307594299 0.975449740886688 0.911148130893707 0.874004781246185 0.899532675743103 0.909388065338135 0.91167277097702 0.935215055942535 0.928066194057465 0.903619289398193 0.892901122570038 0.90684974193573 0.885974287986755 0.91529244184494 0.895498633384705 0.954422175884247 0.959419727325439 0.964239478111267 0.971920669078827 0.980248868465424 0.980359137058258 0.973213732242584 0.974183857440948 0.941365599632263 0.953942656517029 0.955405652523041 0.952297270298004 0.93526953458786 0.915227234363556 0.909902215003967 0.92948704957962 0.93711918592453
0.981687307357788 0.981483101844788 0.966415226459503 0.956890165805817 0.951529979705811 0.980204224586487 0.961289405822754 0.908893227577209 0.912464022636414 0.9236980676651 0.971256852149963 0.979848861694336 0.974991142749786 0.977938890457153 0.9778653383255 0.932541728019714 0.883469700813293 0.883884072303772 0.878241121768951 0.9174964427948 0.912087678909302 0.934623301029205 0.906803131103516 0.884979546070099 0.8729287981987 0.888978600502014 0.844532787799835 0.937089622020721 0.909259915351868 0.927995920181274 0.948607921600342 0.948216378688812 0.971646010875702 0.976919233798981 0.976522207260132 0.978317439556122 0.967873692512512 0.94395786523819 0.934848129749298 0.928623616695404 0.946464061737061 0.928163886070251 0.900070190429688 0.918648779392242 0.930840015411377 0.936546444892883
