output/projections/01_cur/Cassia ferruginea.asc
NCOLS 168 
NROWS 144 
XLLCORNER -41.0001394455 
YLLCORNER -8.00013921734823 
CELLSIZE 0.0416666665 
NODATA_value -3.4e+38 
[rows 100 to 119 of 144, columns 46 to 91 of 168]
0.0315188802778721 0.0386806093156338 0.11884032189846 0.0405033715069294 0.0918344929814339 0.0676067918539047 0.0752165541052818 0.0456848554313183 0.022751847282052 0.0399700067937374 0.0223772544413805 0.0499440245330334 0.177406042814255 0.477243423461914 0.452190309762955 0.304567098617554 0.317225605249405 0.14208847284317 0.108088038861752 0.11394028365612 0.0647412091493607 0.0508541092276573 0.0412551537156105 0.0413818471133709 0.0413306392729282 0.0579235926270485 0.0509854890406132 0.0496754013001919 0.137025982141495 0.0871298313140869 0.0825478360056877 0.17343470454216 0.119813792407513 0.0835542380809784 0.0843230038881302 0.0721809342503548 0.0617442950606346 0.0577200427651405 0.0559126362204552 0.050805002450943 0.0467010624706745 0.0484198071062565 0.0478403232991695 0.0482259094715118 0.054743304848671 0.0517678745090961
0.0375488139688969 0.038944486528635 0.0536625981330872 0.0412149131298065 0.0586441829800606 0.0500462017953396 0.0800456032156944 0.0382523350417614 0.0259549394249916 0.035823330283165 0.0216411575675011 0.245858356356621 0.255628645420074 0.4700787961483 0.336122155189514 0.237692907452583 0.170903474092484 0.253301620483398 0.0863609910011292 0.06517493724823 0.0683262348175049 0.0622346214950085 0.0524564757943153 0.0463270731270313 0.0479737222194672 0.0441997200250626 0.0450198017060757 0.048190888017416 0.06838309019804 0.209778696298599 0.207159966230392 0.251709997653961 0.112879954278469 0.0861736163496971 0.0724638178944588 0.0716182366013527 0.0595821887254715 0.0577200427651405 0.0510087162256241 0.0536625981330872 0.0556226000189781 0.0556226000189781 0.0602217502892017 0.0604608170688152 0.0377014838159084 0.0398529954254627
0.0472674295306206 0.0543749593198299 0.040266077965498 0.0515612959861755 0.089680016040802 0.0571307614445686 0.0479421131312847 0.0322444997727871 0.0245036631822586 0.0230321027338505 0.0521912090480328 0.500217735767365 0.494286954402924 0.194920748472214 0.136370033025742 0.155650779604912 0.327341079711914 0.10622002184391 0.0804013982415199 0.0821330994367599 0.0501369312405586 0.118046589195728 0.0478403232991695 0.0517678745090961 0.051898155361414 0.0489835888147354 0.0415303222835064 0.0452563688158989 0.104176305234432 0.164431691169739 0.22467528283596 0.272787898778915 0.197616472840309 0.133043944835663 0.0825907662510872 0.0649185180664062 0.0626526847481728 0.0599835701286793 0.0629007518291473 0.0649185180664062 0.0565151758491993 0.0560672171413898 0.0521833784878254 0.0538771152496338 0.0355730727314949 0.0388376973569393
0.0662100538611412 0.0614259801805019 0.0501369312405586 0.0713921934366226 0.124562218785286 0.0922269076108932 0.0544898547232151 0.0303282961249352 0.0221064556390047 0.0278433505445719 0.259551048278809 0.33970245718956 0.256169855594635 0.182727962732315 0.243058577179909 0.329568445682526 0.0960854738950729 0.10029761493206 0.215607851743698 0.0594223029911518 0.064203642308712 0.0897463038563728 0.0580240376293659 0.0618230849504471 0.0576939471065998 0.0509854890406132 0.0442108847200871 0.0560222491621971 0.073666475713253 0.152900248765945 0.382667511701584 0.267922788858414 0.1750827729702 0.114152811467648 0.0734989047050476 0.0729267373681068 0.0619139447808266 0.0581096559762955 0.0619139447808266 0.0680583268404007 0.0604608170688152 0.0486144460737705 0.0370943620800972 0.0370482541620731 0.0389953926205635 0.0352316536009312
0.0672604218125343 0.0667333155870438 0.0374333970248699 0.0752402991056442 0.098291203379631 0.0643384754657745 0.035694170743227 0.0277107898145914 0.0268947817385197 0.042946208268404 0.134370982646942 0.370736300945282 0.481583446264267 0.359835505485535 0.351338058710098 0.120560124516487 0.108142502605915 0.33250492811203 0.171563401818275 0.0657404363155365 0.0593195930123329 0.109876781702042 0.0581540986895561 0.0663905069231987 0.0765701234340668 0.0575791820883751 0.0495628491044044 0.0582941770553589 0.0830978974699974 0.160537227988243 0.143547028303146 0.115784287452698 0.0946623459458351 0.0902639105916023 0.0777914822101593 0.0587192662060261 0.0443781837821007 0.0824300795793533 0.103919483721256 0.0639022141695023 0.0455876290798187 0.0340582020580769 0.0360095873475075 0.0443781837821007 0.0483977012336254 0.0446586459875107
0.0839980244636536 0.0512626804411411 0.0436541698873043 0.0705896466970444 0.0551207177340984 0.0367240868508816 0.0346763506531715 0.0295526087284088 0.0313511788845062 0.0689582675695419 0.200785741209984 0.444580465555191 0.537371218204498 0.208209648728371 0.249006375670433 0.19433568418026 0.431810706853867 0.253369808197021 0.0789894238114357 0.07496577501297 0.0508833490312099 0.124841049313545 0.0559983924031258 0.0677376836538315 0.198315605521202 0.0728884339332581 0.0730433538556099 0.120560124516487 0.175269961357117 0.1814334243536 0.122555933892727 0.0907616093754768 0.0911101549863815 0.0875321105122566 0.0586176961660385 0.0582694113254547 0.0964845567941666 0.0847120434045792 0.0706788748502731 0.0574212037026882 0.049936518073082 0.0330591686069965 0.0375979654490948 0.0568966343998909 0.0603869408369064 0.0423776395618916
0.081438884139061 0.0771308764815331 0.0957062020897865 0.0622940510511398 0.0394874513149261 0.0492028221487999 0.0501984804868698 0.0312233902513981 0.0918412506580353 0.0417493544518948 0.1479272544384 0.404806435108185 0.292555302381516 0.287882804870605 0.104965895414352 0.182243943214417 0.345623463392258 0.124381117522717 0.0815949290990829 0.069169856607914 0.0687284022569656 0.0744141712784767 0.0733293443918228 0.12190767377615 0.241527199745178 0.124490976333618 0.107955224812031 0.0857977122068405 0.0746165290474892 0.108769983053207 0.109465092420578 0.085532546043396 0.0785507038235664 0.0733737647533417 0.0514847971498966 0.0649678111076355 0.0966928228735924 0.061669509857893 0.0574212037026882 0.0507427528500557 0.0393717996776104 0.0342939123511314 0.0343818105757236 0.0469617359340191 0.0493646115064621 0.0687284022569656
0.118927352130413 0.104682587087154 0.0862969681620598 0.0574911497533321 0.0443205758929253 0.0662602558732033 0.0519752353429794 0.0307172574102879 0.0940123796463013 0.0617211908102036 0.206494465470314 0.0991387069225311 0.398048013448715 0.205031380057335 0.0811906084418297 0.227157011628151 0.110100984573364 0.0886655226349831 0.115231804549694 0.112677603960037 0.156068056821823 0.0833635628223419 0.0802519991993904 0.190975844860077 0.191697433590889 0.156538650393486 0.115915603935719 0.0867950543761253 0.0802251100540161 0.0762725323438644 0.0939421281218529 0.0759958922863007 0.0617164969444275 0.0683779269456863 0.0698525533080101 0.0543085820972919 0.0528125539422035 0.0569664984941483 0.040226761251688 0.0357180088758469 0.0348568558692932 0.0397229269146919 0.0389265306293964 0.0390052944421768 0.0625275894999504 0.0763822197914124
0.128051117062569 0.102553755044937 0.0806940943002701 0.0619139447808266 0.0403398312628269 0.122793093323708 0.164491310715675 0.0706416592001915 0.0633491799235344 0.0821739584207535 0.0958008542656898 0.358093470335007 0.212049394845963 0.109688557684422 0.108459390699863 0.111246705055237 0.0573059134185314 0.0696907714009285 0.135602846741676 0.237686321139336 0.09073106944561 0.0869767665863037 0.13660454750061 0.227961510419846 0.0885840877890587 0.0990552380681038 0.139032527804375 0.109054751694202 0.0796050727367401 0.0674435347318649 0.0679758414626122 0.0779425129294395 0.0765901580452919 0.0420040711760521 0.0534899644553661 0.0975928753614426 0.0606115758419037 0.0401769243180752 0.0361562334001064 0.0406065173447132 0.0474359765648842 0.0344608165323734 0.053262609988451 0.0548512563109398 0.0737478211522102 0.0527059994637966
0.0963251814246178 0.105500496923923 0.0907849967479706 0.0676925256848335 0.0412686578929424 0.0582238361239433 0.175880268216133 0.125102460384369 0.181616425514221 0.276777923107147 0.167437091469765 0.184600487351418 0.113348193466663 0.0794103667140007 0.0958867371082306 0.0545527823269367 0.0566949360072613 0.198915511369705 0.200980558991432 0.106341801583767 0.0913454294204712 0.0924007445573807 0.113026186823845 0.0788891986012459 0.0991208106279373 0.0762464553117752 0.147907137870789 0.134466618299484 0.0981023982167244 0.0650957003235817 0.0553334839642048 0.0527474991977215 0.0984760820865631 0.0736609473824501 0.0566566921770573 0.0483603291213512 0.0345742776989937 0.029607342556119 0.0654646158218384 0.0603869408369064 0.0578084029257298 0.0325498282909393 0.0488466359674931 0.0998103395104408 0.0676567703485489 0.0427732430398464
0.106874659657478 0.127315670251846 0.115869380533695 0.0700071603059769 0.0534899644553661 0.053810827434063 0.0603398159146309 0.126007750630379 0.150032535195351 0.121309638023376 0.0884806290268898 0.111537143588066 0.105820402503014 0.0742189437150955 0.0657230317592621 0.0608197078108788 0.0869767665863037 0.194310694932938 0.164970383048058 0.0944345816969872 0.0973588228225708 0.0771684944629669 0.0791026800870895 0.0842573940753937 0.0599356591701508 0.104872465133667 0.381468534469604 0.28051546216011 0.144213616847992 0.0737478211522102 0.0447484701871872 0.194915041327477 0.11535333096981 0.0878694504499435 0.0508705899119377 0.0391537062823772 0.0383004657924175 0.0419517420232296 0.0836090296506882 0.0699887126684189 0.0551135018467903 0.0402894876897335 0.0418559201061726 0.0646116510033607 0.0704492628574371 0.0485154874622822
0.155753463506699 0.122704237699509 0.0902639105916023 0.0765901580452919 0.0649678111076355 0.0658697411417961 0.0628240928053856 0.0686288923025131 0.108238123357296 0.0736416131258011 0.10622002184391 0.0983380451798439 0.0890368297696114 0.0650957003235817 0.0609718561172485 0.109179377555847 0.0982158854603767 0.144586861133575 0.119282551109791 0.109465092420578 0.0911101549863815 0.0626837164163589 0.161614462733269 0.0774692893028259 0.0586879514157772 0.0702874585986137 0.223915502429008 0.349557667970657 0.220626249909401 0.107023254036903 0.0481070391833782 0.148275628685951 0.0683779269456863 0.052734300494194 0.0391537062823772 0.0397229269146919 0.0388475582003593 0.048190888017416 0.0585260652005672 0.0859775245189667 0.101019270718098 0.0535544268786907 0.0494376756250858 0.0820838510990143 0.0656384453177452 0.0477428622543812
0.133223503828049 0.127958372235298 0.0902639105916023 0.0972221791744232 0.102140367031097 0.0861944258213043 0.0704197287559509 0.0697147697210312 0.08780287951231 0.0973588228225708 0.12842957675457 0.103306218981743 0.0788564234972 0.0748004391789436 0.102670930325985 0.123326949775219 0.105673275887966 0.0920100659132004 0.0819739550352097 0.093226820230484 0.0653527677059174 0.130953729152679 0.146158337593079 0.116216644644737 0.0514976978302002 0.0744141712784767 0.141063645482063 0.127274543046951 0.093072272837162 0.082291804254055 0.0617164969444275 0.0708351731300354 0.0460155680775642 0.0434926860034466 0.0378372743725777 0.0401267744600773 0.0378269590437412 0.148313596844673 0.178677424788475 0.109277486801147 0.0495628491044044 0.0538338012993336 0.0683363080024719 0.0918412506580353 0.062414787709713 0.0556695163249969
0.176917150616646 0.126088246703148 0.0950243026018143 0.0846900790929794 0.0973588228225708 0.124381117522717 0.123783528804779 0.0748004391789436 0.0848107635974884 0.103178597986698 0.134840413928032 0.130807891488075 0.113063298165798 0.0899182856082916 0.0913079902529716 0.0850395336747169 0.0936079025268555 0.0847120434045792 0.071514219045639 0.0751124322414398 0.0754058659076691 0.0787037760019302 0.0670471414923668 0.0597918890416622 0.0765701234340668 0.0827495455741882 0.119726195931435 0.0985498651862144 0.0948670879006386 0.0694601312279701 0.0546623580157757 0.0450989380478859 0.0503769256174564 0.0608671866357327 0.0361845307052135 0.0459906980395317 0.0771944522857666 0.139110073447227 0.139593318104744 0.0828677117824554 0.0448267422616482 0.0538338012993336 0.0614351034164429 0.0984112322330475 0.0708405077457428 0.0550082847476006
0.14498408138752 0.121965885162354 0.0904142633080482 0.0884806290268898 0.11752213537693 0.0881411656737328 0.11853339523077 0.125765278935432 0.0835108533501625 0.086896724998951 0.124111980199814 0.228686735033989 0.138670831918716 0.111383065581322 0.107506565749645 0.100438617169857 0.0911336243152618 0.0939662456512451 0.0900913402438164 0.0873642638325691 0.0870286747813225 0.0806940943002701 0.0671622827649117 0.051691085100174 0.0848752781748772 0.0770383104681969 0.126847952604294 0.0837364420294762 0.0580240376293659 0.05006243288517 0.047138936817646 0.0489835888147354 0.0817945227026939 0.0603869408369064 0.0462126545608044 0.0576036684215069 0.0947491228580475 0.139615789055824 0.109688557684422 0.0698157399892807 0.0498354621231556 0.0609506666660309 0.0644623190164566 0.0815401971340179 0.0850816965103149 0.0541617423295975
0.148148342967033 0.124241560697556 0.100363567471504 0.0828677117824554 0.11166425794363 0.0993418991565704 0.104055464267731 0.157096162438393 0.111764311790466 0.0994321554899216 0.134552121162415 0.125412985682487 0.138440951704979 0.193563893437386 0.182360365986824 0.151204809546471 0.0989250689744949 0.0996792912483215 0.0904375687241554 0.086694248020649 0.0824515148997307 0.0818158090114594 0.071953259408474 0.066521592438221 0.0777914822101593 0.0780944973230362 0.0674269199371338 0.0546623580157757 0.0705581679940224 0.0733737647533417 0.0485922545194626 0.0542417913675308 0.0977299734950066 0.0733545050024986 0.0757894366979599 0.0500354915857315 0.0492999665439129 0.132664814591408 0.140631809830666 0.0932576283812523 0.0693527981638908 0.0565236136317253 0.0600339286029339 0.0936623811721802 0.117020405828953 0.0526695288717747
0.162660226225853 0.145632952451706 0.107955224812031 0.158302292227745 0.262173712253571 0.20440362393856 0.185873165726662 0.288230001926422 0.128768548369408 0.136528164148331 0.135043859481812 0.13852858543396 0.158778354525566 0.144066169857979 0.149751752614975 0.133711129426956 0.121515080332756 0.136668682098389 0.0897231623530388 0.125161975622177 0.0950243026018143 0.119282551109791 0.093226820230484 0.0983380451798439 0.0996792912483215 0.0683779269456863 0.0842225924134254 0.0838979631662369 0.0941454693675041 0.071672223508358 0.0585012100636959 0.0641866251826286 0.0916959941387177 0.138944625854492 0.0809652432799339 0.0570785664021969 0.0619231350719929 0.131707444787025 0.0932576283812523 0.116585448384285 0.0827772095799446 0.0716776177287102 0.0581585392355919 0.0754566937685013 0.0877524018287659 0.0673516765236855
0.209927052259445 0.234690770506859 0.13495808839798 0.109688557684422 0.121838353574276 0.0976249650120735 0.124172978103161 0.344313979148865 0.185886293649673 0.195647910237312 0.136582493782043 0.150512084364891 0.13852858543396 0.152681171894073 0.156998917460442 0.158680275082588 0.148681223392487 0.0933584272861481 0.100570552051067 0.192338109016418 0.274590224027634 0.185857996344566 0.196978345513344 0.196210101246834 0.0964845567941666 0.0981023982167244 0.163097634911537 0.136668682098389 0.112641178071499 0.0704197287559509 0.0736416131258011 0.0794103667140007 0.0967322364449501 0.116348385810852 0.0949058309197426 0.0690811574459076 0.0657003074884415 0.124641709029675 0.0969249457120895 0.105353221297264 0.0733792781829834 0.0854104831814766 0.0652574524283409 0.067883312702179 0.103998847305775 0.115095049142838
0.308602541685104 0.223522499203682 0.152136504650116 0.109688557684422 0.113948464393616 0.104956477880478 0.130257800221443 0.196907594799995 0.193651467561722 0.152220070362091 0.140123024582863 0.187165796756744 0.159404054284096 0.159404054284096 0.196282774209976 0.139449819922447 0.11601897329092 0.106037318706512 0.110100984573364 0.133001267910004 0.127274543046951 0.117655165493488 0.107831828296185 0.102670930325985 0.109465092420578 0.112375527620316 0.144825235009193 0.115625098347664 0.0846900790929794 0.0759759992361069 0.0937159210443497 0.100098945200443 0.0998103395104408 0.11480263620615 0.139087691903114 0.0979970321059227 0.0824925154447556 0.124632239341736 0.140621319413185 0.126028344035149 0.0751500800251961 0.10300175845623 0.107366427779198 0.0686880648136139 0.0739684402942657 0.120224259793758
0.364973664283752 0.265536367893219 0.189069092273712 0.126939371228218 0.153859600424767 0.167487353086472 0.124632239341736 0.184450775384903 0.17210166156292 0.20908060669899 0.163853213191032 0.260423600673676 0.169852167367935 0.170993372797966 0.302829205989838 0.177105873823166 0.198915511369705 0.219731494784355 0.151665598154068 0.237406954169273 0.236923202872276 0.12680695950985 0.120860926806927 0.140464842319489 0.143423110246658 0.128902271389961 0.106072410941124 0.0833918526768684 0.0841585248708725 0.0978430882096291 0.108052365481853 0.139593318104744 0.113994993269444 0.144747167825699 0.342146664857864 0.167437091469765 0.150456607341766 0.210327625274658 0.183185651898384 0.143144086003304 0.1010702252388 0.111857160925865 0.107366427779198 0.0660394579172134 0.0702591091394424 0.0727174207568169
