output/projections/01_cur/Cassia ferruginea.asc
NCOLS 168 
NROWS 144 
XLLCORNER -41.0001394455 
YLLCORNER -8.00013921734823 
CELLSIZE 0.0416666665 
NODATA_value -3.4e+38 
[rows 80 to 99 of 144, columns 0 to 45 of 168]
0.568346738815308 0.552768886089325 0.53527420759201 0.187643155455589 0.121447794139385 0.12100787460804 0.100678727030754 0.0936538800597191 0.0722407475113869 0.105751283466816 0.0678478255867958 0.0627051293849945 0.087086595594883 0.0943880975246429 0.066033273935318 0.0543781407177448 0.0550419650971889 0.0526745282113552 0.0516324304044247 0.0497885569930077 0.0427326858043671 0.0458279624581337 0.128781393170357 0.165637865662575 0.197315871715546 0.239832922816277 0.180760204792023 0.319067120552063 0.0989819243550301 0.196897640824318 0.223410904407501 0.267905950546265 0.291100233793259 0.102620847523212 0.0742756649851799 0.102603629231453 0.0968203693628311 0.0746165290474892 0.0612137019634247 0.0546760112047195 0.058733869343996 0.0532769002020359 0.0609880797564983 0.0411639027297497 0.0418347381055355 0.0493398234248161
0.536077082157135 0.601652026176453 0.565196990966797 0.215784579515457 0.141599640250206 0.114013880491257 0.0925857126712799 0.0854104831814766 0.0781335160136223 0.0864037498831749 0.0824925154447556 0.0574695430696011 0.0634800568223 0.0632298588752747 0.0676224827766418 0.0670927464962006 0.0541713200509548 0.0681276917457581 0.0617327988147736 0.0450319014489651 0.0411820150911808 0.0800518169999123 0.272589117288589 0.151028588414192 0.0963771492242813 0.125044107437134 0.238919883966446 0.159357666969299 0.19478352367878 0.325278073549271 0.353091567754745 0.341791570186615 0.230578780174255 0.0915440395474434 0.116160809993744 0.112677603960037 0.0885840877890587 0.0670294240117073 0.0672935768961906 0.0611086487770081 0.0552236400544643 0.0529453158378601 0.0439105145633221 0.0483603291213512 0.0458993390202522 0.0356174148619175
0.337120175361633 0.571485280990601 0.59133505821228 0.192042663693428 0.124172978103161 0.114859648048878 0.0933124199509621 0.0857404172420502 0.0684124454855919 0.0754436478018761 0.087744377553463 0.0605115480720997 0.0655151084065437 0.057953167706728 0.0476514399051666 0.061266902834177 0.0706002786755562 0.0522553287446499 0.0467082783579826 0.0418785773217678 0.0458279624581337 0.12874810397625 0.19622814655304 0.160942301154137 0.0978559404611588 0.169789224863052 0.130586981773376 0.0982287898659706 0.229329809546471 0.290818929672241 0.249946266412735 0.286997824907303 0.222275197505951 0.0929405465722084 0.105707719922066 0.102106422185898 0.0806520655751228 0.0688988864421844 0.0669150948524475 0.0572372116148472 0.0494643151760101 0.0449177101254463 0.0456468090415001 0.0658534839749336 0.0413818471133709 0.0333714298903942
0.363012164831161 0.566315054893494 0.507926285266876 0.188147962093353 0.142112895846367 0.11443168669939 0.080286018550396 0.0662937834858894 0.0686816498637199 0.0778437778353691 0.0911940038204193 0.053494069725275 0.065773718059063 0.0600599348545074 0.0484226606786251 0.0506140179932117 0.0541668757796288 0.0554587729275227 0.0602477230131626 0.0408751927316189 0.0590063333511353 0.12130768597126 0.157631069421768 0.180628404021263 0.125195890665054 0.0952847003936768 0.0750100091099739 0.229237124323845 0.318438798189163 0.248368725180626 0.256752878427505 0.267578363418579 0.142671808600426 0.136086031794548 0.0761754736304283 0.0924007445573807 0.0831887200474739 0.080536775290966 0.0656107813119888 0.0666523203253746 0.0547853261232376 0.0363963097333908 0.0656107813119888 0.0722353160381317 0.0398529954254627 0.0406065173447132
0.279961764812469 0.609971761703491 0.495340913534164 0.17210166156292 0.11615189909935 0.0857550725340843 0.0821880549192429 0.057953167706728 0.0692350491881371 0.0954673811793327 0.067876972258091 0.0486173070967197 0.0697804391384125 0.0678888037800789 0.0450430996716022 0.0486259572207928 0.0461482852697372 0.0536859035491943 0.0805813074111938 0.0624716505408287 0.0657896846532822 0.108376003801823 0.11009918898344 0.274527758359909 0.170580476522446 0.0584830418229103 0.119581490755081 0.255541980266571 0.340674668550491 0.291505366563797 0.278791040182114 0.183185651898384 0.0896929353475571 0.0875681564211845 0.0784905850887299 0.0688988864421844 0.0736416131258011 0.0688988864421844 0.0824300795793533 0.0624530389904976 0.0321286059916019 0.0400458388030529 0.0824300795793533 0.0754058659076691 0.0371989645063877 0.0374456979334354
0.225625202059746 0.527168214321136 0.43761357665062 0.147861704230309 0.107366427779198 0.0887772813439369 0.0742885172367096 0.0663053542375565 0.0612718909978867 0.0825066640973091 0.0652574524283409 0.0465164557099342 0.0568229183554649 0.0632409378886223 0.0445100888609886 0.0405632816255093 0.0420480817556381 0.0778490081429482 0.116538934409618 0.100646905601025 0.0853830277919769 0.103870950639248 0.116797596216202 0.211925238370895 0.162775188684464 0.0523700155317783 0.117992334067822 0.104264073073864 0.305655747652054 0.346549957990646 0.275080412626266 0.196141675114632 0.0987449511885643 0.11480263620615 0.110415697097778 0.0833918526768684 0.0638244226574898 0.0576939471065998 0.0652244091033936 0.0368981249630451 0.0353752486407757 0.0500749982893467 0.0827495455741882 0.0678426995873451 0.0393717996776104 0.0395315736532211
0.349782228469849 0.444315761327744 0.527595579624176 0.188792839646339 0.129264861345291 0.0969337150454521 0.0857482701539993 0.0615148544311523 0.0719961449503899 0.07634387165308 0.0610298290848732 0.0520419664680958 0.0512252934277058 0.0568229183554649 0.0441528335213661 0.038017712533474 0.0397336632013321 0.0449656173586845 0.0859129652380943 0.0823399722576141 0.0943420752882957 0.0867093205451965 0.155218943953514 0.154339000582695 0.166606083512306 0.0565734915435314 0.0949273332953453 0.0796491354703903 0.158008828759193 0.110196195542812 0.185897320508957 0.220570519566536 0.12883149087429 0.150571003556252 0.0997197851538658 0.0969889163970947 0.0718122944235802 0.0865271016955376 0.0436684228479862 0.0372940264642239 0.0422068648040295 0.0680918470025063 0.0826107859611511 0.0524326264858246 0.0565584748983383 0.0623139962553978
0.367084294557571 0.572951972484589 0.568346738815308 0.315138041973114 0.154700249433517 0.108549825847149 0.0781407281756401 0.061266902834177 0.0877235382795334 0.0584255456924438 0.0784189328551292 0.066044807434082 0.0469002537429333 0.0550374500453472 0.0490135028958321 0.0452291369438171 0.0407102145254612 0.0424977354705334 0.091360904276371 0.0775468647480011 0.0773841440677643 0.079331286251545 0.167892456054688 0.179259464144707 0.200248032808304 0.0657577216625214 0.0945785939693451 0.0802934169769287 0.05772340670228 0.0591148845851421 0.080286018550396 0.0760015845298767 0.0946935787796974 0.115156933665276 0.0848107635974884 0.0783781260251999 0.0706962272524834 0.0543502867221832 0.0499750413000584 0.0390845723450184 0.0565433576703072 0.0962528809905052 0.0953875035047531 0.0490693375468254 0.0537973754107952 0.0603719539940357
0.270955592393875 0.558084189891815 0.590981245040894 0.305452197790146 0.150879949331284 0.0915068462491035 0.0799560844898224 0.0550374500453472 0.0644744038581848 0.0731066837906837 0.0784189328551292 0.0572765506803989 0.0415593422949314 0.0443274416029453 0.0497885569930077 0.054581917822361 0.0380013585090637 0.0496598295867443 0.092063345015049 0.0757564604282379 0.0663098692893982 0.0752224177122116 0.16919894516468 0.295512795448303 0.282990336418152 0.055680051445961 0.180132508277893 0.12534636259079 0.104184404015541 0.0597551651299 0.0741935148835182 0.0546993352472782 0.079887330532074 0.0974715426564217 0.0806520655751228 0.0827495455741882 0.0613510012626648 0.049081664532423 0.0606266185641289 0.0504776425659657 0.0579081326723099 0.106620974838734 0.0814996287226677 0.0509462282061577 0.0448041260242462 0.0519752353429794
0.318190574645996 0.395831406116486 0.610974371433258 0.309222191572189 0.205116167664528 0.0866663157939911 0.0963993668556213 0.0528672635555267 0.108962029218674 0.104787245392799 0.0607837066054344 0.0436220765113831 0.0383273176848888 0.037251066416502 0.0564912259578705 0.0908112376928329 0.0536397881805897 0.0477073639631271 0.100878022611141 0.0659129098057747 0.0553701594471931 0.0873107090592384 0.170278057456017 0.32833606004715 0.34363979101181 0.142117336392403 0.0543832927942276 0.146806925535202 0.150537714362144 0.0873707234859467 0.0656384453177452 0.0738354474306107 0.0582238361239433 0.0723206400871277 0.0750927552580833 0.0633224174380302 0.0435916818678379 0.049081664532423 0.0686288923025131 0.069169856607914 0.0716533735394478 0.107831828296185 0.0840605050325394 0.0621592812240124 0.0495988167822361 0.0446791239082813
0.221145555377007 0.404941201210022 0.542803168296814 0.358042299747467 0.261826127767563 0.114974737167358 0.0688944235444069 0.0554255545139313 0.0992720425128937 0.061266902834177 0.0496064573526382 0.0463342368602753 0.037251066416502 0.0397094674408436 0.0915500968694687 0.0927760079503059 0.0634667500853539 0.0577112287282944 0.0761930793523788 0.0718590617179871 0.0495911799371243 0.0792067497968674 0.139048978686333 0.306153863668442 0.269392341375351 0.0811582431197166 0.10310634970665 0.175433576107025 0.112742379307747 0.074483647942543 0.0879864990711212 0.070918969810009 0.0621900893747807 0.0563188530504704 0.0623294338583946 0.0500749982893467 0.0563188530504704 0.054770652204752 0.0723206400871277 0.0815949290990829 0.105820402503014 0.0998435989022255 0.0887183398008347 0.064408503472805 0.0604608170688152 0.0441852994263172
0.148382872343063 0.185691818594933 0.461377739906311 0.387719869613647 0.35610643029213 0.102717094123363 0.0810905545949936 0.0468802601099014 0.0934008434414864 0.0629278048872948 0.0507648587226868 0.0698482841253281 0.0529420226812363 0.0587726607918739 0.130206644535065 0.0910167768597603 0.0573329851031303 0.0689374580979347 0.0681300014257431 0.0587156377732754 0.0543666258454323 0.0551500394940376 0.0885958448052406 0.16625614464283 0.332026422023773 0.331440567970276 0.258906930685043 0.123258799314499 0.0790159329771996 0.0805093720555305 0.0707258731126785 0.0801234543323517 0.0615462474524975 0.0575341135263443 0.103663042187691 0.0634310245513916 0.0530504025518894 0.066766232252121 0.0572219230234623 0.0919406712055206 0.127020359039307 0.0748200491070747 0.0679591074585915 0.0604608170688152 0.0467010624706745 0.0409229062497616
0.123178496956825 0.24466010928154 0.388336479663849 0.3542839884758 0.336072504520416 0.135621562600136 0.10065845400095 0.0577904358506203 0.108192682266235 0.100321061909199 0.078907385468483 0.0682880654931068 0.0597125887870789 0.0629959180951118 0.106760933995247 0.0913662016391754 0.0663700625300407 0.0534261614084244 0.0511286742985249 0.0550963282585144 0.0674876645207405 0.066695973277092 0.0655310228466988 0.101257376372814 0.223462402820587 0.305752456188202 0.150879949331284 0.118774309754372 0.084718331694603 0.071909636259079 0.0666803941130638 0.0616203397512436 0.0613769888877869 0.0782786086201668 0.0875681564211845 0.0754946321249008 0.063681960105896 0.0543357282876968 0.0861290022730827 0.0984760820865631 0.0885476693511009 0.0914834514260292 0.0695791020989418 0.0565151758491993 0.0427408032119274 0.0585729219019413
0.165669336915016 0.154893800616264 0.274264365434647 0.290659040212631 0.257293224334717 0.206805735826492 0.0598916672170162 0.0931261107325554 0.110848896205425 0.0929624512791634 0.0933185815811157 0.0773887038230896 0.0555369853973389 0.0514815896749496 0.065501406788826 0.0748420581221581 0.081208273768425 0.0567163750529289 0.0458796694874763 0.056127030402422 0.09050352871418 0.0818760469555855 0.0708879455924034 0.0859129652380943 0.137836277484894 0.289884269237518 0.199981421232224 0.234340116381645 0.0929017066955566 0.0644180402159691 0.0780474618077278 0.0500964634120464 0.117894530296326 0.0777446180582047 0.156056627631187 0.0746165290474892 0.0835108533501625 0.0539040565490723 0.103178597986698 0.103060021996498 0.121515080332756 0.0928948819637299 0.0717946887016296 0.0515612959861755 0.0606115758419037 0.0560672171413898
0.220420181751251 0.314892321825027 0.321860551834106 0.366254389286041 0.283911645412445 0.176016569137573 0.0537199899554253 0.112688526511192 0.103586703538895 0.0973174497485161 0.074431411921978 0.0718590617179871 0.0833056569099426 0.0668945014476776 0.0538542196154594 0.0513336136937141 0.0679549425840378 0.0553780347108841 0.0466236174106598 0.0572543665766716 0.101084731519222 0.0647313967347145 0.0818760469555855 0.0766468718647957 0.170261815190315 0.246014937758446 0.184532508254051 0.264881014823914 0.189905792474747 0.110650725662708 0.0578879453241825 0.0462770275771618 0.136477023363113 0.0722716376185417 0.296185433864594 0.0906479209661484 0.0820079147815704 0.0655598640441895 0.0712821036577225 0.140974670648575 0.123783528804779 0.0754058659076691 0.0652244091033936 0.0689170658588409 0.093072272837162 0.0648235604166985
0.262707650661469 0.442350029945374 0.433677613735199 0.422881364822388 0.280495405197144 0.118552878499031 0.0939824506640434 0.127054706215858 0.116973735392094 0.0924163833260536 0.0720068067312241 0.082021951675415 0.122301913797855 0.0818396881222725 0.070951983332634 0.0571692064404488 0.0483814515173435 0.0487711764872074 0.0427067428827286 0.0648195743560791 0.0598916672170162 0.0580204464495182 0.0634667500853539 0.0809302106499672 0.129729881882668 0.139857664704323 0.13049578666687 0.270056545734406 0.163152351975441 0.0532809905707836 0.110192619264126 0.0514214783906937 0.225373178720474 0.240080669522285 0.242307111620903 0.18328058719635 0.143198952078819 0.111419133841991 0.119649209082127 0.192978337407112 0.129046306014061 0.104235157370567 0.079296700656414 0.114495597779751 0.10448382794857 0.0686470046639442
0.206656321883202 0.255866169929504 0.494049370288849 0.421852707862854 0.216896370053291 0.122451402246952 0.141381293535233 0.140734970569611 0.0947553664445877 0.0623704418540001 0.0681607201695442 0.0626174658536911 0.0781522318720818 0.0938461422920227 0.070951983332634 0.0643814355134964 0.058134775608778 0.0402190983295441 0.0461045131087303 0.0519531033933163 0.0601295046508312 0.0793406069278717 0.0754280313849449 0.0869165882468224 0.0869165882468224 0.10262755304575 0.228127002716064 0.108081340789795 0.116483025252819 0.0802667960524559 0.114330910146236 0.0619774647057056 0.245393291115761 0.244317516684532 0.188611909747124 0.180822923779488 0.0983703583478928 0.0873707234859467 0.12508200109005 0.169773086905479 0.105543076992035 0.0898503139615059 0.103060021996498 0.12842957675457 0.0649678111076355 0.0472458228468895
0.157570585608482 0.312236815690994 0.393816530704498 0.465571522712708 0.212679952383041 0.179467722773552 0.166132763028145 0.150704115629196 0.128308489918709 0.0872517824172974 0.0634667500853539 0.0531538240611553 0.0612482614815235 0.0683981776237488 0.06280467659235 0.0679549425840378 0.0691069364547729 0.0412070713937283 0.0428794510662556 0.0521027632057667 0.0668037012219429 0.0839518830180168 0.0807657539844513 0.112328566610813 0.108600169420242 0.171342313289642 0.128014281392097 0.10597974807024 0.151963487267494 0.0911868140101433 0.0657852068543434 0.0769088640809059 0.149802789092064 0.112312652170658 0.160135418176651 0.198972970247269 0.0998763591051102 0.0756546407938004 0.148960366845131 0.140464842319489 0.0933584272861481 0.0871298313140869 0.0886954367160797 0.105275474488735 0.0832521095871925 0.0404425784945488
0.131131410598755 0.157640218734741 0.19251637160778 0.455537796020508 0.280444800853729 0.170342430472374 0.177612602710724 0.161969661712646 0.130206644535065 0.101468496024609 0.0786014869809151 0.0733953788876534 0.0542855150997639 0.043052826076746 0.044604878872633 0.0716933757066727 0.0595355406403542 0.0366381928324699 0.046064592897892 0.0488699190318584 0.102571271359921 0.12005690485239 0.109770983457565 0.193314701318741 0.136344790458679 0.0989876091480255 0.208008155226707 0.187472119927406 0.262649744749069 0.126910507678986 0.0639832317829132 0.1010702252388 0.0951113775372505 0.0787430703639984 0.175126194953918 0.129242300987244 0.0939106270670891 0.0801978036761284 0.162760302424431 0.110704235732555 0.0704197287559509 0.068512037396431 0.090958759188652 0.0742384195327759 0.0700071603059769 0.0443781837821007
0.13995435833931 0.123210556805134 0.212016195058823 0.440270930528641 0.339549213647842 0.129411324858665 0.119315080344677 0.135219290852547 0.119881056249142 0.0973174497485161 0.0849297717213631 0.0913662016391754 0.0623792447149754 0.0483814515173435 0.0417097248136997 0.0452135689556599 0.0362069271504879 0.0398705564439297 0.0681300014257431 0.0761930793523788 0.0748420581221581 0.0501155406236649 0.0683981776237488 0.105377711355686 0.0787268206477165 0.0781522318720818 0.226250737905502 0.248002573847771 0.283049523830414 0.127888023853302 0.0824925154447556 0.0943721160292625 0.0853744968771935 0.0619231350719929 0.140631809830666 0.124111980199814 0.111764311790466 0.0738354474306107 0.138944625854492 0.137318730354309 0.102527678012848 0.0842225924134254 0.0802460238337517 0.0799353793263435 0.0568824596703053 0.0491424314677715
