output/projections/01_cur/Cassia ferruginea.asc
NCOLS 168 
NROWS 144 
XLLCORNER -41.0001394455 
YLLCORNER -8.00013921734823 
CELLSIZE 0.0416666665 
NODATA_value -3.4e+38 
[rows 80 to 99 of 144, columns 46 to 91 of 168]
0.0425686314702034 0.0501984804868698 0.0310610942542553 0.0405535958707333 0.0473132915794849 0.0330220200121403 0.0490534082055092 0.0373084843158722 0.0465919151902199 0.0428322292864323 0.0416384190320969 0.0426597036421299 0.0431874021887779 0.0373296700417995 0.0416431799530983 0.0324952155351639 0.0362711399793625 0.0555740855634212 0.0252460073679686 0.0186053961515427 0.0314322896301746 0.0358100011944771 0.0332799293100834 0.0232785139232874 0.0162466503679752 0.0255300365388393 0.0414704941213131 0.0355560667812824 0.0399880595505238 0.0418069921433926 0.0453186184167862 0.0388776436448097 0.0321131907403469 0.0379433110356331 0.0348375849425793 0.0341356545686722 0.0311954542994499 0.0293397027999163 0.020000884309411 0.0224645920097828 0.0291104204952717 0.0299562700092793 0.0193621944636106 0.0194505769759417 0.0245886482298374 0.023677559569478
0.0439105145633221 0.0540924444794655 0.0425686314702034 0.0380086116492748 0.0541585721075535 0.0545921623706818 0.0379189737141132 0.0351022593677044 0.0520891509950161 0.0494832508265972 0.0451365523040295 0.0406482070684433 0.0447829104959965 0.0406451970338821 0.0285107493400574 0.0408099219202995 0.0536156967282295 0.0303604453802109 0.0202642064541578 0.01829993724823 0.0210854355245829 0.0305460765957832 0.0366938039660454 0.0213481076061726 0.0250022225081921 0.0197665560990572 0.0379433110356331 0.0345577336847782 0.0359923802316189 0.0411443375051022 0.0428402908146381 0.0322420932352543 0.0244934316724539 0.0270404163748026 0.0344147719442844 0.0362834110856056 0.0339853875339031 0.024884482845664 0.0161937084048986 0.0258466154336929 0.0286375265568495 0.0280568860471249 0.021833011880517 0.0182048063725233 0.0211119651794434 0.0253671463578939
0.0435578525066376 0.0580240376293659 0.0412149131298065 0.0353288948535919 0.0641548931598663 0.0530887581408024 0.0405932180583477 0.0449030660092831 0.0546447187662125 0.0435094386339188 0.0462394990026951 0.0426677316427231 0.0364311300218105 0.0354091301560402 0.0413079410791397 0.046790212392807 0.0314049497246742 0.0249365977942944 0.0246308837085962 0.0186825394630432 0.0192535147070885 0.0286277644336224 0.0453086011111736 0.024884482845664 0.0214552283287048 0.0197665560990572 0.0379433110356331 0.0352680273354053 0.0331783033907413 0.0387204028666019 0.0371784493327141 0.0333113335072994 0.0299460738897324 0.0274783037602901 0.0280473157763481 0.0269041545689106 0.0255057737231255 0.0164500549435616 0.0188876520842314 0.0284038837999105 0.0263827554881573 0.0281720906496048 0.0221961103379726 0.018129600211978 0.0211119651794434 0.0255764666944742
0.0531571283936501 0.0661133304238319 0.0356174148619175 0.0472093001008034 0.0550290197134018 0.0454486720263958 0.0454486720263958 0.0462187603116035 0.0504842810332775 0.0352680273354053 0.0308282244950533 0.0393530502915382 0.0440669767558575 0.0473734475672245 0.0365450605750084 0.0241294614970684 0.022684209048748 0.0316624715924263 0.0331157669425011 0.0193110797554255 0.0165679361671209 0.0219928324222565 0.0451416969299316 0.0286277644336224 0.0257318671792746 0.0194424130022526 0.0377897024154663 0.0371812134981155 0.0298339929431677 0.0312060639262199 0.0335839502513409 0.0346960946917534 0.0299460738897324 0.0275912005454302 0.0304398983716965 0.0306897591799498 0.0237835366278887 0.0165330152958632 0.0250107795000076 0.0256351418793201 0.0276006199419498 0.0312083978205919 0.0206926073879004 0.0183561407029629 0.0220011379569769 0.0275375731289387
0.0678426995873451 0.0601332187652588 0.0507427528500557 0.0476486310362816 0.0480793155729771 0.0407868437469006 0.0402948446571827 0.039826512336731 0.0428322292864323 0.0437131151556969 0.0279326047748327 0.0272538531571627 0.0331645719707012 0.0371435396373272 0.0216784439980984 0.0182243455201387 0.0279156472533941 0.0473576113581657 0.0333868339657784 0.01829993724823 0.0181699618697166 0.0199184082448483 0.0335839502513409 0.0404841080307961 0.0362834110856056 0.0201791897416115 0.035700935870409 0.0401578061282635 0.0322420932352543 0.0285107493400574 0.0282781105488539 0.0298238359391689 0.0313231311738491 0.033847238868475 0.0310494787991047 0.0215249974280596 0.0161124225705862 0.0175934191793203 0.0251138005405664 0.0241019316017628 0.0300812870264053 0.0319823995232582 0.0249100457876921 0.0178318116813898 0.0232119485735893 0.0316478386521339
0.0633067488670349 0.0472674295306206 0.0432613231241703 0.0447225905954838 0.0406222082674503 0.0367240868508816 0.0384004898369312 0.0326415523886681 0.0314620099961758 0.0387175306677818 0.0342633239924908 0.0246590636670589 0.0234710164368153 0.01829993724823 0.0307967811822891 0.015894778072834 0.0326280333101749 0.0473576113581657 0.0281208232045174 0.0186053961515427 0.0180948954075575 0.0196729749441147 0.0242013018578291 0.042487844824791 0.0529891103506088 0.0289914906024933 0.0312060639262199 0.0278278440237045 0.034555159509182 0.0306897591799498 0.0306897591799498 0.0315800085663795 0.0292021483182907 0.0279156472533941 0.0204847734421492 0.0198188032954931 0.0173761267215014 0.0206854958087206 0.0245018173009157 0.0273772533982992 0.0355493277311325 0.0418069921433926 0.0261670127511024 0.0168256182223558 0.0244877282530069 0.0363486707210541
0.0590396448969841 0.0497979484498501 0.0404293313622475 0.0380730889737606 0.0390281230211258 0.0384004898369312 0.0361389592289925 0.0319800078868866 0.0285107493400574 0.0313231311738491 0.028030289337039 0.0209120810031891 0.0266842655837536 0.024378027766943 0.0220643095672131 0.0201490949839354 0.0356982797384262 0.0348047949373722 0.0289387758821249 0.0166367758065462 0.0191117655485868 0.0249081701040268 0.0255319569259882 0.0480793155729771 0.0475586801767349 0.055808000266552 0.0313231311738491 0.0243928898125887 0.0359897017478943 0.0333113335072994 0.0382494926452637 0.0393368676304817 0.0282362848520279 0.0170557480305433 0.0172175206243992 0.0207583773881197 0.0182614345103502 0.0224722996354103 0.0322383679449558 0.0408052504062653 0.0438814572989941 0.0373324453830719 0.0228379480540752 0.0168198142200708 0.0179801005870104 0.0279261246323586
0.0588058494031429 0.0476486310362816 0.0463720634579659 0.0447543933987617 0.0367240868508816 0.0264912750571966 0.0317199863493443 0.0319800078868866 0.0320998840034008 0.0290828570723534 0.0271258056163788 0.0189376212656498 0.0216329861432314 0.0298238359391689 0.01773976162076 0.0608325786888599 0.0376338921487331 0.0309416074305773 0.0436952188611031 0.0179994031786919 0.0170904975384474 0.0234173946082592 0.0219248943030834 0.0503998883068562 0.0781290605664253 0.0580717734992504 0.0319691449403763 0.0295628793537617 0.025274870917201 0.0235678479075432 0.0275503620505333 0.0234441626816988 0.0171732716262341 0.0153756886720657 0.0163819771260023 0.0216329861432314 0.0203341469168663 0.0193621944636106 0.0308282244950533 0.0303282961249352 0.0315931066870689 0.0270404163748026 0.0294722616672516 0.0247041806578636 0.0166176483035088 0.0210346896201372
0.0480327494442463 0.0368568301200867 0.0338548123836517 0.0309485532343388 0.0323701724410057 0.0278299320489168 0.042487844824791 0.0426677316427231 0.0301920082420111 0.0356861986219883 0.0249869972467422 0.0225435979664326 0.0189543236047029 0.0265911426395178 0.01560013089329 0.134200274944305 0.0428402908146381 0.036286111921072 0.0599556230008602 0.0174328647553921 0.0198484156280756 0.0364269427955151 0.0234191603958607 0.0506020598113537 0.0622940510511398 0.0331720001995564 0.0615592636168003 0.0576122291386127 0.0399791672825813 0.0312769487500191 0.0257700197398663 0.0208020359277725 0.0186053961515427 0.0171976964920759 0.0141498763114214 0.0245943758636713 0.0223721880465746 0.0210371464490891 0.0291070472449064 0.0327538140118122 0.0544273182749748 0.0351181924343109 0.035694170743227 0.0289936643093824 0.0188175830990076 0.0212090387940407
0.0482259094715118 0.0393278449773788 0.0278246141970158 0.0376125387847424 0.0404582098126411 0.0428129509091377 0.0418069921433926 0.0379404947161674 0.0322311408817768 0.02407899312675 0.0242779497057199 0.024378027766943 0.0188760794699192 0.0187320206314325 0.0258317720144987 0.156308680772781 0.0494832508265972 0.0884167328476906 0.0416291765868664 0.02040034532547 0.0178133808076382 0.0266002286225557 0.0221961103379726 0.0327538140118122 0.0472674295306206 0.0806940943002701 0.0666146576404572 0.0628322511911392 0.0525773353874683 0.0429958887398243 0.0324473604559898 0.0210612528026104 0.0188377667218447 0.0199832804501057 0.0162466503679752 0.0196850281208754 0.0203535929322243 0.028387613594532 0.0484198071062565 0.0559126362204552 0.0553018376231194 0.0462187603116035 0.0387130863964558 0.0257426034659147 0.0212090387940407 0.0352200530469418
0.0322236977517605 0.0350770652294159 0.0399414636194706 0.0484667271375656 0.0421271212399006 0.0345511771738529 0.042324610054493 0.0300687961280346 0.0256107822060585 0.0228240098804235 0.0215439293533564 0.0285107493400574 0.0211168993264437 0.0187384746968746 0.071756936609745 0.158937558531761 0.0393530502915382 0.0549361482262611 0.0328753776848316 0.0209985841065645 0.0193503350019455 0.0286375265568495 0.0229400955140591 0.0292264353483915 0.0386955887079239 0.0587415285408497 0.0426677316427231 0.0344147719442844 0.0440669767558575 0.048723328858614 0.02445706166327 0.0228039789944887 0.0265749767422676 0.0203341469168663 0.0230268929153681 0.0202696919441223 0.0309344492852688 0.0378918386995792 0.0593463778495789 0.0634763836860657 0.0471570268273354 0.0377825535833836 0.0355493277311325 0.0300755519419909 0.0235112700611353 0.0456319376826286
0.0389826036989689 0.0377384275197983 0.0473132915794849 0.0531399510800838 0.0334498696029186 0.0299585144966841 0.0348401814699173 0.0355534218251705 0.0272538531571627 0.0314513146877289 0.0225435979664326 0.0237980466336012 0.0245018173009157 0.0197733584791422 0.0815949290990829 0.13380740582943 0.0629007518291473 0.069605179131031 0.0256107822060585 0.0324952155351639 0.0214552283287048 0.0240936782211065 0.0247041806578636 0.0414704941213131 0.0437048971652985 0.055808000266552 0.0435372032225132 0.049119271337986 0.033847238868475 0.0267939902842045 0.0242927521467209 0.0390326008200645 0.0298238359391689 0.0251138005405664 0.0325086787343025 0.0239061843603849 0.0337018519639969 0.0506509840488434 0.047886710613966 0.0510580092668533 0.0496468208730221 0.0496468208730221 0.0452982746064663 0.0286342054605484 0.029695201665163 0.0424384661018848
0.0422262698411942 0.0586441829800606 0.0498461313545704 0.0379189737141132 0.038090318441391 0.0276026912033558 0.0433538146317005 0.0331758297979832 0.0319800078868866 0.0385609082877636 0.0304398983716965 0.0236029271036386 0.0243010725826025 0.0220154915004969 0.105309799313545 0.249335035681725 0.249418780207634 0.0449603050947189 0.0273658540099859 0.0388747602701187 0.0263737421482801 0.0278278440237045 0.0281720906496048 0.049903679639101 0.0509222596883774 0.0433587655425072 0.0411412939429283 0.029100501909852 0.0251052100211382 0.0238961949944496 0.0344173386693001 0.0515274479985237 0.0333113335072994 0.0308282244950533 0.0370235592126846 0.0327687151730061 0.0467795692384243 0.0445744842290878 0.0477286502718925 0.0445744842290878 0.0475373826920986 0.0359855592250824 0.0299528017640114 0.027471924200654 0.0396193563938141 0.0318086370825768
0.0521833784878254 0.0675254166126251 0.0440075770020485 0.0510580092668533 0.0345511771738529 0.0305714458227158 0.0449551790952682 0.0395127534866333 0.0317199863493443 0.0431842133402824 0.0314513146877289 0.0236029271036386 0.0232253223657608 0.0275648441165686 0.215071946382523 0.343328773975372 0.223315119743347 0.0390326008200645 0.0335864536464214 0.0419841259717941 0.0248059704899788 0.0573180876672268 0.0603948011994362 0.0621189326047897 0.0540670827031136 0.0413079410791397 0.0307002030313015 0.0304502584040165 0.0349822379648685 0.0352680273354053 0.0421461053192616 0.0507094115018845 0.0403206422924995 0.0262766443192959 0.050686776638031 0.049285314977169 0.0531774014234543 0.0408052504062653 0.0395052954554558 0.0407868437469006 0.0348177626729012 0.0261639710515738 0.0276780873537064 0.064203642308712 0.0357976369559765 0.0245708096772432
0.0625608116388321 0.0538771152496338 0.0629007518291473 0.0484667271375656 0.0362627990543842 0.0380730889737606 0.041303213685751 0.0404841080307961 0.0408129431307316 0.0387175306677818 0.0272538531571627 0.0276006199419498 0.0325024984776974 0.028053630143404 0.100363567471504 0.211252301931381 0.0800456032156944 0.0413109995424747 0.0485010556876659 0.0326415523886681 0.0259549394249916 0.052877202630043 0.115842320024967 0.0507188737392426 0.0341356545686722 0.0281720906496048 0.0380975231528282 0.0416384190320969 0.0419762209057808 0.0551207177340984 0.0580460503697395 0.0513217747211456 0.0314643606543541 0.0314583741128445 0.0559663884341717 0.0645478144288063 0.049285314977169 0.0416196547448635 0.0393278449773788 0.0382278077304363 0.0330220200121403 0.027005348354578 0.064203642308712 0.0603719539940357 0.0278783328831196 0.0252313259989023
0.0675765499472618 0.0613357909023762 0.0675254166126251 0.0437878929078579 0.052877202630043 0.0355332046747208 0.0481133796274662 0.0505068339407444 0.0460625439882278 0.0322420932352543 0.0279421359300613 0.0312024541199207 0.0662100538611412 0.0316790454089642 0.23845112323761 0.127112522721291 0.135774224996567 0.0630809813737869 0.0426597036421299 0.0281742047518492 0.0582361929118633 0.045501384884119 0.0370235592126846 0.0510580092668533 0.0314583741128445 0.0967322364449501 0.220403581857681 0.0529655143618584 0.0603525899350643 0.0741028338670731 0.0483284778892994 0.0404764711856842 0.0325024984776974 0.0382278077304363 0.0539949648082256 0.0605921410024166 0.0435094386339188 0.0506509840488434 0.0438305325806141 0.0537282265722752 0.041758369654417 0.0284835398197174 0.0435578525066376 0.0267581343650818 0.0308673139661551 0.0406343936920166
0.0710944682359695 0.100744903087616 0.076888881623745 0.0420040711760521 0.0710595771670341 0.0410887077450752 0.052928201854229 0.0555615574121475 0.0431874021887779 0.0294700525701046 0.02616897970438 0.0391408652067184 0.0371307358145714 0.0534756220877171 0.450174480676651 0.383041560649872 0.11394028365612 0.056453213095665 0.0395052954554558 0.0393278449773788 0.065573662519455 0.0319763123989105 0.0367485843598843 0.13660454750061 0.177270844578743 0.319041013717651 0.387034952640533 0.079760730266571 0.140798017382622 0.0871477499604225 0.0469889938831329 0.0370235592126846 0.0295874569565058 0.0484198071062565 0.0591114424169064 0.0694076865911484 0.0595821887254715 0.0637274906039238 0.0510580092668533 0.0424384661018848 0.0335406847298145 0.0303809065371752 0.0276160016655922 0.0446307733654976 0.130982205271721 0.204556554555893
0.053596556186676 0.0623294338583946 0.0782460644841194 0.0520152449607849 0.088378056883812 0.052717249840498 0.0519179739058018 0.0418148674070835 0.0323739089071751 0.0225573685020208 0.0245036631822586 0.0461411513388157 0.0272278096526861 0.219207003712654 0.459929287433624 0.31033530831337 0.334858655929565 0.178148433566093 0.0917668119072914 0.0517108291387558 0.0403130352497101 0.0293462984263897 0.0311657655984163 0.0373502671718597 0.0713488832116127 0.248643890023232 0.255183339118958 0.416027247905731 0.282303750514984 0.074853278696537 0.0591680780053139 0.0445428043603897 0.0427824668586254 0.0543085820972919 0.0614259801805019 0.0744727402925491 0.0681402906775475 0.0537282265722752 0.0450404360890388 0.0602217502892017 0.0380086116492748 0.0400146469473839 0.0391537062823772 0.0460271686315536 0.0864037498831749 0.245506510138512
0.0407710932195187 0.0403712652623653 0.0870061591267586 0.0526425056159496 0.0936079025268555 0.0681402906775475 0.0575866997241974 0.0437131151556969 0.0267096180468798 0.0284005887806416 0.0287385806441307 0.0565584748983383 0.0406168103218079 0.340459227561951 0.246958151459694 0.501442670822144 0.222079664468765 0.194222882390022 0.0684085041284561 0.0589338056743145 0.0481133796274662 0.035245344042778 0.0399414636194706 0.0373967364430428 0.0396323502063751 0.0470436923205853 0.157880157232285 0.447874963283539 0.50351893901825 0.185677200555801 0.0696805119514465 0.0528125539422035 0.0549618937075138 0.0457150489091873 0.0729445964097977 0.103332467377186 0.0724638178944588 0.0677913874387741 0.0592743121087551 0.0633996427059174 0.0538771152496338 0.0526020377874374 0.0435578525066376 0.0440219417214394 0.055004071444273 0.0937159210443497
0.029644476249814 0.0375314727425575 0.100744903087616 0.0460155680775642 0.0968775302171707 0.0708667635917664 0.0632865056395531 0.0491100884974003 0.0229400955140591 0.0326205007731915 0.0343704782426357 0.027339706197381 0.156898617744446 0.36973711848259 0.390597224235535 0.430776536464691 0.232105061411858 0.151911839842796 0.0558444932103157 0.0866300016641617 0.0537800006568432 0.0434784851968288 0.0409229062497616 0.0427408032119274 0.0360095873475075 0.0972946286201477 0.217415988445282 0.22864080965519 0.266272068023682 0.0810074210166931 0.0477815233170986 0.0657404363155365 0.0631977766752243 0.0568966343998909 0.207853332161903 0.104905590415001 0.0966697484254837 0.0624811425805092 0.0535142682492733 0.0530887581408024 0.0503998883068562 0.0461411513388157 0.0497368648648262 0.0525240786373615 0.0671622827649117 0.0729267373681068
