output/projections/01_cur/Cassia ferruginea.asc
NCOLS 168 
NROWS 144 
XLLCORNER -41.0001394455 
YLLCORNER -8.00013921734823 
CELLSIZE 0.0416666665 
NODATA_value -3.4e+38 
[rows 40 to 59 of 144, columns 46 to 91 of 168]
0.214014828205109 0.170654237270355 0.159613415598869 0.197195872664452 0.214020058512688 0.20670785009861 0.169464066624641 0.34755352139473 0.263812482357025 0.243072852492332 0.246706143021584 0.2411979585886 0.252298295497894 -3.4e+38 0.241791635751724 -3.4e+38 -3.4e+38 -3.4e+38 -3.4e+38 -3.4e+38 -3.4e+38 -3.4e+38 -3.4e+38 -3.4e+38 -3.4e+38 -3.4e+38 -3.4e+38 -3.4e+38 -3.4e+38 -3.4e+38 -3.4e+38 -3.4e+38 -3.4e+38 -3.4e+38 -3.4e+38 -3.4e+38 -3.4e+38 -3.4e+38 -3.4e+38 -3.4e+38 -3.4e+38 -3.4e+38 -3.4e+38 -3.4e+38 -3.4e+38 -3.4e+38
0.163285881280899 0.139274775981903 0.170058324933052 0.163036063313484 0.169464066624641 0.168536752462387 0.23558047413826 0.317747533321381 0.244231536984444 0.242783769965172 0.240335956215858 0.235491156578064 0.250966280698776 0.269963264465332 0.281577557325363 0.27330207824707 -3.4e+38 -3.4e+38 -3.4e+38 -3.4e+38 -3.4e+38 -3.4e+38 -3.4e+38 -3.4e+38 -3.4e+38 -3.4e+38 -3.4e+38 -3.4e+38 -3.4e+38 -3.4e+38 -3.4e+38 -3.4e+38 -3.4e+38 -3.4e+38 -3.4e+38 -3.4e+38 -3.4e+38 -3.4e+38 -3.4e+38 -3.4e+38 -3.4e+38 -3.4e+38 -3.4e+38 -3.4e+38 -3.4e+38 -3.4e+38
0.131110668182373 0.148855790495872 0.13826696574688 0.160426065325737 0.144111812114716 0.170316711068153 0.230713292956352 0.548252880573273 0.245103016495705 0.230156853795052 0.232813358306885 0.235632672905922 0.252298295497894 0.250523328781128 0.259179204702377 0.266027450561523 -3.4e+38 -3.4e+38 -3.4e+38 -3.4e+38 -3.4e+38 -3.4e+38 -3.4e+38 -3.4e+38 -3.4e+38 -3.4e+38 -3.4e+38 -3.4e+38 -3.4e+38 -3.4e+38 -3.4e+38 -3.4e+38 -3.4e+38 -3.4e+38 -3.4e+38 -3.4e+38 -3.4e+38 -3.4e+38 -3.4e+38 -3.4e+38 -3.4e+38 -3.4e+38 -3.4e+38 -3.4e+38 -3.4e+38 -3.4e+38
0.12315883487463 0.144632652401924 0.112641178071499 0.155031830072403 0.161205023527145 0.287415742874146 0.246225535869598 0.280309081077576 0.203380107879639 0.242426753044128 0.259863048791885 0.237193331122398 0.25008088350296 0.243362173438072 0.257673025131226 0.256172567605972 0.264037281274796 -3.4e+38 -3.4e+38 -3.4e+38 -3.4e+38 -3.4e+38 -3.4e+38 -3.4e+38 -3.4e+38 -3.4e+38 -3.4e+38 -3.4e+38 -3.4e+38 -3.4e+38 -3.4e+38 -3.4e+38 -3.4e+38 -3.4e+38 -3.4e+38 -3.4e+38 -3.4e+38 -3.4e+38 -3.4e+38 -3.4e+38 -3.4e+38 -3.4e+38 -3.4e+38 -3.4e+38 -3.4e+38 -3.4e+38
0.140188544988632 0.139175206422806 0.0975928753614426 0.210428550839424 0.238281384110451 0.312005788087845 0.184820562601089 0.14650271832943 0.249160096049309 0.424792855978012 0.261681079864502 0.240479469299316 0.240192487835884 0.243506923317909 0.246414139866829 0.24905052781105 0.262208670377731 0.249362841248512 -3.4e+38 -3.4e+38 -3.4e+38 -3.4e+38 -3.4e+38 -3.4e+38 -3.4e+38 -3.4e+38 -3.4e+38 -3.4e+38 -3.4e+38 -3.4e+38 -3.4e+38 -3.4e+38 -3.4e+38 -3.4e+38 -3.4e+38 -3.4e+38 -3.4e+38 -3.4e+38 -3.4e+38 -3.4e+38 -3.4e+38 -3.4e+38 -3.4e+38 -3.4e+38 -3.4e+38 -3.4e+38
0.150828614830971 0.136668682098389 0.117085561156273 0.273930221796036 0.245496913790703 0.165603160858154 0.134509697556496 0.130807891488075 0.680194973945618 0.355976223945618 0.248393759131432 0.234502121806145 0.232813358306885 0.245103016495705 0.241054147481918 0.251409769058228 0.244812294840813 0.262969583272934 0.225031092762947 -3.4e+38 -3.4e+38 -3.4e+38 -3.4e+38 -3.4e+38 -3.4e+38 -3.4e+38 -3.4e+38 -3.4e+38 -3.4e+38 -3.4e+38 -3.4e+38 -3.4e+38 -3.4e+38 -3.4e+38 -3.4e+38 -3.4e+38 -3.4e+38 -3.4e+38 -3.4e+38 -3.4e+38 -3.4e+38 -3.4e+38 -3.4e+38 -3.4e+38 -3.4e+38 -3.4e+38
0.120753832161427 0.145507529377937 0.280662208795547 0.210048258304596 0.172713175415993 0.133531019091606 0.125624388456345 0.323920279741287 0.430187195539474 0.28038564324379 0.29998990893364 0.292190313339233 0.230574890971184 0.258053213357925 0.243072852492332 0.240192487835884 0.234079137444496 0.246414139866829 0.256772071123123 0.258124262094498 -3.4e+38 -3.4e+38 -3.4e+38 -3.4e+38 -3.4e+38 -3.4e+38 -3.4e+38 -3.4e+38 -3.4e+38 -3.4e+38 -3.4e+38 -3.4e+38 -3.4e+38 -3.4e+38 -3.4e+38 -3.4e+38 -3.4e+38 -3.4e+38 -3.4e+38 -3.4e+38 -3.4e+38 -3.4e+38 -3.4e+38 -3.4e+38 -3.4e+38 -3.4e+38
0.117218166589737 0.149880170822144 0.280662208795547 0.190675795078278 0.171315833926201 0.163673967123032 0.2007886916399 0.241490483283997 0.299294888973236 0.233179584145546 0.712168097496033 0.264909833669662 0.248687326908112 0.255802512168884 0.217344984412193 0.216944172978401 0.230714350938797 0.240192487835884 0.245248451828957 0.259028315544128 0.239923492074013 -3.4e+38 -3.4e+38 -3.4e+38 -3.4e+38 -3.4e+38 -3.4e+38 -3.4e+38 -3.4e+38 -3.4e+38 -3.4e+38 -3.4e+38 -3.4e+38 -3.4e+38 -3.4e+38 -3.4e+38 -3.4e+38 -3.4e+38 -3.4e+38 -3.4e+38 -3.4e+38 -3.4e+38 -3.4e+38 -3.4e+38 -3.4e+38 -3.4e+38
0.125765278935432 0.145109117031097 0.239949241280556 0.206256151199341 0.198883578181267 0.238414719700813 0.274550318717957 0.216802597045898 0.175798967480659 0.539639234542847 0.505186080932617 0.239981397986412 0.253267347812653 0.206067219376564 0.229739353060722 0.226005807518959 0.23393826186657 0.236625000834465 0.238618284463882 0.245685160160065 0.252446591854095 0.230731621384621 -3.4e+38 -3.4e+38 -3.4e+38 -3.4e+38 -3.4e+38 -3.4e+38 -3.4e+38 -3.4e+38 -3.4e+38 -3.4e+38 -3.4e+38 -3.4e+38 -3.4e+38 -3.4e+38 -3.4e+38 -3.4e+38 -3.4e+38 -3.4e+38 -3.4e+38 -3.4e+38 -3.4e+38 -3.4e+38 -3.4e+38 -3.4e+38
0.123118869960308 0.128768548369408 0.194915041327477 0.482784897089005 0.293522357940674 0.37855589389801 0.29359295964241 0.195271983742714 0.286954700946808 0.344607710838318 0.26094976067543 0.220689103007317 0.218936920166016 0.213161215186119 0.224360287189484 0.224633947014809 0.230435490608215 0.233234763145447 0.23464323580265 0.223284900188446 0.245248451828957 0.232550099492073 0.211752876639366 -3.4e+38 -3.4e+38 -3.4e+38 -3.4e+38 -3.4e+38 -3.4e+38 -3.4e+38 -3.4e+38 -3.4e+38 -3.4e+38 -3.4e+38 -3.4e+38 -3.4e+38 -3.4e+38 -3.4e+38 -3.4e+38 -3.4e+38 -3.4e+38 -3.4e+38 -3.4e+38 -3.4e+38 -3.4e+38 -3.4e+38
0.119523368775845 0.116527691483498 0.13461746275425 0.694776892662048 0.563913643360138 0.420973658561707 0.339478433132172 0.262899279594421 0.246809467673302 0.236416056752205 0.23064848780632 0.237126186490059 0.162749260663986 0.197864204645157 0.221230253577232 0.224770873785019 0.222451314330101 0.209300324320793 0.213097259402275 0.218684881925583 0.217880234122276 0.224650904536247 0.22588537633419 -3.4e+38 -3.4e+38 -3.4e+38 -3.4e+38 -3.4e+38 -3.4e+38 -3.4e+38 -3.4e+38 -3.4e+38 -3.4e+38 -3.4e+38 -3.4e+38 -3.4e+38 -3.4e+38 -3.4e+38 -3.4e+38 -3.4e+38 -3.4e+38 -3.4e+38 -3.4e+38 -3.4e+38 -3.4e+38 -3.4e+38
0.117836207151413 0.129315212368965 0.190555289387703 0.692308902740479 0.597131907939911 0.645262062549591 0.556573331356049 0.47142231464386 0.302803099155426 0.232046082615852 0.23176608979702 0.163036063313484 0.168280526995659 0.200554594397545 0.203955978155136 0.21586149930954 0.200554594397545 0.218802556395531 0.204400688409805 0.22821307182312 0.217211320996284 0.221382468938828 0.215612009167671 0.222060576081276 -3.4e+38 -3.4e+38 -3.4e+38 -3.4e+38 -3.4e+38 -3.4e+38 -3.4e+38 -3.4e+38 -3.4e+38 -3.4e+38 -3.4e+38 -3.4e+38 -3.4e+38 -3.4e+38 -3.4e+38 -3.4e+38 -3.4e+38 -3.4e+38 -3.4e+38 -3.4e+38 -3.4e+38 -3.4e+38
0.113569840788841 0.195149272680283 0.398731738328934 0.831620037555695 0.738356173038483 0.553079187870026 0.449168235063553 0.449168235063553 0.4503353536129 0.247540697455406 0.161888659000397 0.175136238336563 0.204253181815147 0.197864204645157 0.210186168551445 0.163901567459106 0.171851024031639 0.215728491544724 0.217863649129868 0.207356005907059 0.193110540509224 0.184146463871002 0.192010760307312 0.21601103246212 0.218684881925583 -3.4e+38 -3.4e+38 -3.4e+38 -3.4e+38 -3.4e+38 -3.4e+38 -3.4e+38 -3.4e+38 -3.4e+38 -3.4e+38 -3.4e+38 -3.4e+38 -3.4e+38 -3.4e+38 -3.4e+38 -3.4e+38 -3.4e+38 -3.4e+38 -3.4e+38 -3.4e+38 -3.4e+38
0.199317902326584 0.313930064439774 0.86456161737442 0.877173960208893 0.830926537513733 0.700945556163788 0.646340727806091 0.551474392414093 0.24040062725544 0.137166932225227 0.286311894655228 0.23741489648819 0.222648724913597 0.18801786005497 0.188662394881248 0.144895434379578 0.107077427208424 0.12896591424942 0.131834492087364 0.164480179548264 0.175787225365639 0.187054961919785 0.182253733277321 0.201870918273926 0.209170281887054 0.214418143033981 -3.4e+38 -3.4e+38 -3.4e+38 -3.4e+38 -3.4e+38 -3.4e+38 -3.4e+38 -3.4e+38 -3.4e+38 -3.4e+38 -3.4e+38 -3.4e+38 -3.4e+38 -3.4e+38 -3.4e+38 -3.4e+38 -3.4e+38 -3.4e+38 -3.4e+38 -3.4e+38
0.128318697214127 0.322165071964264 0.835952997207642 0.878438472747803 0.663771331310272 0.364791542291641 0.2992804646492 0.494370847940445 0.262224078178406 0.286576837301254 0.33298859000206 0.239736974239349 0.195488676428795 0.177934855222702 0.135527610778809 0.0845279172062874 0.121829681098461 0.116519346833229 0.163901567459106 0.157085433602333 0.143853753805161 0.137234017252922 0.155106067657471 0.152363434433937 0.198199763894081 0.207873180508614 0.197557538747787 -3.4e+38 -3.4e+38 -3.4e+38 -3.4e+38 -3.4e+38 -3.4e+38 -3.4e+38 -3.4e+38 -3.4e+38 -3.4e+38 -3.4e+38 -3.4e+38 -3.4e+38 -3.4e+38 -3.4e+38 -3.4e+38 -3.4e+38 -3.4e+38 -3.4e+38
0.17315486073494 0.764130413532257 0.834781289100647 0.845029294490814 0.580457329750061 0.330912739038467 0.147306069731712 0.445670664310455 0.30944487452507 0.257002890110016 0.216413944959641 0.186371684074402 0.162461549043655 0.101948507130146 0.0851827412843704 0.11394028365612 0.121829681098461 0.0892091318964958 0.172451913356781 0.136238634586334 0.122932903468609 0.122026585042477 0.136735558509827 0.146469682455063 0.157888889312744 0.168243542313576 0.204912394285202 0.194830819964409 0.168462723493576 -3.4e+38 -3.4e+38 -3.4e+38 -3.4e+38 -3.4e+38 -3.4e+38 -3.4e+38 -3.4e+38 -3.4e+38 -3.4e+38 -3.4e+38 -3.4e+38 -3.4e+38 -3.4e+38 -3.4e+38 -3.4e+38 -3.4e+38
0.319404125213623 0.81371283531189 0.719188034534454 0.547244071960449 0.389711230993271 0.213075235486031 0.171315833926201 0.255804091691971 0.20519295334816 0.210490047931671 0.147560268640518 0.131864726543427 0.119592152535915 0.0717946887016296 0.130423456430435 0.116086013615131 0.105874039232731 0.0996555835008621 0.108292832970619 0.113276317715645 0.0879738032817841 0.0924720615148544 0.106022320687771 0.108852408826351 0.124473728239536 0.132013753056526 0.156770929694176 0.170021042227745 0.181626185774803 0.173240751028061 -3.4e+38 -3.4e+38 -3.4e+38 -3.4e+38 -3.4e+38 -3.4e+38 -3.4e+38 -3.4e+38 -3.4e+38 -3.4e+38 -3.4e+38 -3.4e+38 -3.4e+38 -3.4e+38 -3.4e+38 -3.4e+38
0.755632042884827 0.847746729850769 0.70488440990448 0.517735719680786 0.312476009130478 0.271280884742737 0.214987382292747 0.16912841796875 0.175136238336563 0.150770843029022 0.109341107308865 0.0972470492124557 0.0732123106718063 0.0834135115146637 0.13826696574688 0.110579028725624 0.0919879972934723 0.0966697484254837 0.101948507130146 0.0721809342503548 0.0941229462623596 0.10079625248909 0.114981420338154 0.11343365162611 0.103257283568382 0.120396882295609 0.124473728239536 0.117306150496006 0.140445739030838 0.171214312314987 0.178513675928116 0.196314558386803 -3.4e+38 -3.4e+38 -3.4e+38 -3.4e+38 -3.4e+38 -3.4e+38 -3.4e+38 -3.4e+38 -3.4e+38 -3.4e+38 -3.4e+38 -3.4e+38 -3.4e+38 -3.4e+38
0.522537589073181 0.577883005142212 0.346710741519928 0.285733312368393 0.285990804433823 0.230534389615059 0.182565987110138 0.12758107483387 0.112248666584492 0.0911336243152618 0.103527516126633 0.0870286747813225 0.0959587916731834 0.115869380533695 0.104905590415001 0.092340774834156 0.0981525480747223 0.0808102935552597 0.0633996427059174 0.0633996427059174 0.0902422219514847 0.0879738032817841 0.106273837387562 0.0997961238026619 0.0968065336346626 0.104040712118149 0.0870668143033981 0.0997961238026619 0.136735558509827 0.17061685025692 0.194830819964409 0.193600863218307 0.179016649723053 -3.4e+38 -3.4e+38 -3.4e+38 -3.4e+38 -3.4e+38 -3.4e+38 -3.4e+38 -3.4e+38 -3.4e+38 -3.4e+38 -3.4e+38 -3.4e+38 -3.4e+38
0.157597661018372 0.337200254201889 0.470042616128922 0.366067290306091 0.226253941655159 0.195271983742714 0.194409415125847 0.129470065236092 0.107102684676647 0.0733737647533417 0.0923629179596901 0.098175935447216 0.123416811227798 0.101395435631275 0.092340774834156 0.0832319483160973 0.0768312886357307 0.061669509857893 0.0590396448969841 0.0571934245526791 0.0592743121087551 0.0855118781328201 0.11285350471735 0.0833514779806137 0.0859650894999504 0.0850768834352493 0.0844227895140648 0.0876360982656479 0.107631482183933 0.164733082056046 0.193355590105057 0.161493539810181 0.180742472410202 -3.4e+38 -3.4e+38 -3.4e+38 -3.4e+38 -3.4e+38 -3.4e+38 -3.4e+38 -3.4e+38 -3.4e+38 -3.4e+38 -3.4e+38 -3.4e+38 -3.4e+38
