output/projections/01_cur/Myrcia silvatica.asc
NCOLS 168 
NROWS 144 
XLLCORNER -41.0001394455 
YLLCORNER -8.00013921734823 
CELLSIZE 0.0416666665 
NODATA_value -3.4e+38 
[rows 80 to 99 of 144, columns 0 to 45 of 168]
0.212829247117043 0.203224495053291 0.181372061371803 0.0401152484118938 0.024260438978672 0.0252699293196201 0.0205344092100859 0.0187456719577312 0.0151971587911248 0.0226514916867018 0.0140271335840225 0.0139048639684916 0.0193002298474312 0.0212755091488361 0.0157231744378805 0.012175208888948 0.00831899233162403 0.00787544995546341 0.00829225685447454 0.00805205292999744 0.00747458403930068 0.00758353341370821 0.0249899849295616 0.0367900319397449 0.0451787151396275 0.0604934170842171 0.0407274067401886 0.0899112969636917 0.0223196968436241 0.048786822706461 0.0562867857515812 0.0710456594824791 0.0789449065923691 0.0229866690933704 0.0163346920162439 0.0229242611676455 0.0230074990540743 0.0170756708830595 0.014045643620193 0.0123456623405218 0.0132118389010429 0.0120009323582053 0.0136733958497643 0.00968025159090757 0.00981797743588686 0.0114802094176412
0.19364595413208 0.236542701721191 0.202520251274109 0.0472604110836983 0.028552982956171 0.024230107665062 0.0188594106584787 0.0171045288443565 0.0156448464840651 0.0185122899711132 0.0176612678915262 0.0130230970680714 0.0143906744197011 0.0145897278562188 0.0156333055347204 0.0117780556902289 0.00819169636815786 0.0103379199281335 0.00940149463713169 0.00681990152224898 0.0067609422840178 0.0147627210244536 0.0660205334424973 0.0309613179415464 0.0199566315859556 0.0265792105346918 0.0580883473157883 0.037983201444149 0.0459300614893436 0.0948915481567383 0.105206221342087 0.10517280548811 0.0588375255465508 0.020922027528286 0.0289460420608521 0.0278636068105698 0.0199485961347818 0.0156106557697058 0.0143697978928685 0.0130541641265154 0.0126435114070773 0.0121185816824436 0.00992422085255384 0.0116657149046659 0.0101722124963999 0.00770164607092738
0.0883005857467651 0.215120911598206 0.224787354469299 0.0413369759917259 0.026574207469821 0.0228891391307116 0.0191037356853485 0.018394697457552 0.0137346023693681 0.016195660457015 0.018773291260004 0.0139316385611892 0.0151013238355517 0.0134269325062633 0.0111242262646556 0.0101119726896286 0.0108487317338586 0.00782488565891981 0.00703255645930767 0.00682979496195912 0.00757389049977064 0.0252317171543837 0.0412236899137497 0.0328770875930786 0.0189163256436586 0.0360216461122036 0.0289192572236061 0.021142503246665 0.0614453181624413 0.081592932343483 0.0669857934117317 0.0794073194265366 0.0577875301241875 0.0201017074286938 0.0244016256183386 0.0234597008675337 0.0184516906738281 0.0152294570580125 0.0158235467970371 0.0133200334385037 0.0113524571061134 0.00965727027505636 0.010328434407711 0.0160136912018061 0.00986382830888033 0.0077527854591608
0.096898078918457 0.211643502116203 0.171031340956688 0.0404225625097752 0.0291614700108767 0.0227738134562969 0.0163950510323048 0.0133196720853448 0.0147744035348296 0.0167655367404222 0.0203025415539742 0.0123853078112006 0.0154471844434738 0.0138983298093081 0.012122836895287 0.0118466820567846 0.00838213041424751 0.00789326895028353 0.00923555064946413 0.0066819041967392 0.00995739363133907 0.0219741091132164 0.0322314947843552 0.037806648761034 0.0237369071692228 0.0187271647155285 0.014518553391099 0.0567829683423042 0.0873804837465286 0.0632503554224968 0.0692469477653503 0.0742707923054695 0.0347000323235989 0.0327878445386887 0.0163493808358908 0.0211947448551655 0.019047349691391 0.0184013638645411 0.0147440657019615 0.0147110112011433 0.0119148846715689 0.00847331155091524 0.0149692250415683 0.0166962035000324 0.00888980831950903 0.00906428974121809
0.0684721395373344 0.231785580515862 0.16325381398201 0.0365360900759697 0.0231804177165031 0.016685014590621 0.0171403475105762 0.0117047829553485 0.0139669077470899 0.0199445895850658 0.015146835707128 0.0105934301391244 0.0167365688830614 0.0130124110728502 0.0105546191334724 0.0114146312698722 0.00869641453027725 0.00755923753604293 0.0126938475295901 0.00973941199481487 0.011134291999042 0.0194750428199768 0.0203055664896965 0.0646628588438034 0.0334208644926548 0.0111332451924682 0.0266166534274817 0.0654493272304535 0.103694461286068 0.0788894444704056 0.074607215821743 0.0440509021282196 0.0199552774429321 0.0190899595618248 0.0183055382221937 0.0160932093858719 0.0171737056225538 0.0150004429742694 0.0191595479846001 0.0142919709905982 0.00753645552322268 0.00930758845061064 0.0197937283664942 0.017742857336998 0.00848534889519215 0.00840267166495323
0.0510973408818245 0.173835977911949 0.132189616560936 0.0303966831415892 0.0210056994110346 0.0185004062950611 0.0142300352454185 0.0133901229128242 0.0124009996652603 0.0184099841862917 0.0145777752622962 0.0103483991697431 0.013732953928411 0.0123751387000084 0.00691937189549208 0.00837556272745132 0.00638658879324794 0.0113904932513833 0.0205880030989647 0.0166031122207642 0.0151104796677828 0.0188806634396315 0.0218172613531351 0.0439694374799728 0.0321719795465469 0.00884140934795141 0.0244637578725815 0.0212355647236109 0.0852231904864311 0.100484035909176 0.0778002142906189 0.0482553467154503 0.0219793748110533 0.0260629169642925 0.025364201515913 0.0200944524258375 0.0151688354089856 0.013472001068294 0.0151710696518421 0.00830325949937105 0.00841621123254299 0.011159841902554 0.0202448479831219 0.0162865370512009 0.00927770230919123 0.00980883929878473
0.0899983122944832 0.126701846718788 0.178463280200958 0.0397872477769852 0.0273006092756987 0.0189286936074495 0.0167518332600594 0.0124644683673978 0.0148289063945413 0.0170564558357 0.0137131987139583 0.0125710256397724 0.0116117587313056 0.0109748896211386 0.00608730595558882 0.00566459400579333 0.00586135359480977 0.00654366472736001 0.0131396818906069 0.0137390615418553 0.0169857386499643 0.0156350117176771 0.0297924280166626 0.0324620194733143 0.0356395021080971 0.00960446894168854 0.017015602439642 0.0140177421271801 0.0328680016100407 0.0234503652900457 0.046038344502449 0.0567566379904747 0.0282178781926632 0.0340755209326744 0.0232971645891666 0.0225960426032543 0.0172919761389494 0.0211308971047401 0.00943522062152624 0.00870359409600496 0.00963734183460474 0.0156131777912378 0.0205196235328913 0.011639648117125 0.0134182637557387 0.015466689132154
0.0966465249657631 0.196853950619698 0.203383430838585 0.0749865099787712 0.0315843299031258 0.0213315431028605 0.0160901751369238 0.0124666532501578 0.0194074157625437 0.0129338270053267 0.0176814123988152 0.0159042570739985 0.0106701906770468 0.00996868684887886 0.00675755133852363 0.00626324210315943 0.00559473410248756 0.00620712945237756 0.0139710577204823 0.0128695713356137 0.0129376733675599 0.0142989112064242 0.0331011675298214 0.0384907685220242 0.0422971993684769 0.0120801273733377 0.0184425767511129 0.0144840450957417 0.0102385012432933 0.0114445397630334 0.0183502174913883 0.0176319926977158 0.0222947038710117 0.0274848826229572 0.0198035426437855 0.0182534120976925 0.0164618510752916 0.0120781678706408 0.0117185274139047 0.00911700911819935 0.0132715571671724 0.0244090966880322 0.022927014157176 0.0119222793728113 0.0130062848329544 0.014264514669776
0.0636011362075806 0.199665814638138 0.209139704704285 0.0726076364517212 0.0307625941932201 0.0176579654216766 0.0154270781204104 0.0112527860328555 0.0131736723706126 0.0162398479878902 0.0177260041236877 0.0138561576604843 0.00934047624468803 0.00755218556150794 0.00738746672868729 0.00822724029421806 0.00571785075590014 0.00750602129846811 0.0143281519412994 0.0125925550237298 0.0110648339614272 0.0127612194046378 0.0335873886942863 0.0700983330607414 0.0658055767416954 0.0103053376078606 0.0411504618823528 0.0254314057528973 0.022590633481741 0.0118813924491405 0.0159995462745428 0.0116701442748308 0.0175309255719185 0.0235793832689524 0.0175918657332659 0.019594157114625 0.0138475904241204 0.0107683958485723 0.0146693727001548 0.0118714617565274 0.0138388425111771 0.0266021247953176 0.0209239721298218 0.0127653246745467 0.0101672792807221 0.0125307878479362
0.0785886272788048 0.107256032526493 0.238224118947983 0.0778813585639 0.0438211150467396 0.0165133662521839 0.018776323646307 0.0106819989159703 0.0246142223477364 0.0238626785576344 0.0135106649249792 0.00961095094680786 0.00911972019821405 0.00831416714936495 0.0103783383965492 0.0140810180455446 0.00803399458527565 0.00723111629486084 0.0162885282188654 0.0109360348433256 0.00923269521445036 0.0160880498588085 0.0375450998544693 0.0868479609489441 0.0927326828241348 0.0291874092072248 0.00952333677560091 0.030759809538722 0.0349908694624901 0.0178695507347584 0.0141343334689736 0.0164415575563908 0.0128028653562069 0.0160860978066921 0.0178119521588087 0.014789323322475 0.00977605208754539 0.0117618916556239 0.0168550554662943 0.0167103409767151 0.017294991761446 0.0269057620316744 0.0204678811132908 0.015715379267931 0.0124090239405632 0.0101007837802172
0.0519692860543728 0.117745876312256 0.187477976083755 0.0889272317290306 0.0623240731656551 0.024173753336072 0.0141352703794837 0.011245658621192 0.0223250258713961 0.0133773423731327 0.0107231559231877 0.0102231651544571 0.00891292560845613 0.00955606903880835 0.0176620129495859 0.0137564390897751 0.00908711738884449 0.00889234896749258 0.012830127030611 0.0113153383135796 0.00826562102884054 0.0135536547750235 0.0278455652296543 0.0794911831617355 0.0636401772499084 0.0144207142293453 0.0192024260759354 0.0358044095337391 0.0216791294515133 0.0139526603743434 0.0182744506746531 0.0157415810972452 0.0137998135760427 0.0123191028833389 0.0148038407787681 0.0107979346066713 0.0130050759762526 0.0124394940212369 0.0166202690452337 0.0203941967338324 0.0268971994519234 0.0252803862094879 0.0235558245331049 0.0165535137057304 0.014260302297771 0.010877313092351
0.0283235311508179 0.0421405583620071 0.148915097117424 0.108798861503601 0.0942211076617241 0.0197897590696812 0.0163566134870052 0.0102148875594139 0.019247917458415 0.0126841068267822 0.0110479723662138 0.0165910869836807 0.0118545182049274 0.0144745148718357 0.037157166749239 0.0166245065629482 0.00958904344588518 0.0109537523239851 0.0108556328341365 0.0100132180377841 0.00843570660799742 0.00923232175409794 0.0157272312790155 0.0342447645962238 0.0844870880246162 0.090829573571682 0.0607186071574688 0.024231119081378 0.0138111365959048 0.0155821992084384 0.0134386979043484 0.0165864229202271 0.0125578371807933 0.0123883290216327 0.0238725580275059 0.0138392169028521 0.0122619811445475 0.0155865903943777 0.0132061736658216 0.0233490522950888 0.0312176626175642 0.0173416435718536 0.0165697336196899 0.014260302297771 0.0109018487855792 0.0100979218259454
0.023139413446188 0.0560222007334232 0.110077634453773 0.0967430099844933 0.0874815508723259 0.0305910557508469 0.0223640557378531 0.0126742115244269 0.0247471984475851 0.0229386389255524 0.0179968550801277 0.0156434085220098 0.014716574922204 0.0158650521188974 0.0297349356114864 0.0239470470696688 0.0129253128543496 0.00847126077860594 0.0081195579841733 0.00941511243581772 0.0108295977115631 0.0116931386291981 0.0115758283063769 0.0173791311681271 0.0448293648660183 0.0723757743835449 0.0317609086632729 0.0232704989612103 0.0147972730919719 0.0117060597985983 0.0126711446791887 0.0117345005273819 0.0114853447303176 0.0164762195199728 0.0200899057090282 0.0167137086391449 0.0151314018294215 0.0125476941466331 0.0203849337995052 0.0237252060323954 0.0223297979682684 0.0230148695409298 0.016103794798255 0.0133437216281891 0.0107237342745066 0.0135543560609221
0.0357897877693176 0.0319265685975552 0.0715848878026009 0.0725792273879051 0.0613210387527943 0.0500923320651054 0.0120279816910625 0.0206905622035265 0.0250738468021154 0.0208915956318378 0.0217158980667591 0.017968438565731 0.0135739035904408 0.0128600522875786 0.0165988933295012 0.0206020548939705 0.0212018508464098 0.0110402349382639 0.00682425452396274 0.00898988358676434 0.015076220035553 0.0136813428252935 0.0124999675899744 0.0165973417460918 0.026362705975771 0.071030393242836 0.0419713482260704 0.0549422800540924 0.0179530400782824 0.0118347220122814 0.014811797067523 0.00994141027331352 0.0235589873045683 0.0161105096340179 0.0355645902454853 0.0180151909589767 0.0200963467359543 0.0133275864645839 0.0248663201928139 0.0247679501771927 0.0318570844829082 0.0237476341426373 0.0177443008869886 0.0124177224934101 0.0145345441997051 0.0132082914933562
0.0742145255208015 0.0845692828297615 0.0770538747310638 0.098468005657196 0.070555679500103 0.0390421561896801 0.0106959929689765 0.0252129193395376 0.0234191287308931 0.0234191287308931 0.0163886956870556 0.0161143951117992 0.0206679217517376 0.016537994146347 0.0135976681485772 0.0139341056346893 0.0177436135709286 0.0126292463392019 0.00855067744851112 0.00917634926736355 0.0174676198512316 0.0107377953827381 0.0146609134972095 0.0137363001704216 0.0368016511201859 0.0544852018356323 0.0407135710120201 0.0636588707566261 0.0376096852123737 0.0201576743274927 0.00996533129364252 0.00776235526427627 0.0257754120975733 0.0129211395978928 0.0730692446231842 0.0211032908409834 0.018456406891346 0.0155849223956466 0.0169557072222233 0.0386105738580227 0.0308583453297615 0.0193139556795359 0.0158906057476997 0.0167644303292036 0.0229686051607132 0.0154729327186942
0.105844736099243 0.1302090883255 0.12542313337326 0.121650233864784 0.067270964384079 0.0258941426873207 0.0192520469427109 0.0267874579876661 0.0261861011385918 0.0205336231738329 0.0159585811197758 0.0198895093053579 0.0309351272881031 0.0216606259346008 0.0178229361772537 0.0144023150205612 0.0133351283147931 0.01369349937886 0.0120801413431764 0.017619488760829 0.0121629415079951 0.0102929696440697 0.0114907771348953 0.0147688845172524 0.0249213017523289 0.0272442325949669 0.0236769411712885 0.0585054084658623 0.0312168560922146 0.0090553667396307 0.0202416330575943 0.0088044349104166 0.0474488101899624 0.052512276917696 0.0570465102791786 0.0431281290948391 0.0346001535654068 0.0261430367827415 0.0282018166035414 0.0532802529633045 0.0328107997775078 0.0249886400997639 0.0200263597071171 0.0294427629560232 0.0262909922748804 0.0163689106702805
0.0541845113039017 0.0754039660096169 0.157230913639069 0.119349107146263 0.0483719483017921 0.0275461860001087 0.0321978740394115 0.0318705327808857 0.0209245383739471 0.0140573792159557 0.0154329016804695 0.0151403481140733 0.0192093569785357 0.023691114038229 0.0178005062043667 0.0172866601496935 0.0158844366669655 0.0109367789700627 0.013665160164237 0.0156633872538805 0.0184576623141766 0.0251687560230494 0.019500344991684 0.0200175568461418 0.0174650531262159 0.0157441254705191 0.0477158278226852 0.019569031894207 0.0214893277734518 0.0130832158029079 0.0197585988789797 0.00998783484101295 0.0502002723515034 0.0507657751441002 0.0394934788346291 0.0383290797472 0.0188201274722815 0.0178899206221104 0.0285723563283682 0.047145813703537 0.0250595360994339 0.022398104891181 0.0274561066180468 0.0325593948364258 0.0161304008215666 0.0112450551241636
0.0384831838309765 0.0855543687939644 0.109716072678566 0.148626625537872 0.047669280320406 0.039232961833477 0.038363229483366 0.034145150333643 0.0287100523710251 0.020865386351943 0.0141994757577777 0.0127699784934521 0.0147187449038029 0.0166942197829485 0.0155366566032171 0.0182857140898705 0.0188667755573988 0.0111919632181525 0.0125309834256768 0.0147328115999699 0.0205141883343458 0.0281063038855791 0.0275714639574289 0.0347096882760525 0.0319004990160465 0.0441153384745121 0.0312936864793301 0.0192278753966093 0.0256984643638134 0.0145470695570111 0.0101441247388721 0.0119409495964646 0.0282328706234694 0.0203177854418755 0.0304132495075464 0.0411655381321907 0.0181301645934582 0.0144541040062904 0.0315148122608662 0.0294011160731316 0.0210023801773787 0.0206425487995148 0.0224441420286894 0.0260968767106533 0.0199118480086327 0.00968916248530149
0.0293299462646246 0.0339375250041485 0.0460089668631554 0.142882272601128 0.0665743052959442 0.0371390730142593 0.0387957543134689 0.0370869152247906 0.0296924356371164 0.0227723214775324 0.0172894280403852 0.0163599178195 0.0129652172327042 0.0110903820022941 0.0107681127265096 0.0194144584238529 0.0174136254936457 0.00983565393835306 0.0125791737809777 0.0146086029708385 0.0331759415566921 0.0402331948280334 0.0393973961472511 0.0747798308730125 0.047054648399353 0.0348461307585239 0.0682437941431999 0.0538396313786507 0.0556118190288544 0.0204381290823221 0.0101881828159094 0.017044834792614 0.0159695222973824 0.0131836300715804 0.035515058785677 0.0252743680030107 0.0175932981073856 0.0147786112502217 0.0338495820760727 0.02137491106987 0.0137864593416452 0.0141320573166013 0.0221687071025372 0.0187366884201765 0.0170635674148798 0.0102304853498936
0.0356277637183666 0.0253810714930296 0.0516056194901466 0.129186853766441 0.0912933722138405 0.0292245075106621 0.0268600936979055 0.0305014010518789 0.0284940544515848 0.0214354526251554 0.0199648812413216 0.0218673646450043 0.0148080112412572 0.0115525871515274 0.0107113076373935 0.0119972368702292 0.00968367513269186 0.0116940876469016 0.0209346376359463 0.0239091627299786 0.0238068848848343 0.0157530196011066 0.0238332189619541 0.0355824194848537 0.0277928356081247 0.0274281296879053 0.0773270651698112 0.088755264878273 0.0876048877835274 0.0342041999101639 0.0158106312155724 0.0163274873048067 0.0144840562716126 0.0101651027798653 0.0277917087078094 0.0230348501354456 0.0217373706400394 0.0135985882952809 0.0306182317435741 0.0281346198171377 0.0214772913604975 0.0158727150410414 0.0182485356926918 0.0204731021076441 0.0139284776523709 0.0143395243212581
