output/projections/01_cur/Myrcia silvatica.asc
NCOLS 168 
NROWS 144 
XLLCORNER -41.0001394455 
YLLCORNER -8.00013921734823 
CELLSIZE 0.0416666665 
NODATA_value -3.4e+38 
[rows 100 to 119 of 144, columns 46 to 91 of 168]
0.0117631647735834 0.0124448593705893 0.0434449724853039 0.010528733022511 0.0249853115528822 0.0180787369608879 0.0186803210526705 0.0109462020918727 0.00564541667699814 0.00979083869606256 0.00536704622209072 0.0125733995810151 0.0533298216760159 0.193203404545784 0.17444796860218 0.100544348359108 0.118180051445961 0.0488285273313522 0.0391938872635365 0.0545807182788849 0.0298503879457712 0.0232853461056948 0.0204651430249214 0.0205725990235806 0.0206020306795835 0.0284487809985876 0.0264900401234627 0.0254219174385071 0.0719756036996841 0.0442638620734215 0.0427938476204872 0.0930451154708862 0.0700688660144806 0.0484769120812416 0.0487690158188343 0.037934310734272 0.0349337533116341 0.0327731259167194 0.0318015776574612 0.0285526253283024 0.0258872583508492 0.0268176812678576 0.0265150126069784 0.0267164204269648 0.0233487132936716 0.0192974060773849
0.0153784956783056 0.0148550532758236 0.0204971823841333 0.0127203799784184 0.0160744339227676 0.0124220717698336 0.0216686949133873 0.0092279389500618 0.00661990791559219 0.00898124556988478 0.00530436355620623 0.0749195143580437 0.0795590505003929 0.192242160439491 0.117726042866707 0.0793873444199562 0.065596230328083 0.116385422646999 0.0383315272629261 0.0300441440194845 0.0314336679875851 0.0302423071116209 0.0240073297172785 0.0228553172200918 0.0232748109847307 0.0212021023035049 0.0231471080332994 0.0247916765511036 0.0349255092442036 0.112827457487583 0.121586129069328 0.140595942735672 0.0597381070256233 0.0450898595154285 0.040730532258749 0.0402773395180702 0.0337733216583729 0.0327731259167194 0.0291611049324274 0.0301066190004349 0.0311451256275177 0.0306116845458746 0.0358863808214664 0.0337048470973969 0.0194458719342947 0.0166865885257721
0.0190718490630388 0.0229056477546692 0.0169109702110291 0.0207168404012918 0.0378155708312988 0.0182292275130749 0.0123152751475573 0.00785884633660316 0.00627947645261884 0.00582285318523645 0.0129178296774626 0.220190897583961 0.200913354754448 0.0560294017195702 0.039330780506134 0.0553416199982166 0.142386987805367 0.0472948513925076 0.0376926623284817 0.0383974425494671 0.0226318966597319 0.0547562167048454 0.0231535714119673 0.0249829683452845 0.0251135397702456 0.0234082005918026 0.0214529130607843 0.0215211659669876 0.0540281347930431 0.0883203074336052 0.129537060856819 0.162961512804031 0.108110405504704 0.0716256275773048 0.0462273098528385 0.0366842672228813 0.0354678221046925 0.0340337716042995 0.0356010422110558 0.0366842672228813 0.0316177383065224 0.0313805714249611 0.0288190189749002 0.0297022443264723 0.0184381138533354 0.0200547408312559
0.0297479182481766 0.0272127892822027 0.0202227011322975 0.0294642262160778 0.0580316223204136 0.0375914089381695 0.0199795663356781 0.00794158782809973 0.00570127833634615 0.0065248953178525 0.0790869295597076 0.125040784478188 0.0963813588023186 0.0642729625105858 0.0902813971042633 0.138281956315041 0.046163659542799 0.0476414635777473 0.108405373990536 0.0276189725846052 0.0292794890701771 0.0439865738153458 0.0260459370911121 0.0296221561729908 0.0273078680038452 0.0247399490326643 0.0213170479983091 0.0273862592875957 0.0382923670113087 0.0830684751272202 0.234666094183922 0.162009373307228 0.102927342057228 0.0656647607684135 0.0413494259119034 0.0409919247031212 0.0344301089644432 0.0324213057756424 0.0344301089644432 0.0409919247031212 0.0336631163954735 0.0282889883965254 0.0219450872391462 0.0204925071448088 0.0215625576674938 0.0196295529603958
0.0303092543035746 0.029565816745162 0.0167231336236 0.0343156345188618 0.0458768606185913 0.0293155908584595 0.0145687805488706 0.0083971144631505 0.00924355164170265 0.0114221833646297 0.0440544113516808 0.158840879797935 0.220772251486778 0.134695872664452 0.163049176335335 0.0518900565803051 0.0494980476796627 0.185539126396179 0.0785372257232666 0.0305098667740822 0.0266487672924995 0.0495563820004463 0.0256991032510996 0.0312477592378855 0.0365812629461288 0.0273466650396585 0.0237745270133018 0.0278828348964453 0.0428799875080585 0.087795652449131 0.0780255049467087 0.0616776347160339 0.0530899316072464 0.0505361333489418 0.0437309220433235 0.0306412484496832 0.0231076646596193 0.0455282256007195 0.0577607452869415 0.0354790166020393 0.0265953950583935 0.02025973983109 0.0213455185294151 0.0260397233068943 0.0283389128744602 0.026274936273694
0.0542251318693161 0.0241063255816698 0.0199961513280869 0.032740768045187 0.0248914696276188 0.0160548221319914 0.0149551797658205 0.0118089141324162 0.0114862769842148 0.0219272784888744 0.0878843888640404 0.240399584174156 0.262281894683838 0.0639358386397362 0.100063197314739 0.089171901345253 0.257402151823044 0.133632630109787 0.0342027731239796 0.0371034778654575 0.0227362234145403 0.0613218061625957 0.026598934084177 0.0300640389323235 0.100749224424362 0.0356732420623302 0.0360429361462593 0.0612677186727524 0.0966036394238472 0.0992053747177124 0.0653875023126602 0.0485675930976868 0.0487475283443928 0.0500248856842518 0.0307227894663811 0.0285624731332064 0.0513983704149723 0.0473920293152332 0.0390631258487701 0.0342645458877087 0.0271032024174929 0.0184181332588196 0.0222611166536808 0.0308305993676186 0.0349521599709988 0.0245507806539536
0.0706883072853088 0.0394774377346039 0.0455235466361046 0.0279598459601402 0.0175053384155035 0.0231283269822598 0.0220375154167414 0.0133930342271924 0.0429865270853043 0.0174840185791254 0.0709477141499519 0.239273175597191 0.163032561540604 0.144476696848869 0.0394267849624157 0.0923753082752228 0.195391982793808 0.0592208318412304 0.0353397466242313 0.0316219218075275 0.0309690572321415 0.0335205607116222 0.0348689965903759 0.0597580745816231 0.126920819282532 0.06667610257864 0.0578997544944286 0.0454548038542271 0.0397060960531235 0.0581846013665199 0.0593760460615158 0.0457652993500233 0.0413564629852772 0.0337733216583729 0.0271197631955147 0.0344251357018948 0.0449105091392994 0.0373375862836838 0.0320177190005779 0.0279972776770592 0.0216418262571096 0.0203925501555204 0.0204996354877949 0.0252749994397163 0.0265217144042253 0.0370265655219555
0.104816637933254 0.0727457031607628 0.0404766388237476 0.0255126599222422 0.0179650709033012 0.0293583311140537 0.0228081848472357 0.012959118001163 0.0434881113469601 0.0279483906924725 0.111634604632854 0.0496060140430927 0.242017090320587 0.111337304115295 0.0389583893120289 0.11603531986475 0.0512218102812767 0.0386257395148277 0.0534241609275341 0.0532760769128799 0.074143297970295 0.0408768318593502 0.0388624519109726 0.093357540667057 0.0989728197455406 0.0799112021923065 0.0579622648656368 0.0429309420287609 0.0431849658489227 0.0403972119092941 0.0501488260924816 0.0435550287365913 0.0306696277111769 0.0275454372167587 0.0320773683488369 0.0247521158307791 0.0206254161894321 0.0254256129264832 0.0179433990269899 0.019410016015172 0.0203215554356575 0.0214921683073044 0.0226132143288851 0.0223110429942608 0.0355930887162685 0.0438017062842846
0.114258140325546 0.0607007592916489 0.0349485315382481 0.0279683861881495 0.0161911323666573 0.0545843504369259 0.0791176781058311 0.0319865047931671 0.0284360107034445 0.0368800424039364 0.044119942933321 0.21012082695961 0.116520330309868 0.055661253631115 0.0532259345054626 0.0533649176359177 0.025707334280014 0.0306449253112078 0.061761412769556 0.121474027633667 0.0430830866098404 0.0406033955514431 0.0693242996931076 0.113566778600216 0.0438531637191772 0.048959843814373 0.074413388967514 0.0590880028903484 0.0399789661169052 0.0357911959290504 0.036060456186533 0.0364905297756195 0.0358071886003017 0.0155464420095086 0.0170843731611967 0.0318259261548519 0.0205434709787369 0.0143183106556535 0.0170857515186071 0.0219009257853031 0.0254310350865126 0.0161031410098076 0.0304284822195768 0.0288354437798262 0.0423076488077641 0.027732016518712
0.0674579218029976 0.0520708858966827 0.0393035039305687 0.0310798082500696 0.0181114822626114 0.0249236207455397 0.0860208123922348 0.0577252395451069 0.0834735631942749 0.13834223151207 0.0835957378149033 0.0918733775615692 0.0544809736311436 0.0365116894245148 0.0460263378918171 0.0248964373022318 0.0250781960785389 0.102419763803482 0.102370820939541 0.047652579843998 0.0431832782924175 0.0436676815152168 0.0532671250402927 0.0367470011115074 0.0492094047367573 0.0373734124004841 0.074886366724968 0.069504015147686 0.0533194281160831 0.0345604978501797 0.0271593797951937 0.0242381952702999 0.0491112023591995 0.0257883816957474 0.0183376576751471 0.0154426163062453 0.0106263523921371 0.00918054860085249 0.0218239147216082 0.0283667035400867 0.029167665168643 0.0139958709478378 0.0276321694254875 0.0568120777606964 0.0382657200098038 0.0239361822605133
0.0495096109807491 0.0560178942978382 0.0543960146605968 0.0295282658189535 0.0236378759145737 0.0234110467135906 0.0258203260600567 0.0562773980200291 0.0670472010970116 0.0528676025569439 0.0398519895970821 0.0516403503715992 0.0490393303334713 0.0329261273145676 0.0307846143841743 0.0276846457272768 0.0435806550085545 0.0934649854898453 0.0779166743159294 0.04518748447299 0.0465483143925667 0.0389460809528828 0.0374230034649372 0.0398843362927437 0.0297121033072472 0.0531503744423389 0.240576162934303 0.153455033898354 0.0800105780363083 0.0405810996890068 0.0207936186343431 0.0905089527368546 0.0447225086390972 0.0272470600903034 0.0162328667938709 0.0142614506185055 0.0109602371230721 0.0119750872254372 0.0278262961655855 0.0244692284613848 0.0273281633853912 0.0148974023759365 0.0218431539833546 0.03601448610425 0.0391041114926338 0.0269919503480196
0.0635370090603828 0.0522050000727177 0.0378438867628574 0.0338299423456192 0.0289173368364573 0.026525616645813 0.0266392547637224 0.0285643916577101 0.0484675131738186 0.0315318517386913 0.0475209355354309 0.0439522229135036 0.0398958399891853 0.0304333344101906 0.026306027546525 0.0523915663361549 0.046447966247797 0.0693322271108627 0.0588141083717346 0.0530872084200382 0.0435323156416416 0.029316745698452 0.0854615345597267 0.0372191518545151 0.0301393270492554 0.0361169539391994 0.126051500439644 0.221832141280174 0.130118027329445 0.0600684434175491 0.0242953691631556 0.064044401049614 0.0261780899018049 0.0171196796000004 0.0142794856801629 0.013280657120049 0.011132026091218 0.0149208400398493 0.0177566539496183 0.0286849401891232 0.0379143990576267 0.0199419278651476 0.0273644477128983 0.0461138002574444 0.035891093313694 0.0265534240752459
0.0559393092989922 0.0536585077643394 0.0390718802809715 0.0400444865226746 0.0412700697779655 0.0366765931248665 0.0286766160279512 0.0274619180709124 0.0338031649589539 0.0407033860683441 0.0553786605596542 0.0445271581411362 0.0347420945763588 0.0325671285390854 0.0459622927010059 0.0588413067162037 0.0504165478050709 0.0462039075791836 0.0406278483569622 0.0431224592030048 0.0315864570438862 0.0657619386911392 0.0735760778188705 0.0621943362057209 0.0264647454023361 0.0385129787027836 0.0759314671158791 0.0682974681258202 0.0531874150037766 0.0426661036908627 0.033975999802351 0.0337951518595219 0.0172570049762726 0.0139990672469139 0.0170395523309708 0.0125378798693419 0.0108939092606306 0.0482728444039822 0.0588223710656166 0.0339759439229965 0.017266483977437 0.0163463000208139 0.0310567580163479 0.0473403260111809 0.0342749282717705 0.0308546628803015
0.071470782160759 0.0528744235634804 0.0392057634890079 0.0344011522829533 0.0388476960361004 0.0495930723845959 0.0507972538471222 0.0293936897069216 0.0350138694047928 0.0396665707230568 0.0561737902462482 0.0562678836286068 0.048609834164381 0.0387393422424793 0.0400014892220497 0.0398524850606918 0.0437417775392532 0.0383667461574078 0.0348070859909058 0.0342023335397243 0.0343309678137302 0.0389389395713806 0.0328640677034855 0.0315372720360756 0.038088470697403 0.0438926629722118 0.0650317072868347 0.0572235248982906 0.0506908372044563 0.0361953489482403 0.0302303452044725 0.0227123033255339 0.0252306908369064 0.0230231452733278 0.0178360622376204 0.0179559141397476 0.0323734357953072 0.048540472984314 0.0445729717612267 0.0294111706316471 0.013649326749146 0.0152558628469706 0.0275673680007458 0.0507932789623737 0.0387906581163406 0.0305078588426113
0.056162279099226 0.0502913407981396 0.036665040999651 0.035377461463213 0.0516804419457912 0.036436889320612 0.0479623936116695 0.050029419362545 0.0321910716593266 0.035906694829464 0.0479630045592785 0.103058375418186 0.0595912039279938 0.0469744689762592 0.0492138490080833 0.0430566407740116 0.0410853251814842 0.0423280969262123 0.0399391800165176 0.0388115122914314 0.039334874600172 0.0390421561896801 0.0327770374715328 0.0273895319551229 0.045644573867321 0.0382246151566505 0.068656750023365 0.0448544211685658 0.0304441936314106 0.0259858295321465 0.0258347112685442 0.0268024075776339 0.0445323884487152 0.0326984375715256 0.0199630130082369 0.0260694976896048 0.037247009575367 0.0633464828133583 0.048504576086998 0.0327048860490322 0.014146288856864 0.0172447431832552 0.0331767313182354 0.0445312038064003 0.0463863350450993 0.0296527743339539
0.0602365359663963 0.0503069683909416 0.040025606751442 0.0326230451464653 0.0467649139463902 0.0402763225138187 0.0415668003261089 0.0629816949367523 0.0431156866252422 0.0384090431034565 0.0538742654025555 0.0534793734550476 0.0589055120944977 0.0861075669527054 0.0856877490878105 0.0649611875414848 0.0430498756468296 0.0433181263506413 0.0420475639402866 0.0411052107810974 0.0391589887440205 0.0389154478907585 0.0343916043639183 0.0319408923387527 0.038410060107708 0.0412398464977741 0.0351634919643402 0.0282755214720964 0.0373778343200684 0.0414533913135529 0.0248742531985044 0.0295736156404018 0.0538965277373791 0.0393947176635265 0.0305554885417223 0.0197963882237673 0.0236343871802092 0.0566989183425903 0.0681300908327103 0.0466070473194122 0.0279201753437519 0.0160569567233324 0.031042817980051 0.0512734949588776 0.0636489987373352 0.0288797933608294
0.0664701759815216 0.0593722760677338 0.0431821718811989 0.0653850808739662 0.123440995812416 0.0840523019433022 0.0784100368618965 0.125846102833748 0.0506193265318871 0.0584129877388477 0.0540727451443672 0.0602759160101414 0.0703636333346367 0.0623551942408085 0.0645786821842194 0.0602766498923302 0.0538839735090733 0.0605157986283302 0.039177980273962 0.0591418370604515 0.0443100482225418 0.0529016852378845 0.0442961975932121 0.0475153550505638 0.0522880256175995 0.0350489132106304 0.0436289645731449 0.0442143008112907 0.0537125319242477 0.0398488342761993 0.0323614925146103 0.0347727499902248 0.0499064289033413 0.0776134580373764 0.0405386202037334 0.019909443333745 0.0261031072586775 0.0532987602055073 0.0339406244456768 0.0513804145157337 0.029104383662343 0.026627192273736 0.0295677222311497 0.0407961457967758 0.0472843982279301 0.0367045365273952
0.0887804478406906 0.103444896638393 0.0559753440320492 0.0478523336350918 0.0532671846449375 0.0406289361417294 0.0479344166815281 0.153499782085419 0.083320178091526 0.0824204012751579 0.0557472817599773 0.0665641725063324 0.0562867373228073 0.0662639439105988 0.0678750947117805 0.0686166137456894 0.067241869866848 0.0437172465026379 0.0450294576585293 0.0905729755759239 0.143436044454575 0.0941141247749329 0.106775060296059 0.102537646889687 0.0508387163281441 0.0517935082316399 0.0899190306663513 0.0739880502223969 0.0599576383829117 0.0360775366425514 0.0376951545476913 0.0426622070372105 0.0525508970022202 0.0681898966431618 0.0540811195969582 0.0314773246645927 0.021009923890233 0.0538339503109455 0.0461918674409389 0.053555354475975 0.0339853838086128 0.0387652367353439 0.0294419694691896 0.0370718315243721 0.0574911907315254 0.0633732154965401
0.118719957768917 0.0890810117125511 0.0573251470923424 0.0461973175406456 0.0450130626559258 0.041638620197773 0.0520244501531124 0.0879247114062309 0.0859575122594833 0.067885510623455 0.0613328590989113 0.0850966200232506 0.0706326588988304 0.0693885535001755 0.0859456285834312 0.0620274394750595 0.0474949739873409 0.045731358230114 0.0482703521847725 0.0643960386514664 0.0577073618769646 0.0569364763796329 0.0521206632256508 0.0496799126267433 0.0538596771657467 0.0590417794883251 0.0769947096705437 0.0604887045919895 0.043908104300499 0.0415445305407047 0.0508894100785255 0.0543861426413059 0.0534207262098789 0.061264555901289 0.0741638988256454 0.0551195479929447 0.0328957214951515 0.0616784542798996 0.0695331245660782 0.0695657804608345 0.0348960869014263 0.0544759780168533 0.0521934628486633 0.035647451877594 0.0411025509238243 0.0664506927132607
0.143186971545219 0.112462557852268 0.0782082378864288 0.0503089390695095 0.0623831674456596 0.0683261305093765 0.0497714839875698 0.0811473876237869 0.0695349499583244 0.0999637320637703 0.0717373862862587 0.132703855633736 0.0773775354027748 0.0755152627825737 0.144998162984848 0.0816347450017929 0.0893946662545204 0.099602185189724 0.0661484152078629 0.115663588047028 0.1092439442873 0.0592512264847755 0.0565648414194584 0.0679994747042656 0.0704716444015503 0.0631945356726646 0.054674431681633 0.0425803922116756 0.0430128499865532 0.0489979609847069 0.0577719248831272 0.0759381353855133 0.0611987113952637 0.0832077488303185 0.198828935623169 0.0918721258640289 0.0703868344426155 0.114780694246292 0.103845246136189 0.0781099274754524 0.0543931499123573 0.0592786185443401 0.0605197101831436 0.0366929732263088 0.0360742211341858 0.0400203615427017
