output/projections/01_cur/Myrcia silvatica.asc
NCOLS 168 
NROWS 144 
XLLCORNER -41.0001394455 
YLLCORNER -8.00013921734823 
CELLSIZE 0.0416666665 
NODATA_value -3.4e+38 
[rows 80 to 99 of 144, columns 92 to 137 of 168]
0.0108670443296432 0.016052421182394 0.0146971698850393 0.0137703027576208 0.0143082998692989 0.0103386146947742 0.0127248093485832 0.0116324219852686 0.0069680861197412 0.00796676706522703 0.00769633939489722 0.00800036452710629 0.00872667971998453 0.00921186618506908 0.0112073477357626 0.00809235218912363 0.0111290263012052 0.00924017280340195 0.00931325368583202 0.0105509217828512 0.0106203490868211 0.00940010976046324 0.00881395768374205 0.0102303475141525 0.0100736944004893 0.0112315742298961 0.0120221609249711 0.0146311912685633 0.0142434677109122 0.0143549693748355 0.0206649117171764 0.0285167843103409 0.046384047716856 0.0530797950923443 0.0765560194849968 0.0821733996272087 0.0771618261933327 0.0821723937988281 0.0958447903394699 0.0994545966386795 0.132204130291939 0.134242102503777 0.149162873625755 0.184763491153717 -3.4e+38 -3.4e+38
0.0110920090228319 0.0191751755774021 0.0191718377172947 0.015800828114152 0.0134718026965857 0.012476721778512 0.0111203128471971 0.00655786041170359 0.00710511999204755 0.00929614622145891 0.00855309143662453 0.00784758199006319 0.0100454334169626 0.010538674890995 0.0118267349898815 0.00769665464758873 0.0114490007981658 0.0097536277025938 0.0100603699684143 0.0110936686396599 0.0106906592845917 0.0118482923135161 0.0126634705811739 0.0147809805348516 0.0112952152267098 0.0124155627563596 0.0133394338190556 0.0169266406446695 0.0167970862239599 0.0156791675835848 0.0262948907911777 0.0603332258760929 0.0803859978914261 0.0798702836036682 0.100200951099396 0.093035027384758 0.0893172547221184 0.100521169602871 0.116691887378693 0.146411046385765 0.130871996283531 0.129990264773369 0.177597612142563 0.19818677008152 0.218798726797104 -3.4e+38
0.0122727006673813 0.0190927535295486 0.0178224258124828 0.0149690229445696 0.0146337086334825 0.0125706689432263 0.00850303564220667 0.00612521450966597 0.00715077668428421 0.0104892933741212 0.00933365523815155 0.0100823910906911 0.00828430149704218 0.01130495313555 0.013581370934844 0.00815499387681484 0.0123788062483072 0.0104531226679683 0.0110491653904319 0.0109243830665946 0.0119224516674876 0.0125048458576202 0.0141581138595939 0.0181017741560936 0.015532280318439 0.0147589584812522 0.0181204602122307 0.0222831293940544 0.0233214125037193 0.0282007120549679 0.0337418206036091 0.0740423947572708 0.0734424516558647 0.0599892847239971 0.0771375000476837 0.0857328698039055 0.119508646428585 0.149124756455421 0.139933541417122 0.161902472376823 0.180143684148788 0.198395371437073 0.204755634069443 0.210835069417953 0.235116943717003 0.221414461731911
0.0140993846580386 0.0173079576343298 0.0171545948833227 0.0169561263173819 0.0147954579442739 0.00938220135867596 0.00744740618392825 0.00697573367506266 0.00711291655898094 0.0077743292786181 0.00883494224399328 0.00931425392627716 0.00789188221096992 0.0105490647256374 0.0142346313223243 0.00876345206052065 0.00812624953687191 0.0085907643660903 0.00994489341974258 0.0100749162957072 0.0129566676914692 0.0110990637913346 0.0163329523056746 0.0249136611819267 0.0207567308098078 0.0187595281749964 0.0227177813649178 0.0267697256058455 0.0359941981732845 0.0385190770030022 0.0409271940588951 0.0442189872264862 0.0431152209639549 0.0470454804599285 0.0574987046420574 0.0659273490309715 0.0822670310735703 0.102662213146687 0.0998032838106155 0.120791919529438 0.120757184922695 0.14067554473877 0.193166568875313 0.214461654424667 0.237644672393799 0.252748519182205
0.0166351851075888 0.0168240889906883 0.0124008264392614 0.0116655565798283 0.00897869188338518 0.00731440959498286 0.00722102541476488 0.00648232363164425 0.00615701358765364 0.00593419605866075 0.00651296554133296 0.00736250355839729 0.0091988081112504 0.0102869784459472 0.0134415784850717 0.0107728941366076 0.00822223071008921 0.00909190345555544 0.00959409028291702 0.0103386323899031 0.0103269191458821 0.0124890236184001 0.011548544280231 0.0172221325337887 0.0199017468839884 0.0186137147247791 0.0241898875683546 0.0278311558067799 0.0392093770205975 0.0380830094218254 0.0377328246831894 0.0397342592477798 0.0430078767240047 0.0598425529897213 0.0617188587784767 0.0715442672371864 0.0728120133280754 0.0721810683608055 0.0724198520183563 0.077703557908535 0.121189415454865 0.204127371311188 0.215322181582451 0.220968171954155 0.230099394917488 0.287658661603928
0.0182321313768625 0.0103930402547121 0.00730273500084877 0.00730273500084877 0.0105173587799072 0.0130582023411989 0.00693851243704557 0.006101596634835 0.00928096193820238 0.0110658602789044 0.00846552290022373 0.00897530000656843 0.0105539057403803 0.0131020555272698 0.0160953607410192 0.0121378712356091 0.00960018206387758 0.0107095679268241 0.0101660517975688 0.0109966844320297 0.0110549861565232 0.012682244181633 0.014316794462502 0.0224833711981773 0.0204594321548939 0.018384400755167 0.0182438977062702 0.0220742952078581 0.0295259300619364 0.0276498086750507 0.0304044093936682 0.0301278084516525 0.0393210537731647 0.0490514822304249 0.0586317963898182 0.0920670926570892 0.0988187193870544 0.0940341502428055 0.149327352643013 0.19166287779808 0.213823422789574 0.232831045985222 0.252267122268677 0.244878068566322 0.253699004650116 0.304386109113693
0.00997675862163305 0.0085991257801652 0.010146158747375 0.0132581535726786 0.0179188922047615 0.0154318315908313 0.00727460952475667 0.00716444151476026 0.00753431208431721 0.00724120112136006 0.0081037450581789 0.00862078554928303 0.00969556998461485 0.0119489822536707 0.0133412098512053 0.0156728215515614 0.0107766781002283 0.0106684630736709 0.0103470087051392 0.0107873035594821 0.0127637926489115 0.0194419957697392 0.0199478249996901 0.017697311937809 0.0166443698108196 0.0163911264389753 0.016516275703907 0.0188566818833351 0.0205182917416096 0.0211185272783041 0.0240832455456257 0.0252277199178934 0.0304934047162533 0.0406316481530666 0.0515496619045734 0.0768602937459946 0.0958423689007759 0.110478021204472 0.133527204394341 0.101561836898327 0.122416362166405 0.19315031170845 0.2070222645998 0.215951785445213 0.241115465760231 0.303036749362946
0.00838088057935238 0.0140429949387908 0.016977509483695 0.0167839825153351 0.0164293944835663 0.011265380308032 0.00720003573223948 0.00741893332451582 0.00869970582425594 0.00947072170674801 0.00856965035200119 0.0106627028435469 0.0108333835378289 0.0108943535014987 0.0118120862171054 0.0133948195725679 0.0120030473917723 0.0120938047766685 0.00830337684601545 0.00940811354666948 0.0105953002348542 0.0191872715950012 0.0198311042040586 0.0131962252780795 0.0119462572038174 0.0136436624452472 0.015048298984766 0.0143168056383729 0.0153378685936332 0.0174809768795967 0.0183406583964825 0.0282999407500029 0.0266591012477875 0.0318984016776085 0.0382633283734322 0.0459522306919098 0.0567392185330391 0.0805354118347168 0.0830416530370712 0.103005804121494 0.163004919886589 0.188348665833473 0.197785750031471 0.19201622903347 0.212082043290138 0.264703631401062
0.0108542954549193 0.0174792818725109 0.0145448856055737 0.0129852816462517 0.00918563548475504 0.0130875920876861 0.00916653871536255 0.00807332340627909 0.0110463248565793 0.011555066332221 0.0101390434429049 0.0102999042719603 0.0105422381311655 0.0133989667519927 0.0127696264535189 0.0110956113785505 0.0119132911786437 0.012601712718606 0.00984042789787054 0.00784812122583389 0.0116008138284087 0.0204490460455418 0.0129192229360342 0.0105641791597009 0.0110360700637102 0.019930237904191 0.0166676063090563 0.0161234941333532 0.0159389041364193 0.0167269594967365 0.0235863216221333 0.0354208163917065 0.0293051637709141 0.0341205187141895 0.0445870794355869 0.0539363175630569 0.0792023241519928 0.11707479506731 0.13015541434288 0.144939482212067 0.144898951053619 0.18100968003273 0.251038551330566 0.248408079147339 0.289463311433792 0.319693565368652
0.0136447325348854 0.0140518704429269 0.0106731997802854 0.00892991665750742 0.0124507043510675 0.0155257815495133 0.00928221549838781 0.00915354490280151 0.00874439813196659 0.0130136422812939 0.0169686451554298 0.0107450261712074 0.0105694457888603 0.0122355716302991 0.0147514101117849 0.0129858264699578 0.0107804629951715 0.0150371743366122 0.00969007890671492 0.00906577613204718 0.0117373485118151 0.0188763737678528 0.0112944561988115 0.0114709595218301 0.0140424594283104 0.01609150134027 0.0158015079796314 0.0151495151221752 0.0134669523686171 0.0190186221152544 0.0371669605374336 0.0371308624744415 0.0353924110531807 0.0393380708992481 0.0457386299967766 0.065034344792366 0.0875515192747116 0.126889452338219 0.150275826454163 0.195890292525291 0.229654237627983 0.243223994970322 0.269198298454285 0.262220948934555 0.275752484798431 0.320509344339371
0.0122096994891763 0.00962003413587809 0.00840665120631456 0.0104333832859993 0.0284608174115419 0.0166059825569391 0.00968378689140081 0.0121345985680819 0.0120417587459087 0.0123741403222084 0.0128442887216806 0.0116745382547379 0.0120933121070266 0.0126982973888516 0.0147514101117849 0.0149433268234134 0.0112388450652361 0.0112333875149488 0.0161353908479214 0.0104570835828781 0.0116196004673839 0.0136218387633562 0.0144116170704365 0.0235185548663139 0.0137981539592147 0.0237562078982592 0.0187239181250334 0.0145082259550691 0.0159064289182425 0.0301836580038071 0.0503559447824955 0.0289031956344843 0.0297042969614267 0.0341205187141895 0.0435295887291431 0.0522827617824078 0.0798072218894958 0.0958010703325272 0.119934186339378 0.144917488098145 0.22762331366539 0.255874395370483 0.299805283546448 0.33512955904007 0.326654344797134 0.339678704738617
0.0101525969803333 0.00967110879719257 0.0091635687276721 0.0220339521765709 0.0375380851328373 0.0143558941781521 0.00979308877140284 0.0121619356796145 0.0184141788631678 0.0142023283988237 0.0116333793848753 0.0117310136556625 0.0136126652359962 0.0141695281490684 0.0139250978827477 0.0151185989379883 0.0139701273292303 0.00844460632652044 0.0112084243446589 0.0182482935488224 0.0128109743818641 0.0245995335280895 0.0267619099467993 0.0167604144662619 0.0270023923367262 0.0406188704073429 0.0280441474169493 0.017936484888196 0.0488489307463169 0.0525082424283028 0.0565715357661247 0.030241597443819 0.0338924564421177 0.0429075248539448 0.0405562371015549 0.0441677495837212 0.0552833117544651 0.0806435570120811 0.0956617668271065 0.092500202357769 0.106437690556049 0.169151067733765 0.181923419237137 0.225354909896851 0.217660114169121 0.240615352988243
0.0101415021345019 0.0128185376524925 0.0123514859005809 0.0302275121212006 0.0280961636453867 0.012469002045691 0.0115048615261912 0.0121426181867719 0.0204594042152166 0.0181561373174191 0.0133597170934081 0.0131781147792935 0.0158412009477615 0.0136150484904647 0.0108130909502506 0.0123659856617451 0.0131093040108681 0.00901494640856981 0.0109246838837862 0.0197950955480337 0.0330105125904083 0.0442876107990742 0.0253231376409531 0.0403254441916943 0.0586513504385948 0.0610915310680866 0.0280032772570848 0.028326204046607 0.0401479452848434 0.0478393360972404 0.0400387719273567 0.0332205966114998 0.0315011106431484 0.0345938242971897 0.0411655902862549 0.0503899045288563 0.0584086552262306 0.0607132837176323 0.0534678138792515 0.102798096835613 0.165875852108002 0.253692865371704 0.264449030160904 0.228263542056084 0.255602091550827 0.341388344764709
0.0112983975559473 0.019659211859107 0.0283141173422337 0.0291630160063505 0.0117536373436451 0.0110601931810379 0.0165675077587366 0.0198669005185366 0.0153279602527618 0.0171454157680273 0.0165107194334269 0.0135886957868934 0.013996634632349 0.0134915970265865 0.0103783383965492 0.0119859231635928 0.012471373192966 0.0117314970120788 0.0134963346645236 0.0458876453340054 0.0636279881000519 0.0502308234572411 0.03433508425951 0.0311361383646727 0.0562984310090542 0.0319451577961445 0.028060507029295 0.0242037493735552 0.0292075481265783 0.0353565663099289 0.0250415783375502 0.0247815139591694 0.0226485673338175 0.0235471054911613 0.0331833995878696 0.0328780300915241 0.0331672132015228 0.0447675660252571 0.0735828056931496 0.160589173436165 0.204289451241493 0.238093495368958 0.230532944202423 0.233420073986053 0.321335345506668 0.346853196620941
0.0263032112270594 0.110664114356041 0.0427686795592308 0.0247890073806047 0.0109680807217956 0.0112711638212204 0.0195909980684519 0.0170548632740974 0.0165866352617741 0.0186214242130518 0.0177966821938753 0.0140973161906004 0.0141221703961492 0.0196439996361732 0.0107457572594285 0.00899194832891226 0.0143206566572189 0.0228133704513311 0.0348103642463684 0.118844255805016 0.0914146974682808 0.0407471433281898 0.0518451668322086 0.0316775627434254 0.0278108697384596 0.01902293600142 0.0222045239061117 0.0215556938201189 0.0200510323047638 0.0195724554359913 0.0248567759990692 0.0193862076848745 0.0284292660653591 0.032024160027504 0.0301365982741117 0.0325710810720921 0.0512829571962357 0.0627208054065704 0.133082881569862 0.171899944543839 0.16699980199337 0.169996097683907 0.17843209207058 0.284753859043121 0.320224404335022 0.346275210380554
0.210639417171478 0.16100087761879 0.0415971912443638 0.0156723912805319 0.0141897276043892 0.011878976598382 0.0121135339140892 0.014716955833137 0.0164424274116755 0.0166349858045578 0.0199358202517033 0.0123933320865035 0.015135464258492 0.0114992903545499 0.01013358309865 0.0102284234017134 0.0328376963734627 0.073211707174778 0.0781002938747406 0.132036685943604 0.0934362262487411 0.035415206104517 0.0292954463511705 0.0243951808661222 0.0189545936882496 0.0166861787438393 0.0135667975991964 0.01468241866678 0.0153284128755331 0.0219094604253769 0.0171415545046329 0.0235038697719574 0.0229160878807306 0.0302652269601822 0.0282063521444798 0.0479612909257412 0.0612427741289139 0.0635452643036842 0.0778444334864616 0.0980574414134026 0.0956488251686096 0.162169337272644 0.26471135020256 0.27728471159935 0.294187277555466 0.317729413509369
0.295652240514755 0.0990433320403099 0.0286128185689449 0.0115357646718621 0.0127025656402111 0.0125593468546867 0.00970763154327869 0.0289307273924351 0.017173720523715 0.0557502023875713 0.0242027640342712 0.0279039386659861 0.0152206923812628 0.0124296192079782 0.0315806716680527 0.0495173819363117 0.0893738493323326 0.152180507779121 0.147977501153946 0.125332161784172 0.0655136108398438 0.0417465493083 0.0228535421192646 0.0239260420203209 0.0471372678875923 0.015538970939815 0.0128330830484629 0.0208183992654085 0.0208139475435019 0.0273688826709986 0.0188314970582724 0.0191450044512749 0.0224888194352388 0.0364767462015152 0.0294073987752199 0.0365958176553249 0.0450876876711845 0.0544698350131512 0.0861540362238884 0.107896648347378 0.16587769985199 0.239203989505768 0.281668663024902 0.311980694532394 0.303013324737549 0.337962865829468
0.107468985021114 0.0718390345573425 0.015358654782176 0.0126054352149367 0.0103354174643755 0.0127253429964185 0.0256282016634941 0.0365568175911903 0.0443309433758259 0.168316647410393 0.199786081910133 0.058769702911377 0.0419483706355095 0.0570729933679104 0.145552337169647 0.140939503908157 0.154322057962418 0.209505960345268 0.172479212284088 0.117272257804871 0.0469599440693855 0.0365842431783676 0.0213487036526203 0.0812492594122887 0.0230523683130741 0.0199555885046721 0.0233487896621227 0.0416898801922798 0.0324543789029121 0.0400676429271698 0.0183674599975348 0.0235236082226038 0.040083397179842 0.0424528196454048 0.0353882573544979 0.0374334342777729 0.0597069412469864 0.0913265123963356 0.124950051307678 0.155334115028381 0.181201800704002 0.231046438217163 0.240591883659363 0.238047584891319 0.272698998451233 0.384098947048187
0.0311471614986658 0.0234219096601009 0.0106840152293444 0.0140369618311524 0.010297542437911 0.0150521285831928 0.0412684567272663 0.0241169072687626 0.035152904689312 0.0493008382618427 0.0742605999112129 0.133576110005379 0.179485872387886 0.193893507122993 0.226116061210632 0.122558481991291 0.154167249798775 0.161571457982063 0.0510181412100792 0.083631344139576 0.105741694569588 0.0344969220459461 0.0459612011909485 0.100433617830276 0.0642509162425995 0.0890900790691376 0.0607187077403069 0.0435801707208157 0.0621929056942463 0.0462593585252762 0.0232872981578112 0.0379409268498421 0.0451740920543671 0.0416055284440517 0.0401322431862354 0.0484896749258041 0.0643412321805954 0.0788975581526756 0.0966349095106125 0.119441352784634 0.158611744642258 0.163959994912148 0.126623973250389 0.275506794452667 0.218272626399994 0.268911361694336
0.0159829929471016 0.0105648757889867 0.0117392335087061 0.0142954355105758 0.0130075206980109 0.0189647227525711 0.0581450685858727 0.0557774938642979 0.0292973890900612 0.0350766703486443 0.206761255860329 0.247680991888046 0.088189885020256 0.125514701008797 0.0799836218357086 0.0554401837289333 0.0432375073432922 0.0348346717655659 0.0444802939891815 0.0356555171310902 0.0679555982351303 0.0348993986845016 0.0795511826872826 0.121673874557018 0.0750842541456223 0.0630221366882324 0.0464474521577358 0.03663719445467 0.0587788075208664 0.0343677178025246 0.0456197522580624 0.050196461379528 0.0435682572424412 0.0389033555984497 0.0425321944057941 0.0526244640350342 0.0587328337132931 0.0723786875605583 0.0793228596448898 0.0929109454154968 0.104727305471897 0.104165993630886 0.119273737072945 0.294202595949173 0.212011054158211 0.431478470563889
