output/projections/01_cur/Myrcia silvatica.asc
NCOLS 168 
NROWS 144 
XLLCORNER -41.0001394455 
YLLCORNER -8.00013921734823 
CELLSIZE 0.0416666665 
NODATA_value -3.4e+38 
[rows 60 to 79 of 144, columns 46 to 91 of 168]
0.0532685518264771 0.0529831424355507 0.0689495503902435 0.130107313394547 0.0886826515197754 0.0653083994984627 0.0707715675234795 0.0443857870995998 0.0318381488323212 0.0313085243105888 0.0452198386192322 0.0419926643371582 0.0483913980424404 0.0363904163241386 0.0366640128195286 0.0357149913907051 0.0277920048683882 0.0246643610298634 0.0260079018771648 0.0233039744198322 0.0251135397702456 0.0552104823291302 0.0563352331519127 0.0391943901777267 0.0455946326255798 0.0505721122026443 0.0427106507122517 0.0581031441688538 0.0615727007389069 0.0931209176778793 0.0981982722878456 0.0852314755320549 0.0907415300607681 0.108346320688725 -3.4e+38 -3.4e+38 -3.4e+38 -3.4e+38 -3.4e+38 -3.4e+38 -3.4e+38 -3.4e+38 -3.4e+38 -3.4e+38 -3.4e+38 -3.4e+38
0.0472887307405472 0.0525542981922626 0.0435135811567307 0.0487393140792847 0.0502014867961407 0.0447715036571026 0.0421989224851131 0.0292171537876129 0.0352979227900505 0.0420311018824577 0.0377248227596283 0.04316745698452 0.0484655536711216 0.0326884761452675 0.0362543538212776 0.0308407712727785 0.0278972256928682 0.0211842712014914 0.0245710238814354 0.0195159502327442 0.0244321580976248 0.0633351132273674 0.0392483398318291 0.0394018962979317 0.0405959002673626 0.0405459962785244 0.0316616035997868 0.0456088669598103 0.0572388842701912 0.0792199298739433 0.0874683707952499 0.0614884160459042 0.062175165861845 0.0929084792733192 0.095411904156208 -3.4e+38 -3.4e+38 -3.4e+38 -3.4e+38 -3.4e+38 -3.4e+38 -3.4e+38 -3.4e+38 -3.4e+38 -3.4e+38 -3.4e+38
0.0328185670077801 0.0426917262375355 0.0553558245301247 0.0392684377729893 0.0357732959091663 0.0307955704629421 0.0266158860176802 0.0349572189152241 0.0467752069234848 0.0491940453648567 0.0287069957703352 0.029596284031868 0.0312787257134914 0.0305797141045332 0.0285318065434694 0.025318693369627 0.0197839327156544 0.0207386799156666 0.0233365818858147 0.0194479450583458 0.037920355796814 0.0368765518069267 0.0342234671115875 0.0274666156619787 0.0332423895597458 0.026956845074892 0.0290366187691689 0.0440140888094902 0.0482890978455544 0.0804674103856087 0.0681793913245201 0.0447627045214176 0.0519107691943645 0.067128986120224 0.0836769044399261 0.0737902224063873 -3.4e+38 -3.4e+38 -3.4e+38 -3.4e+38 -3.4e+38 -3.4e+38 -3.4e+38 -3.4e+38 -3.4e+38 -3.4e+38
0.024490412324667 0.0257842782884836 0.0287366714328527 0.0270554162561893 0.0225575007498264 0.0311887711286545 0.0247946288436651 0.0466434061527252 0.0305688083171844 0.0356178842484951 0.0303729791194201 0.0214738007634878 0.0285673644393682 0.0223699975758791 0.021372290328145 0.0183280818164349 0.0195836517959833 0.0180359184741974 0.0188420098274946 0.0300755482167006 0.0333710461854935 0.0237947572022676 0.0270367227494717 0.0316356681287289 0.0333780907094479 0.0243782289326191 0.0295242816209793 0.0449432469904423 0.0485801286995411 0.0606974437832832 0.0398894920945168 0.0368780046701431 0.0392982549965382 0.0420266576111317 0.0542718283832073 0.0571873709559441 0.0524490475654602 0.0633674785494804 0.0805653557181358 0.0755198672413826 -3.4e+38 -3.4e+38 -3.4e+38 -3.4e+38 -3.4e+38 -3.4e+38
0.0318309739232063 0.0283197462558746 0.0245648138225079 0.0216678231954575 0.0270978081971407 0.0320557691156864 0.0307170823216438 0.0269103795289993 0.0239361617714167 0.0232277140021324 0.0247132815420628 0.0189403425902128 0.0199025012552738 0.0186333674937487 0.0197804905474186 0.0191134512424469 0.0175210274755955 0.0240895841270685 0.0258800219744444 0.0200997963547707 0.0270995777100325 0.0256966836750507 0.023079015314579 0.0248715579509735 0.0248715579509735 0.0274098198860884 0.0329768918454647 0.0330496095120907 0.0464756414294243 0.0347905308008194 0.0274363793432713 0.0268675331026316 0.0409575738012791 0.0392190329730511 0.0448455698788166 0.0407171845436096 0.0410289131104946 0.0516415797173977 0.0921642258763313 0.0923783481121063 0.0724131092429161 0.0489407181739807 0.0408944115042686 -3.4e+38 -3.4e+38 -3.4e+38
0.042230311781168 0.0271442141383886 0.0177978556603193 0.0297904051840305 0.0312861651182175 0.0249003637582064 0.0244327932596207 0.0220592338591814 0.0194274000823498 0.0192556269466877 0.0183241553604603 0.0230016559362411 0.0233244486153126 0.0174266640096903 0.0181709546595812 0.0199158117175102 0.0242730267345905 0.0289471447467804 0.0215214118361473 0.0174511950463057 0.0215725917369127 0.0222109574824572 0.0199696496129036 0.0220189467072487 0.0204870048910379 0.0257630087435246 0.0252752881497145 0.0221075266599655 0.0238521602004766 0.0271261855959892 0.0209838189184666 0.0220512803643942 0.0293015483766794 0.0363177545368671 0.0384089834988117 0.0341226235032082 0.030366538092494 0.0540398918092251 0.0853618681430817 0.0819383785128593 0.0682001784443855 0.0543138459324837 0.0485209077596664 0.0370216481387615 -3.4e+38 -3.4e+38
0.0263808406889439 0.0169032346457243 0.0204301662743092 0.0338677726686001 0.0259681828320026 0.0212865918874741 0.0184877756983042 0.0172903351485729 0.0235906410962343 0.0200834218412638 0.0220877900719643 0.0244415644556284 0.0166427735239267 0.0134498905390501 0.0180644411593676 0.0271247662603855 0.0294240079820156 0.0238086972385645 0.0199403073638678 0.0167271234095097 0.019243773072958 0.0228964388370514 0.0192257557064295 0.0178872216492891 0.0160519797354937 0.0173716135323048 0.0158488228917122 0.0211074538528919 0.0277485139667988 0.0280600171536207 0.0186722967773676 0.0203345585614443 0.0271986331790686 0.029002770781517 0.0284653250128031 0.0302418805658817 0.0270030163228512 0.0609646998345852 0.0606593266129494 0.0605677030980587 0.0463603362441063 0.0393106043338776 0.0457211770117283 0.03910918161273 -3.4e+38 -3.4e+38
0.0188228543847799 0.0217811446636915 0.0264938771724701 0.031022684648633 0.020720673725009 0.0224082097411156 0.0135596403852105 0.0326932221651077 0.0425475388765335 0.0207046326249838 0.0246276222169399 0.0168826207518578 0.0133171593770385 0.0155798681080341 0.0327078774571419 0.0307857599109411 0.0211927313357592 0.0183327309787273 0.0173123516142368 0.0187336280941963 0.0173623058944941 0.0174343511462212 0.0175459124147892 0.013948867097497 0.0129026714712381 0.0128370011225343 0.0205031409859657 0.0226847138255835 0.0291903987526894 0.0215872656553984 0.0208642221987247 0.0197810009121895 0.0197057705372572 0.0228543691337109 0.0236488152295351 0.0240405555814505 0.0275136362761259 0.042940940707922 0.0472192317247391 0.041000984609127 0.0280656199902296 0.0349548757076263 0.0356164537370205 0.0357502102851868 -3.4e+38 -3.4e+38
0.02463024482131 0.0270758587867022 0.0208055265247822 0.0201560147106647 0.0188228543847799 0.0205995254218578 0.0133724762126803 0.0510919690132141 0.0354351401329041 0.0226327832788229 0.013434330932796 0.0149040017277002 0.0219934154301882 0.0257527511566877 0.0284857042133808 0.0209784954786301 0.0184028185904026 0.0156116867437959 0.0158931352198124 0.0161637309938669 0.0178977660834789 0.0152870183810592 0.0143462298437953 0.0106576457619667 0.0131502607837319 0.015214298851788 0.0217863488942385 0.0283309519290924 0.0177737548947334 0.0148474173620343 0.0142894424498081 0.0147367082536221 0.0149857066571712 0.0245709866285324 0.0211074538528919 0.0287888180464506 0.028779674321413 0.0283531323075294 0.0303456392139196 0.0246485900133848 0.0253800079226494 0.0348671041429043 0.0360130108892918 0.0329108498990536 0.0249789599329233 -3.4e+38
0.0256421081721783 0.0206477325409651 0.0173225700855255 0.0160274524241686 0.0143433539196849 0.0148464413359761 0.0174145177006721 0.0287423580884933 0.0243873074650764 0.0122995097190142 0.0155449695885181 0.028960183262825 0.025329452008009 0.0203492380678654 0.0186146572232246 0.0187572110444307 0.0194861944764853 0.016449673101306 0.0135506922379136 0.0122996671125293 0.0124421417713165 0.0157821569591761 0.0138574279844761 0.0114651974290609 0.0145284533500671 0.0174595937132835 0.0242265127599239 0.0150739317759871 0.0132324602454901 0.0124287353828549 0.0113923093304038 0.011307068169117 0.0157303344458342 0.0173109490424395 0.0304795522242785 0.0345663242042065 0.024276876822114 0.0249341353774071 0.0240597650408745 0.0239077936857939 0.0236412640661001 0.0299254972487688 0.0368315018713474 0.022202380001545 0.0219231173396111 0.0195572134107351
0.0209177955985069 0.018111914396286 0.0159433484077454 0.0153448302298784 0.0155220255255699 0.0135744223371148 0.0137667832896113 0.0177024845033884 0.0175008401274681 0.0178412906825542 0.031782228499651 0.0227261912077665 0.0225502531975508 0.0237516947090626 0.0179830770939589 0.0146254431456327 0.01356784068048 0.0134988306090236 0.0112306345254183 0.0150927864015102 0.0179719906300306 0.0174759831279516 0.0105082653462887 0.0128650264814496 0.015946539118886 0.0253540091216564 0.0144495731219649 0.0115261012688279 0.0111790969967842 0.0114859286695719 0.0104083335027099 0.0125209866091609 0.0373389683663845 0.0300182569772005 0.0365773290395737 0.0275779142975807 0.0212649889290333 0.023461839184165 0.0225875526666641 0.0280998516827822 0.0228105466812849 0.0214099641889334 0.0204285066574812 0.0177181418985128 0.0212928429245949 0.0173337161540985
0.0162638109177351 0.0137925418093801 0.0173944532871246 0.0183673780411482 0.0186943057924509 0.0166073106229305 0.0114044658839703 0.0145255420356989 0.014528083615005 0.018414406105876 0.0285658277571201 0.023811224848032 0.0199619047343731 0.0183295384049416 0.0186114143580198 0.014440075494349 0.0123308561742306 0.0155817344784737 0.0166284721344709 0.0182714555412531 0.0151289142668247 0.012982820160687 0.0135423019528389 0.0140690552070737 0.0225649625062943 0.0182716883718967 0.0110630020499229 0.0102491145953536 0.00865182932466269 0.0105157848447561 0.0133649036288261 0.0219910424202681 0.0334066450595856 0.0292766969650984 0.026941766962409 0.0227164775133133 0.0173546224832535 0.0266929753124714 0.0217488966882229 0.0313477739691734 0.0247965641319752 0.0233362410217524 0.016706719994545 0.0192203596234322 0.0207093209028244 0.0134486192837358
0.0236016325652599 0.0244477353990078 0.0186518169939518 0.0116474833339453 0.0176090430468321 0.016477944329381 0.0118036363273859 0.012362465262413 0.0142499394714832 0.0253445990383625 0.0206838846206665 0.0176652818918228 0.0159915611147881 0.0161143559962511 0.0147565342485905 0.0154307875782251 0.0136940013617277 0.0166255701333284 0.0158799048513174 0.0139213167130947 0.0126810073852539 0.0148989800363779 0.0169470086693764 0.0197416208684444 0.019794998690486 0.0100630549713969 0.00889809057116508 0.00786691904067993 0.011567204259336 0.0203832406550646 0.0227561760693789 0.0257455296814442 0.0259412489831448 0.0235021691769361 0.0219213310629129 0.0178673379123211 0.0170699246227741 0.0244395975023508 0.0234659072011709 0.0311512369662523 0.0239945147186518 0.0249218717217445 0.0196114089339972 0.0203408095985651 0.0136713674291968 0.00956664048135281
0.0401951335370541 0.021967314183712 0.0128842750564218 0.010714752599597 0.0134012857452035 0.0114330956712365 0.00961911771446466 0.0149364713579416 0.0167529378086329 0.0234484113752842 0.0151234334334731 0.0156534463167191 0.0155068086460233 0.0153297847136855 0.0150391552597284 0.0121228126809001 0.0131426546722651 0.0141179542988539 0.0156959481537342 0.0120921423658729 0.0157965645194054 0.0169007163494825 0.016142912209034 0.0200477093458176 0.0114390924572945 0.00842928979545832 0.00663605891168118 0.0110598746687174 0.0193949230015278 0.0223318208009005 0.0238169115036726 0.0215354654937983 0.0209695119410753 0.0210494622588158 0.0187996681779623 0.0144408466294408 0.0187582075595856 0.0316841453313828 0.0368634313344955 0.0343928784132004 0.0271204244345427 0.0242033265531063 0.0205967612564564 0.0126247843727469 0.00898002274334431 0.00876830704510212
0.0178618486970663 0.015246014110744 0.0134158981963992 0.0104533853009343 0.0095311626791954 0.0100092710927129 0.015457333996892 0.0167470928281546 0.0137571468949318 0.0159121248871088 0.0129360668361187 0.00931059010326862 0.0170623753219843 0.0153050925582647 0.0118541624397039 0.00843921769410372 0.00925840064883232 0.0105122346431017 0.011208082549274 0.00939322542399168 0.0127414241433144 0.0144094210118055 0.0126298703253269 0.0104928100481629 0.00783249828964472 0.00700459815561771 0.00915612652897835 0.0166720114648342 0.0184536259621382 0.0206138137727976 0.0217416286468506 0.0194622147828341 0.0193048529326916 0.0178867317736149 0.0159694608300924 0.0148139456287026 0.0173320770263672 0.0281076710671186 0.0340498462319374 0.0267419163137674 0.0206551663577557 0.0220350939780474 0.0149633772671223 0.00895529426634312 0.0082833981141448 0.00851443130522966
0.0139603223651648 0.0135362967848778 0.0105069922283292 0.0108651276677847 0.014333319850266 0.0132223227992654 0.0118578430265188 0.0119320619851351 0.0129174431785941 0.0105631472542882 0.00924502220004797 0.00874852016568184 0.00985782314091921 0.00920077599585056 0.00934360455721617 0.0111348563805223 0.00948862917721272 0.0108392033725977 0.0101302610710263 0.0101693142205477 0.00904701557010412 0.0101826395839453 0.0101697249338031 0.00760283088311553 0.00582465622574091 0.00988902524113655 0.015800166875124 0.0172553472220898 0.0183364003896713 0.0176948793232441 0.0172280799597502 0.0198615398257971 0.0206223446875811 0.0158449821174145 0.0155076356604695 0.0148300752043724 0.0176854021847248 0.0211257729679346 0.0291699189692736 0.0186558049172163 0.0212091337889433 0.0150371314957738 0.00924565177410841 0.00835518352687359 0.00767833692952991 0.00777180632576346
0.0132624227553606 0.0122355464845896 0.0106992917135358 0.0134504223242402 0.0182788036763668 0.0131527427583933 0.0122571540996432 0.0107990661635995 0.00964500103145838 0.00817518960684538 0.0118579948320985 0.00930933002382517 0.0129548823460937 0.0140728419646621 0.0139340488240123 0.0152757195755839 0.0136671205982566 0.0152146983891726 0.0118292579427361 0.00902369059622288 0.0110531551763415 0.0146854938939214 0.0106227481737733 0.00627520680427551 0.00594691233709455 0.0132111068814993 0.0161255914717913 0.0160640347748995 0.0162858515977859 0.0158150251954794 0.0157546363770962 0.019776226952672 0.0171695165336132 0.0149798644706607 0.0147143471986055 0.0153472861275077 0.0179486572742462 0.0169677007943392 0.0210278369486332 0.018867215141654 0.0123048005625606 0.0107564637437463 0.00872962456196547 0.00935473013669252 0.0072013046592474 0.00780321285128593
0.0123137617483735 0.0140499724075198 0.0117294108495116 0.0188816208392382 0.0176584143191576 0.0154839195311069 0.00819600746035576 0.00933300796896219 0.00904983282089233 0.0106395380571485 0.0133031727746129 0.0120589481666684 0.0138231748715043 0.012337826192379 0.0108006643131375 0.0109121212735772 0.0109541546553373 0.0102196829393506 0.00878359563648701 0.0120896892622113 0.01032520737499 0.0101546328514814 0.00757561018690467 0.00562332198023796 0.00536347134038806 0.011923536658287 0.0157518833875656 0.0153355412185192 0.01457245554775 0.0151025140658021 0.0147005077451468 0.0146370315924287 0.0137665802612901 0.0130634605884552 0.0141588235273957 0.0155790122225881 0.0161609090864658 0.015788720920682 0.0137528842315078 0.011793764308095 0.00973255466669798 0.00904910732060671 0.00999832712113857 0.00847536697983742 0.00637137144804001 0.00844094716012478
0.00824996177107096 0.00940631609410048 0.0132283745333552 0.0184040442109108 0.0158886462450027 0.00803691148757935 0.00779665447771549 0.0121014341711998 0.0103386025875807 0.0110655408352613 0.010461987927556 0.00978539977222681 0.010013991035521 0.0103668244555593 0.0103270215913653 0.0107319559901953 0.0104450527578592 0.00885154120624065 0.0139336660504341 0.00863674655556679 0.00857043638825417 0.0103785824030638 0.00833170022815466 0.00582813145592809 0.0049634138122201 0.0102453827857971 0.014960958622396 0.0127052729949355 0.0122738378122449 0.012901796028018 0.0126342987641692 0.0128459855914116 0.0136239835992455 0.0120187168940902 0.0118354838341475 0.0139413671568036 0.0131532726809382 0.0131006175652146 0.0116139212623239 0.00988355558365583 0.00914944987744093 0.00890917237848043 0.00935308542102575 0.00740528292953968 0.00682997610419989 0.00785193685442209
0.0109802056103945 0.0111932875588536 0.00974728725850582 0.0142508875578642 0.0083957314491272 0.00591106293722987 0.0111096603795886 0.0112242698669434 0.0103171337395906 0.0142535632476211 0.00928370282053947 0.00914338883012533 0.0144600672647357 0.0122789610177279 0.0116789098829031 0.0102067226544023 0.00756700336933136 0.0137941911816597 0.0151008786633611 0.00712205981835723 0.00824637990444899 0.00973372720181942 0.0102330734953284 0.00570180593058467 0.00528789917007089 0.0136855226010084 0.0146957710385323 0.0124120069667697 0.0115365209057927 0.0111423693597317 0.0113149946555495 0.0139792859554291 0.0162902250885963 0.0128934672102332 0.0109846452251077 0.0122619476169348 0.0116775054484606 0.0104287220165133 0.00961911305785179 0.00805683713406324 0.00760531146079302 0.00980949122458696 0.00852859765291214 0.00721027702093124 0.0075824954546988 0.00803692080080509
