output/projections/01_cur/Scinax nebulosus.asc
NCOLS 168 
NROWS 144 
XLLCORNER -41.0001394455 
YLLCORNER -8.00013921734823 
CELLSIZE 0.0416666665 
NODATA_value -3.4e+38 
[rows 40 to 59 of 144, columns 46 to 91 of 168]
0.129909589886665 0.0914298966526985 0.0785238593816757 0.109395653009415 0.103123255074024 0.086702324450016 0.061077032238245 0.437976270914078 0.311370611190796 0.234177678823471 0.257328003644943 0.206202626228333 0.300520062446594 -3.4e+38 0.304393321275711 -3.4e+38 -3.4e+38 -3.4e+38 -3.4e+38 -3.4e+38 -3.4e+38 -3.4e+38 -3.4e+38 -3.4e+38 -3.4e+38 -3.4e+38 -3.4e+38 -3.4e+38 -3.4e+38 -3.4e+38 -3.4e+38 -3.4e+38 -3.4e+38 -3.4e+38 -3.4e+38 -3.4e+38 -3.4e+38 -3.4e+38 -3.4e+38 -3.4e+38 -3.4e+38 -3.4e+38 -3.4e+38 -3.4e+38 -3.4e+38 -3.4e+38
0.0847707465291023 0.0692774206399918 0.0771758258342743 0.06820297986269 0.0725788027048111 0.0634718686342239 0.100585877895355 0.44601571559906 0.259813606739044 0.238175228238106 0.20910619199276 0.171831116080284 0.292201489210129 0.337163031101227 0.43240624666214 0.487877637147903 -3.4e+38 -3.4e+38 -3.4e+38 -3.4e+38 -3.4e+38 -3.4e+38 -3.4e+38 -3.4e+38 -3.4e+38 -3.4e+38 -3.4e+38 -3.4e+38 -3.4e+38 -3.4e+38 -3.4e+38 -3.4e+38 -3.4e+38 -3.4e+38 -3.4e+38 -3.4e+38 -3.4e+38 -3.4e+38 -3.4e+38 -3.4e+38 -3.4e+38 -3.4e+38 -3.4e+38 -3.4e+38 -3.4e+38 -3.4e+38
0.0624216310679913 0.072746179997921 0.0706285163760185 0.0659144222736359 0.0526385828852654 0.0680473446846008 0.0905443355441093 0.785079419612885 0.275298327207565 0.153921544551849 0.162884801626205 0.179182887077332 0.308897495269775 0.284429520368576 0.360724568367004 0.4169802069664 -3.4e+38 -3.4e+38 -3.4e+38 -3.4e+38 -3.4e+38 -3.4e+38 -3.4e+38 -3.4e+38 -3.4e+38 -3.4e+38 -3.4e+38 -3.4e+38 -3.4e+38 -3.4e+38 -3.4e+38 -3.4e+38 -3.4e+38 -3.4e+38 -3.4e+38 -3.4e+38 -3.4e+38 -3.4e+38 -3.4e+38 -3.4e+38 -3.4e+38 -3.4e+38 -3.4e+38 -3.4e+38 -3.4e+38 -3.4e+38
0.0588447116315365 0.0746896490454674 0.0393574200570583 0.0586272031068802 0.0646740198135376 0.230420917272568 0.142891943454742 0.246300533413887 0.0931265503168106 0.16521929204464 0.278820335865021 0.193723097443581 0.29502335190773 0.233006849884987 0.358191072940826 0.335460364818573 0.399394631385803 -3.4e+38 -3.4e+38 -3.4e+38 -3.4e+38 -3.4e+38 -3.4e+38 -3.4e+38 -3.4e+38 -3.4e+38 -3.4e+38 -3.4e+38 -3.4e+38 -3.4e+38 -3.4e+38 -3.4e+38 -3.4e+38 -3.4e+38 -3.4e+38 -3.4e+38 -3.4e+38 -3.4e+38 -3.4e+38 -3.4e+38 -3.4e+38 -3.4e+38 -3.4e+38 -3.4e+38 -3.4e+38 -3.4e+38
0.0701080560684204 0.0656915158033371 0.0325103998184204 0.088693380355835 0.108019344508648 0.320151299238205 0.0844484567642212 0.0554142221808434 0.101271949708462 0.566546380519867 0.299871325492859 0.224974095821381 0.219103008508682 0.239731892943382 0.261860251426697 0.283880263566971 0.404413759708405 0.396285176277161 -3.4e+38 -3.4e+38 -3.4e+38 -3.4e+38 -3.4e+38 -3.4e+38 -3.4e+38 -3.4e+38 -3.4e+38 -3.4e+38 -3.4e+38 -3.4e+38 -3.4e+38 -3.4e+38 -3.4e+38 -3.4e+38 -3.4e+38 -3.4e+38 -3.4e+38 -3.4e+38 -3.4e+38 -3.4e+38 -3.4e+38 -3.4e+38 -3.4e+38 -3.4e+38 -3.4e+38 -3.4e+38
0.0741235390305519 0.0542067736387253 0.0405240468680859 0.16460183262825 0.148768752813339 0.0666413903236389 0.0476861633360386 0.0431568697094917 0.660665154457092 0.522983551025391 0.200015529990196 0.190646022558212 0.174679145216942 0.273644864559174 0.221607699990273 0.313806384801865 0.249822124838829 0.41768604516983 0.294406741857529 -3.4e+38 -3.4e+38 -3.4e+38 -3.4e+38 -3.4e+38 -3.4e+38 -3.4e+38 -3.4e+38 -3.4e+38 -3.4e+38 -3.4e+38 -3.4e+38 -3.4e+38 -3.4e+38 -3.4e+38 -3.4e+38 -3.4e+38 -3.4e+38 -3.4e+38 -3.4e+38 -3.4e+38 -3.4e+38 -3.4e+38 -3.4e+38 -3.4e+38 -3.4e+38 -3.4e+38
0.0519269816577435 0.0582686476409435 0.14172101020813 0.104200705885887 0.077113039791584 0.050810556858778 0.0418620854616165 0.144590631127357 0.543229579925537 0.175648704171181 0.20230470597744 0.353952884674072 0.167711332440376 0.274842649698257 0.255102068185806 0.217853650450706 0.17349249124527 0.281371295452118 0.367551237344742 0.369105517864227 -3.4e+38 -3.4e+38 -3.4e+38 -3.4e+38 -3.4e+38 -3.4e+38 -3.4e+38 -3.4e+38 -3.4e+38 -3.4e+38 -3.4e+38 -3.4e+38 -3.4e+38 -3.4e+38 -3.4e+38 -3.4e+38 -3.4e+38 -3.4e+38 -3.4e+38 -3.4e+38 -3.4e+38 -3.4e+38 -3.4e+38 -3.4e+38 -3.4e+38 -3.4e+38
0.051149345934391 0.055088572204113 0.14571338891983 0.0841611847281456 0.0675273984670639 0.0644483342766762 0.0810966566205025 0.103003218770027 0.144291654229164 0.0859789699316025 0.808052778244019 0.236992701888084 0.210407480597496 0.266302824020386 0.160778850317001 0.153019621968269 0.158983170986176 0.22356590628624 0.271740704774857 0.342657625675201 0.285355657339096 -3.4e+38 -3.4e+38 -3.4e+38 -3.4e+38 -3.4e+38 -3.4e+38 -3.4e+38 -3.4e+38 -3.4e+38 -3.4e+38 -3.4e+38 -3.4e+38 -3.4e+38 -3.4e+38 -3.4e+38 -3.4e+38 -3.4e+38 -3.4e+38 -3.4e+38 -3.4e+38 -3.4e+38 -3.4e+38 -3.4e+38 -3.4e+38 -3.4e+38
0.0484197549521923 0.0547991283237934 0.116668470203876 0.0904509052634239 0.0791849941015244 0.104978673160076 0.13054184615612 0.0892115756869316 0.0607186071574688 0.37851271033287 0.722673892974854 0.162108361721039 0.260595142841339 0.109446562826633 0.17130321264267 0.140444844961166 0.188446164131165 0.170991256833076 0.180129617452621 0.238504230976105 0.290799230337143 0.213943898677826 -3.4e+38 -3.4e+38 -3.4e+38 -3.4e+38 -3.4e+38 -3.4e+38 -3.4e+38 -3.4e+38 -3.4e+38 -3.4e+38 -3.4e+38 -3.4e+38 -3.4e+38 -3.4e+38 -3.4e+38 -3.4e+38 -3.4e+38 -3.4e+38 -3.4e+38 -3.4e+38 -3.4e+38 -3.4e+38 -3.4e+38 -3.4e+38
0.0536808185279369 0.0444081276655197 0.0669207572937012 0.353475749492645 0.133416146039963 0.273470669984818 0.19262832403183 0.082575686275959 0.151412397623062 0.332665950059891 0.240737780928612 0.138129085302353 0.12044894695282 0.103174492716789 0.142585888504982 0.144195392727852 0.143631726503372 0.157693177461624 0.163491234183311 0.176120430231094 0.241809487342834 0.241306021809578 0.163079932332039 -3.4e+38 -3.4e+38 -3.4e+38 -3.4e+38 -3.4e+38 -3.4e+38 -3.4e+38 -3.4e+38 -3.4e+38 -3.4e+38 -3.4e+38 -3.4e+38 -3.4e+38 -3.4e+38 -3.4e+38 -3.4e+38 -3.4e+38 -3.4e+38 -3.4e+38 -3.4e+38 -3.4e+38 -3.4e+38 -3.4e+38
0.0431011654436588 0.0391385555267334 0.039684109389782 0.502860188484192 0.500294208526611 0.252298802137375 0.316751599311829 0.171157613396645 0.152588412165642 0.166449353098869 0.132259011268616 0.169502824544907 0.0784930065274239 0.0951926335692406 0.138033628463745 0.125839218497276 0.112004362046719 0.104972749948502 0.118219181895256 0.148400649428368 0.138687610626221 0.186194255948067 0.18818324804306 -3.4e+38 -3.4e+38 -3.4e+38 -3.4e+38 -3.4e+38 -3.4e+38 -3.4e+38 -3.4e+38 -3.4e+38 -3.4e+38 -3.4e+38 -3.4e+38 -3.4e+38 -3.4e+38 -3.4e+38 -3.4e+38 -3.4e+38 -3.4e+38 -3.4e+38 -3.4e+38 -3.4e+38 -3.4e+38 -3.4e+38
0.0489164963364601 0.0425538718700409 0.0576794818043709 0.600911855697632 0.383173733949661 0.651210010051727 0.54610937833786 0.516578435897827 0.265177965164185 0.148950099945068 0.144915297627449 0.0754600167274475 0.0794169306755066 0.0858658999204636 0.0824534222483635 0.0939467027783394 0.0789322778582573 0.102305024862289 0.0870973169803619 0.140897244215012 0.145500093698502 0.168441131711006 0.126927196979523 0.164145722985268 -3.4e+38 -3.4e+38 -3.4e+38 -3.4e+38 -3.4e+38 -3.4e+38 -3.4e+38 -3.4e+38 -3.4e+38 -3.4e+38 -3.4e+38 -3.4e+38 -3.4e+38 -3.4e+38 -3.4e+38 -3.4e+38 -3.4e+38 -3.4e+38 -3.4e+38 -3.4e+38 -3.4e+38 -3.4e+38
0.037050124257803 0.0624695643782616 0.123789578676224 0.744134843349457 0.764464974403381 0.532425463199615 0.33228525519371 0.332106709480286 0.479308933019638 0.169886454939842 0.0804454833269119 0.0833361148834229 0.0881582722067833 0.0888096243143082 0.0925489291548729 0.064810112118721 0.0636573135852814 0.0901394262909889 0.094508945941925 0.0978196039795876 0.0854145959019661 0.0712528973817825 0.0787233635783195 0.130482539534569 0.147478312253952 -3.4e+38 -3.4e+38 -3.4e+38 -3.4e+38 -3.4e+38 -3.4e+38 -3.4e+38 -3.4e+38 -3.4e+38 -3.4e+38 -3.4e+38 -3.4e+38 -3.4e+38 -3.4e+38 -3.4e+38 -3.4e+38 -3.4e+38 -3.4e+38 -3.4e+38 -3.4e+38 -3.4e+38
0.0582629144191742 0.085170179605484 0.524480402469635 0.812560498714447 0.811707675457001 0.674878895282745 0.686666429042816 0.647424578666687 0.129938542842865 0.0555260963737965 0.177836894989014 0.111291266977787 0.10629540681839 0.0827644616365433 0.0837041437625885 0.0598160587251186 0.0368365123867989 0.0488205961883068 0.0486233308911324 0.0619206614792347 0.065385028719902 0.0689007863402367 0.0727490782737732 0.076487123966217 0.100414454936981 0.123781427741051 -3.4e+38 -3.4e+38 -3.4e+38 -3.4e+38 -3.4e+38 -3.4e+38 -3.4e+38 -3.4e+38 -3.4e+38 -3.4e+38 -3.4e+38 -3.4e+38 -3.4e+38 -3.4e+38 -3.4e+38 -3.4e+38 -3.4e+38 -3.4e+38 -3.4e+38 -3.4e+38
0.0389927178621292 0.0878312140703201 0.442090958356857 0.821943044662476 0.689277052879333 0.204718202352524 0.125300750136375 0.453214257955551 0.129326969385147 0.135311096906662 0.253940761089325 0.118483155965805 0.0863528251647949 0.0793492496013641 0.0530740544199944 0.0273392554372549 0.0445409417152405 0.0415535494685173 0.066486656665802 0.0594624876976013 0.0548400282859802 0.0490302518010139 0.0588199272751808 0.0552866496145725 0.0760776996612549 0.0952405035495758 0.100757494568825 -3.4e+38 -3.4e+38 -3.4e+38 -3.4e+38 -3.4e+38 -3.4e+38 -3.4e+38 -3.4e+38 -3.4e+38 -3.4e+38 -3.4e+38 -3.4e+38 -3.4e+38 -3.4e+38 -3.4e+38 -3.4e+38 -3.4e+38 -3.4e+38 -3.4e+38
0.0481063313782215 0.314524710178375 0.648772954940796 0.778886258602142 0.617729127407074 0.177978560328484 0.0533752404153347 0.319868832826614 0.226293504238129 0.161426827311516 0.097590371966362 0.0826616287231445 0.0714658051729202 0.03940374776721 0.0300222337245941 0.0421990603208542 0.046444159001112 0.0301830340176821 0.0701654031872749 0.0544995740056038 0.0446886830031872 0.0422078371047974 0.0501304268836975 0.0537393912672997 0.0583077669143677 0.0647618472576141 0.0844630971550941 0.0897922217845917 0.0648505464196205 -3.4e+38 -3.4e+38 -3.4e+38 -3.4e+38 -3.4e+38 -3.4e+38 -3.4e+38 -3.4e+38 -3.4e+38 -3.4e+38 -3.4e+38 -3.4e+38 -3.4e+38 -3.4e+38 -3.4e+38 -3.4e+38 -3.4e+38
0.0942487567663193 0.623796403408051 0.697681128978729 0.492660999298096 0.378733396530151 0.110061794519424 0.0758539438247681 0.154259622097015 0.108279936015606 0.104602724313736 0.0614405423402786 0.0526816099882126 0.0490310043096542 0.0242467429488897 0.0513637326657772 0.0451702587306499 0.0415135100483894 0.0362492762506008 0.0402867868542671 0.0414223372936249 0.0302006173878908 0.0312129128724337 0.0379515141248703 0.0377585850656033 0.0444886051118374 0.049022015184164 0.0565553978085518 0.062639407813549 0.069863922894001 0.0688247680664062 -3.4e+38 -3.4e+38 -3.4e+38 -3.4e+38 -3.4e+38 -3.4e+38 -3.4e+38 -3.4e+38 -3.4e+38 -3.4e+38 -3.4e+38 -3.4e+38 -3.4e+38 -3.4e+38 -3.4e+38 -3.4e+38
0.305215448141098 0.728374719619751 0.705576181411743 0.512658834457397 0.256170362234116 0.172793701291084 0.122840963304043 0.0908124446868896 0.0939566120505333 0.0659719184041023 0.043742660433054 0.035645380616188 0.0249969474971294 0.0285679679363966 0.0589018762111664 0.0422097258269787 0.0335847288370132 0.0361882522702217 0.0372858271002769 0.0238291565328836 0.0318116322159767 0.0350302644073963 0.0408573523163795 0.0424999669194221 0.0358006283640862 0.0434778146445751 0.0441868491470814 0.040907759219408 0.0521548800170422 0.06500593572855 0.0698186978697777 0.0993050783872604 -3.4e+38 -3.4e+38 -3.4e+38 -3.4e+38 -3.4e+38 -3.4e+38 -3.4e+38 -3.4e+38 -3.4e+38 -3.4e+38 -3.4e+38 -3.4e+38 -3.4e+38 -3.4e+38
0.215642273426056 0.507064163684845 0.204581424593925 0.154290646314621 0.182091519236565 0.13133393228054 0.101922295987606 0.0604417249560356 0.0561925396323204 0.0332401990890503 0.0384261235594749 0.0316309258341789 0.0331701226532459 0.0443883240222931 0.0404313132166862 0.0352804847061634 0.0387239791452885 0.0304774846881628 0.0205809734761715 0.0205809734761715 0.0311738718301058 0.0329564809799194 0.0380437187850475 0.0366246849298477 0.0338782444596291 0.0364685542881489 0.029979920014739 0.033637348562479 0.049456525593996 0.0692465975880623 0.100415863096714 0.090430922806263 0.0750424787402153 -3.4e+38 -3.4e+38 -3.4e+38 -3.4e+38 -3.4e+38 -3.4e+38 -3.4e+38 -3.4e+38 -3.4e+38 -3.4e+38 -3.4e+38 -3.4e+38 -3.4e+38
0.0541937164962292 0.145381301641464 0.315706163644791 0.239430129528046 0.126860961318016 0.103395767509937 0.113547526299953 0.0661454424262047 0.0504455640912056 0.0252330731600523 0.033712100237608 0.0372550152242184 0.0533194281160831 0.0404507182538509 0.037218801677227 0.0305090360343456 0.0297385789453983 0.0206880196928978 0.0194792188704014 0.0186135582625866 0.0196339599788189 0.030461210757494 0.0436086803674698 0.0286229178309441 0.0300282165408134 0.0254796855151653 0.0298114065080881 0.02861063554883 0.0388808883726597 0.0676532909274101 0.095721498131752 0.066868893802166 0.0817109495401382 -3.4e+38 -3.4e+38 -3.4e+38 -3.4e+38 -3.4e+38 -3.4e+38 -3.4e+38 -3.4e+38 -3.4e+38 -3.4e+38 -3.4e+38 -3.4e+38 -3.4e+38
