output/projections/01_cur/Scinax nebulosus.asc
NCOLS 168 
NROWS 144 
XLLCORNER -41.0001394455 
YLLCORNER -8.00013921734823 
CELLSIZE 0.0416666665 
NODATA_value -3.4e+38 
[rows 20 to 39 of 144, columns 0 to 45 of 168]
0.133731320500374 0.144271284341812 0.157341301441193 0.170587807893753 0.116670466959476 0.176046848297119 0.166364803910255 0.170843929052353 0.164301186800003 0.176266521215439 0.132138684391975 0.194007784128189 0.219892293214798 0.185687988996506 0.226315155625343 0.25411394238472 0.211932942271233 0.240299478173256 0.311645716428757 0.322845846414566 0.225024491548538 0.283874154090881 0.295001149177551 0.270057678222656 0.255386978387833 0.251398324966431 -3.4e+38 -3.4e+38 -3.4e+38 -3.4e+38 -3.4e+38 -3.4e+38 -3.4e+38 -3.4e+38 -3.4e+38 -3.4e+38 -3.4e+38 -3.4e+38 -3.4e+38 -3.4e+38 -3.4e+38 -3.4e+38 -3.4e+38 -3.4e+38 -3.4e+38 -3.4e+38
0.134102210402489 0.163314625620842 0.194170787930489 0.190431177616119 0.112641252577305 0.180229410529137 0.169251099228859 0.192323997616768 0.13338628411293 0.18922546505928 0.190601333975792 0.186553061008453 0.233867764472961 0.173671424388885 0.189110994338989 0.243739351630211 0.197316259145737 0.234050050377846 0.279037952423096 0.334362864494324 0.145481467247009 0.214998424053192 0.289128005504608 0.248047739267349 0.292572915554047 0.258918583393097 0.229625150561333 0.244774773716927 -3.4e+38 -3.4e+38 -3.4e+38 -3.4e+38 -3.4e+38 -3.4e+38 -3.4e+38 -3.4e+38 -3.4e+38 -3.4e+38 -3.4e+38 -3.4e+38 -3.4e+38 -3.4e+38 -3.4e+38 -3.4e+38 -3.4e+38 -3.4e+38
0.149232983589172 0.158952370285988 0.191525623202324 0.224300175905228 0.108229167759418 0.151331931352615 0.211689278483391 0.168032675981522 0.165236905217171 0.119029097259045 0.219634979963303 0.17071732878685 0.228621885180473 0.22994427382946 0.223084703087807 0.204141020774841 0.211506634950638 0.221424296498299 0.264746099710464 0.294412881135941 0.114623323082924 0.19414821267128 0.241540133953094 0.200475305318832 0.253745704889297 0.258329004049301 0.221079662442207 0.254219233989716 0.248666003346443 0.218584135174751 -3.4e+38 -3.4e+38 -3.4e+38 -3.4e+38 -3.4e+38 -3.4e+38 -3.4e+38 -3.4e+38 -3.4e+38 -3.4e+38 -3.4e+38 -3.4e+38 -3.4e+38 -3.4e+38 -3.4e+38 -3.4e+38
0.191903084516525 0.155301332473755 0.200005352497101 0.252298474311829 0.131521672010422 0.13508740067482 0.216600984334946 0.175644993782043 0.214803904294968 0.142621576786041 0.13025139272213 0.208696290850639 0.174444824457169 0.221700340509415 0.211746156215668 0.243404179811478 0.253845483064651 0.188114777207375 0.284577995538712 0.254473567008972 0.0932969823479652 0.163780361413956 0.196993425488472 0.219560459256172 0.219409391283989 0.19563502073288 0.208184450864792 0.196846097707748 0.183041617274284 0.245858415961266 0.207506760954857 0.191693529486656 -3.4e+38 -3.4e+38 -3.4e+38 -3.4e+38 -3.4e+38 -3.4e+38 -3.4e+38 -3.4e+38 -3.4e+38 -3.4e+38 -3.4e+38 -3.4e+38 -3.4e+38 -3.4e+38
0.194209739565849 0.198728069663048 0.305502742528915 0.337587058544159 0.110603600740433 0.144266918301582 0.247597798705101 0.147686466574669 0.227170959115028 0.227566137909889 0.113679632544518 0.177485764026642 0.181712135672569 0.189918980002403 0.218429610133171 0.232487708330154 0.258360803127289 0.206809997558594 0.269117534160614 0.227462783455849 0.0800238847732544 0.140430569648743 0.18029873073101 0.193644836544991 0.172877937555313 0.200653418898582 0.206730306148529 0.124019123613834 0.188999310135841 0.21249808371067 0.205833554267883 0.224190592765808 0.254771560430527 0.29514092206955 -3.4e+38 -3.4e+38 -3.4e+38 -3.4e+38 -3.4e+38 -3.4e+38 -3.4e+38 -3.4e+38 -3.4e+38 -3.4e+38 -3.4e+38 -3.4e+38
0.257257580757141 0.264996439218521 0.461669385433197 0.369770675897598 0.134873569011688 0.112043350934982 0.295096099376678 0.188241079449654 0.227316349744797 0.237277537584305 0.125749304890633 0.150162786245346 0.148165211081505 0.175425603985786 0.218644201755524 0.239626824855804 0.194507822394371 0.231960773468018 0.293177247047424 0.309262752532959 0.06908018887043 0.120923794806004 0.185789316892624 0.172745242714882 0.171347871422768 0.165772244334221 0.151581779122353 0.111556552350521 0.167054936289787 0.172227710485458 0.214579373598099 0.193965971469879 0.198651328682899 0.335683256387711 0.314970374107361 -3.4e+38 -3.4e+38 -3.4e+38 -3.4e+38 -3.4e+38 -3.4e+38 -3.4e+38 -3.4e+38 -3.4e+38 -3.4e+38 -3.4e+38
0.377303719520569 0.439723938703537 0.513165295124054 0.278280794620514 0.127344354987144 0.162995994091034 0.288248181343079 0.231169641017914 0.287349939346313 0.224287286400795 0.137083753943443 0.136942893266678 0.163643956184387 0.143801853060722 0.168639898300171 0.210488170385361 0.197878554463387 0.235328108072281 0.289733707904816 0.28496578335762 0.0858603566884995 0.0886403694748878 0.164460688829422 0.157713085412979 0.167160481214523 0.161056458950043 0.136343896389008 0.0978502482175827 0.157373681664467 0.188730254769325 0.20444455742836 0.115960121154785 0.161529198288918 0.243833586573601 0.335717529058456 0.349337100982666 0.343795388936996 -3.4e+38 -3.4e+38 -3.4e+38 -3.4e+38 -3.4e+38 -3.4e+38 -3.4e+38 -3.4e+38 -3.4e+38
0.364702969789505 0.5503950715065 0.384075552225113 0.309557348489761 0.163737505674362 0.147522732615471 0.303429454565048 0.318320333957672 0.384081989526749 0.187197610735893 0.135259792208672 0.233577489852905 0.194782286882401 0.130602970719337 0.167009219527245 0.142810389399529 0.23936416208744 0.292223036289215 0.201446816325188 0.143494352698326 0.0896346420049667 0.0850114077329636 0.141641095280647 0.158026948571205 0.15668198466301 0.145297691226006 0.131673157215118 0.0909332409501076 0.162062719464302 0.191218301653862 0.0980469211935997 0.12543548643589 0.190053418278694 0.230582714080811 0.274439334869385 0.280785202980042 0.325358331203461 0.375483155250549 0.306258410215378 -3.4e+38 -3.4e+38 -3.4e+38 -3.4e+38 -3.4e+38 -3.4e+38 -3.4e+38
0.321175992488861 0.569827198982239 0.388892024755478 0.316756069660187 0.197598919272423 0.15999673306942 0.298007696866989 0.441060841083527 0.300530284643173 0.189776867628098 0.191327139735222 0.217056423425674 0.270363599061966 0.120412193238735 0.16112607717514 0.126713007688522 0.231853350996971 0.334433406591415 0.117903217673302 0.246908470988274 0.0798619836568832 0.0687793046236038 0.158559665083885 0.14929324388504 0.145985513925552 0.164164617657661 0.094669409096241 0.117288157343864 0.203654140233994 0.105567894876003 0.120433539152145 0.171322330832481 0.192748054862022 0.21076625585556 0.205991119146347 0.20796936750412 0.246181577444077 0.328082919120789 0.224199563264847 0.372230976819992 0.351073384284973 -3.4e+38 -3.4e+38 -3.4e+38 -3.4e+38 -3.4e+38
0.370946943759918 0.56398618221283 0.460185348987579 0.337507277727127 0.208117052912712 0.197890222072601 0.269634068012238 0.569948375225067 0.337907522916794 0.219662383198738 0.27154877781868 0.202189460396767 0.313722193241119 0.147439137101173 0.0995624959468842 0.149685680866241 0.179181069135666 0.266914248466492 0.172757893800735 0.178216680884361 0.064034067094326 0.0555633641779423 0.144182980060577 0.188151940703392 0.192911028862 0.153734505176544 0.0614035502076149 0.167502641677856 0.140463083982468 0.0870862081646919 0.167195096611977 0.211215153336525 0.188049241900444 0.177194848656654 0.215552777051926 0.194655641913414 0.237239494919777 0.211800634860992 0.188133418560028 0.289444506168365 0.31438684463501 0.403612971305847 0.369230449199677 -3.4e+38 -3.4e+38 -3.4e+38
0.473086386919022 0.448723077774048 0.385444849729538 0.353867202997208 0.220247313380241 0.199900314211845 0.247743144631386 0.426602333784103 0.313935428857803 0.239115208387375 0.48589426279068 0.408391714096069 0.213672414422035 0.174109622836113 0.10057582706213 0.182792216539383 0.140322968363762 0.147783353924751 0.262369811534882 0.24309216439724 0.0456859655678272 0.0559762418270111 0.168393567204475 0.259616374969482 0.211262628436089 0.130211740732193 0.0663436576724052 0.149295523762703 0.0723599493503571 0.0847454890608788 0.220099866390228 0.224016845226288 0.120292119681835 0.20561295747757 0.240050956606865 0.178350880742073 0.198267683386803 0.215049713850021 0.194217443466187 0.26087874174118 0.293605834245682 0.311382949352264 0.405390471220016 0.32793202996254 -3.4e+38 -3.4e+38
0.384125292301178 0.334750145673752 0.46033376455307 0.412400931119919 0.328838467597961 0.223560601472855 0.221406146883965 0.342473745346069 0.23340006172657 0.406969010829926 0.598258078098297 0.446682959794998 0.266749203205109 0.251278311014175 0.144873306155205 0.098236545920372 0.0841228514909744 0.0967258140444756 0.48988926410675 0.203723669052124 0.0415450073778629 0.052783228456974 0.189129889011383 0.184998646378517 0.143751814961433 0.0946870297193527 0.0973359569907188 0.088477224111557 0.0688989907503128 0.0848067030310631 0.206748843193054 0.101472742855549 0.123944126069546 0.203420728445053 0.266344428062439 0.179246813058853 0.164657488465309 0.216314703226089 0.202388226985931 0.229746758937836 0.161635920405388 0.394482344388962 0.317948997020721 0.363451182842255 0.285146653652191 -3.4e+38
0.272810965776443 0.528839528560638 0.629131853580475 0.51055783033371 0.657951474189758 0.290699154138565 0.193452820181847 0.197541296482086 0.402608692646027 0.742993533611298 0.679222643375397 0.645725011825562 0.380591809749603 0.211019471287727 0.248393803834915 0.193470016121864 0.184394598007202 0.101511858403683 0.244415640830994 0.0894862413406372 0.0411716774106026 0.131336137652397 0.175504967570305 0.135628074407578 0.0931166112422943 0.0916967764496803 0.119590066373348 0.0693943277001381 0.0890984386205673 0.10676171630621 0.0846520066261292 0.0760352984070778 0.124911725521088 0.192506298422813 0.26441702246666 0.233303755521774 0.127112463116646 0.221109390258789 0.240634128451347 0.169580549001694 0.138455867767334 0.304938793182373 0.318318128585815 0.250939399003983 0.376581251621246 0.363692790269852
0.599828004837036 0.464774549007416 0.183784022927284 0.928178131580353 0.752034366130829 0.388760507106781 0.224691659212112 0.182396471500397 0.241507843136787 0.260833740234375 0.524091482162476 0.87086147069931 0.609204769134521 0.396626085042953 0.372500866651535 0.240810588002205 0.221175819635391 0.177384525537491 0.0861828029155731 0.043166846036911 0.0997490063309669 0.176594853401184 0.11701013892889 0.09141606092453 0.0744351223111153 0.121924713253975 0.126993611454964 0.0590415932238102 0.0967913269996643 0.109664067625999 0.0707145631313324 0.100127540528774 0.0718173459172249 0.171540603041649 0.234799697995186 0.19599224627018 0.101036302745342 0.163254305720329 0.213229760527611 0.148111119866371 0.146843492984772 0.19236446917057 0.296588003635406 0.25637623667717 0.332642108201981 0.212695151567459
0.483081638813019 0.193631067872047 0.210356697440147 0.871966958045959 0.74998939037323 0.372549116611481 0.484383165836334 0.246608436107635 0.201091125607491 0.315571993589401 0.328361928462982 0.862826287746429 0.525557994842529 0.761207103729248 0.32334166765213 0.205802172422409 0.178075551986694 0.179378286004066 0.0563116259872913 0.0445953905582428 0.200567230582237 0.131631597876549 0.112898148596287 0.0794864073395729 0.0762733668088913 0.1457379758358 0.0901859551668167 0.0615836046636105 0.0955006927251816 0.0831872224807739 0.0611662678420544 0.0990837886929512 0.0777566134929657 0.109470844268799 0.151218399405479 0.148718863725662 0.136243000626564 0.118715211749077 0.132906511425972 0.138120338320732 0.104616276919842 0.209288790822029 0.273321717977524 0.24859893321991 0.181061312556267 0.111072078347206
0.243532806634903 0.321431577205658 0.543301641941071 0.663338184356689 0.492405831813812 0.455530852079391 0.532295227050781 0.335856080055237 0.266285121440887 0.187108024954796 0.168307065963745 0.638849854469299 0.731979310512543 0.549663960933685 0.260906279087067 0.150886029005051 0.152770489454269 0.198659837245941 0.0474906787276268 0.110453397035599 0.094152919948101 0.135555505752563 0.0912581533193588 0.0870862528681755 0.0958351045846939 0.116935200989246 0.06935665756464 0.0637869238853455 0.0995769277215004 0.0556132420897484 0.0585945285856724 0.0586240775883198 0.0537437051534653 0.0601174794137478 0.16398286819458 0.180311486124992 0.147227317094803 0.10227956622839 0.117334969341755 0.142498821020126 0.0728299766778946 0.223364233970642 0.284285664558411 0.219264626502991 0.108459964394569 0.100288040935993
0.191025808453560 0.46050038933754 0.807931244373322 0.861733198165894 0.549755096435547 0.628667056560516 0.510206818580627 0.272642374038696 0.427612572908401 0.17568351328373 0.141051962971687 0.653413653373718 0.94334465265274 0.956044673919678 0.606284081935883 0.23098161816597 0.139723405241966 0.092561662197113 0.0481599606573582 0.0598974823951721 0.0589649230241776 0.125966623425484 0.0838742703199387 0.0921659246087074 0.106701664626598 0.0860209539532661 0.060422133654356 0.0533589422702789 0.0691611990332603 0.039576381444931 0.0350860133767128 0.0547088012099266 0.0301651153713465 0.224898979067802 0.338723063468933 0.416519522666931 0.115711644291878 0.123621955513954 0.113453648984432 0.110684685409069 0.0906885340809822 0.190118283033371 0.225617155432701 0.130317449569702 0.0733140781521797 0.098770409822464
0.177035942673683 0.571617901325226 0.876142144203186 0.640567660331726 0.7067049741745 0.48836013674736 0.341280460357666 0.239658385515213 0.14689165353775 0.157049804925919 0.372866779565811 0.763694167137146 0.948929309844971 0.933697164058685 0.785763263702393 0.575154662132263 0.194545328617096 0.0640067681670189 0.0576390624046326 0.0522959791123867 0.0580014362931252 0.083475299179554 0.0877494141459465 0.101171247661114 0.0625575035810471 0.0866584032773972 0.0501519292593002 0.0406020469963551 0.0384451858699322 0.0265112947672606 0.0198699478060007 0.169894933700562 0.0849869027733803 0.168404906988144 0.53661048412323 0.491482019424438 0.174101531505585 0.167936414480209 0.0928717628121376 0.101446948945522 0.141148209571838 0.118908174335957 0.112035475671291 0.0670665353536606 0.0817282125353813 0.123565427958965
0.817781090736389 0.801726341247559 0.595602750778198 0.504037737846375 0.424336105585098 0.408863097429276 0.388238549232483 0.207985237240791 0.106376729905605 0.191629976034164 0.573912560939789 0.651395082473755 0.820518910884857 0.806829869747162 0.81159907579422 0.441609412431717 0.112887278199196 0.0547494255006313 0.0510114803910255 0.0581894218921661 0.0576974004507065 0.10447933524847 0.107379324734211 0.0645258873701096 0.0494214221835136 0.0566576234996319 0.0340080223977566 0.0415941700339317 0.0231981575489044 0.0607964582741261 0.10104713588953 0.1042155995965 0.165904566645622 0.486739844083786 0.683559060096741 0.245152726769447 0.247509926557541 0.0600918270647526 0.104691490530968 0.12570658326149 0.14052240550518 0.103074558079243 0.0594072341918945 0.0502482689917088 0.081728994846344 0.118768647313118
0.936643481254578 0.868766307830811 0.431239873170853 0.259333729743958 0.211053177714348 0.764419496059418 0.661405682563782 0.170145779848099 0.117646902799606 0.0912754312157631 0.425184637308121 0.753960311412811 0.440018057823181 0.487426102161407 0.469454646110535 0.169436290860176 0.0701351389288902 0.0575011074542999 0.0380223989486694 0.0603013187646866 0.0565434023737907 0.115103587508202 0.0667353048920631 0.0477730333805084 0.0354944914579391 0.0445102341473103 0.0207464043051004 0.0725288763642311 0.0321163535118103 0.0354793034493923 0.0932358205318451 0.0789642930030823 0.282033801078796 0.413251101970673 0.349553167819977 0.371887594461441 0.178666308522224 0.0857130438089371 0.067466638982296 0.0537277348339558 0.112367533147335 0.0795295834541321 0.0372168682515621 0.0518990345299244 0.0703555196523666 0.103662475943565
