output/projections/01_cur/Scinax nebulosus.asc
NCOLS 168 
NROWS 144 
XLLCORNER -41.0001394455 
YLLCORNER -8.00013921734823 
CELLSIZE 0.0416666665 
NODATA_value -3.4e+38 
[rows 60 to 79 of 144, columns 46 to 91 of 168]
0.0665296241641045 0.0579868368804455 0.0673936307430267 0.186253979802132 0.123711459338665 0.0814442709088326 0.075183279812336 0.0526214092969894 0.0329811535775661 0.0251393914222717 0.0406453274190426 0.0374278277158737 0.0489146113395691 0.0353388525545597 0.0343366675078869 0.0316455103456974 0.0235205106437206 0.0181640964001417 0.0197748355567455 0.0144864628091455 0.0153325833380222 0.0320490896701813 0.0348617173731327 0.0210805963724852 0.0232868809252977 0.0264005959033966 0.0248257629573345 0.0318648777902126 0.036013875156641 0.0610491372644901 0.0761710479855537 0.0474482141435146 0.052616011351347 0.0819173902273178 -3.4e+38 -3.4e+38 -3.4e+38 -3.4e+38 -3.4e+38 -3.4e+38 -3.4e+38 -3.4e+38 -3.4e+38 -3.4e+38 -3.4e+38 -3.4e+38
0.0686121061444283 0.0636687949299812 0.0582427345216274 0.0650425627827644 0.0653385296463966 0.056914497166872 0.0522335879504681 0.0286616925150156 0.0389171466231346 0.0371655523777008 0.0362056866288185 0.0418344661593437 0.0524436309933662 0.0308544728904963 0.0353967435657978 0.0280837006866932 0.0246629603207111 0.016001658514142 0.0180376134812832 0.0130669800564647 0.015580914914608 0.0443108417093754 0.026006743311882 0.0227252207696438 0.022765664383769 0.0220115892589092 0.014553714543581 0.0233737621456385 0.0311429370194674 0.0410354882478714 0.0667719766497612 0.036848284304142 0.0339916199445724 0.0606766901910305 0.0685838311910629 -3.4e+38 -3.4e+38 -3.4e+38 -3.4e+38 -3.4e+38 -3.4e+38 -3.4e+38 -3.4e+38 -3.4e+38 -3.4e+38 -3.4e+38
0.0526381433010101 0.0561881177127361 0.0781194418668747 0.0564922764897346 0.0493762046098709 0.0356994420289993 0.0328349843621254 0.0407355241477489 0.0511574409902096 0.0482766181230545 0.0275949612259865 0.0299306642264128 0.032775092869997 0.0303976759314537 0.02931759506464 0.0241587199270725 0.0171718765050173 0.0165208652615547 0.0177933908998966 0.0138728627935052 0.0329526625573635 0.0254371855407953 0.0216817557811737 0.0166840832680464 0.0188019461929798 0.0134993400424719 0.0158577170222998 0.0226500146090984 0.0259910821914673 0.0491331480443478 0.0476529821753502 0.0273204371333122 0.0310843195766211 0.0409181080758572 0.0568479746580124 0.0584364235401154 -3.4e+38 -3.4e+38 -3.4e+38 -3.4e+38 -3.4e+38 -3.4e+38 -3.4e+38 -3.4e+38 -3.4e+38 -3.4e+38
0.0420778393745422 0.0443264655768871 0.0413262732326984 0.0331868082284927 0.030109565705061 0.0426243245601654 0.0332231409847736 0.0614119805395603 0.039869487285614 0.0411830917000771 0.0332878828048706 0.023194232955575 0.0315223969519138 0.0237168092280626 0.022291524335742 0.0170028060674667 0.0175016168504953 0.0158508159220219 0.0156623926013708 0.025434497743845 0.0310277100652456 0.0169742312282324 0.0186474751681089 0.0207873675972223 0.0211758781224489 0.0141620961949229 0.0173059459775686 0.0280694328248501 0.0304362550377846 0.0402607433497906 0.0221557375043631 0.0242195557802916 0.0267430823296309 0.0296386927366257 0.0360862240195274 0.0384357869625092 0.0315821282565594 0.0367930606007576 0.0571278817951679 0.0539955906569958 -3.4e+38 -3.4e+38 -3.4e+38 -3.4e+38 -3.4e+38 -3.4e+38
0.059622298926115 0.0484745763242245 0.0314609780907631 0.0290093850344419 0.035186342895031 0.0483438484370708 0.0438228137791157 0.0399859622120857 0.0333766043186188 0.0318142585456371 0.0287277046591043 0.0213290303945541 0.0230784229934216 0.0190223958343267 0.0208312086760998 0.0196911245584488 0.0155703574419022 0.0227829180657864 0.0235286895185709 0.018885213881731 0.0270244833081961 0.0215706937015057 0.0176593735814095 0.0179415661841631 0.0173444449901581 0.0202157460153103 0.0230884607881308 0.0217590518295765 0.032367791980505 0.0218366160988808 0.0162620730698109 0.014638539403677 0.0247655939310789 0.0256692618131638 0.0315557867288589 0.0244855880737305 0.0224541407078505 0.030350785702467 0.066929467022419 0.0802736431360245 0.0499731712043285 0.0306816380470991 0.025095708668232 -3.4e+38 -3.4e+38 -3.4e+38
0.0852662473917007 0.0550514459609985 0.0245565660297871 0.0432952493429184 0.0445560142397881 0.0375829711556435 0.0368984639644623 0.0315746776759624 0.0293459668755531 0.028021153062582 0.0212495271116495 0.0279866047203541 0.0275996029376984 0.0158860869705677 0.0194828920066357 0.0200086142867804 0.0241017658263445 0.0335899852216244 0.0230256263166666 0.0161637887358665 0.0201627109199762 0.0211498737335205 0.0155560914427042 0.0174646843224764 0.0136809395626187 0.0195844322443008 0.0204907283186913 0.0145600195974112 0.0164170172065496 0.0220808293670416 0.0142275849357247 0.0138089982792735 0.0200051888823509 0.0225388612598181 0.0264937095344067 0.0226820446550846 0.0189717523753643 0.0329783894121647 0.0687849745154381 0.0662228986620903 0.0505701191723347 0.0382055640220642 0.0319745875895023 0.0257276389747858 -3.4e+38 -3.4e+38
0.0509169697761536 0.0309955067932606 0.0276086125522852 0.0561879239976406 0.0449568331241608 0.0362351685762405 0.0285027474164963 0.0238898899406195 0.0368306376039982 0.0290386583656073 0.0272871162742376 0.0305311772972345 0.0171325486153364 0.014119709841907 0.0186202991753817 0.0308047346770763 0.0358441881835461 0.0273237824440002 0.0229146238416433 0.0186597928404808 0.0208630207926035 0.0213895905762911 0.0161669012159109 0.0143930232152343 0.0124125508591533 0.0142094967886806 0.0119735402986407 0.0149294333532453 0.0246154461055994 0.0265416335314512 0.0134704541414976 0.0142715219408274 0.0193424895405769 0.0213490482419729 0.0187954716384411 0.022770743817091 0.0200353376567364 0.0499287582933903 0.0528640784323215 0.0493389889597893 0.0360894314944744 0.0273504927754402 0.0337759703397751 0.0306096374988556 -3.4e+38 -3.4e+38
0.0332950353622437 0.0408570393919945 0.0404521785676479 0.0518788136541843 0.0315324924886227 0.0345584899187088 0.0184541195631027 0.0451777279376984 0.0680141374468803 0.0317131355404854 0.0321889854967594 0.0186584070324898 0.0148860961198807 0.0171049293130636 0.0389542169868946 0.040173601359129 0.0272501707077026 0.0224015470594168 0.0204801298677921 0.0223540142178535 0.0196993630379438 0.0165763963013887 0.016265194863081 0.0132976304739714 0.0114631401374936 0.0114062447100878 0.0175198540091515 0.019108647480607 0.0271814148873091 0.0180179383605719 0.0153919272124767 0.0136328721418977 0.0141318123787642 0.0154512003064156 0.0161074548959732 0.0164450723677874 0.0226860214024782 0.0407218486070633 0.0442353375256062 0.034353069961071 0.0213755536824465 0.0275243707001209 0.0275196060538292 0.027792651206255 -3.4e+38 -3.4e+38
0.0467247366905212 0.0518562197685242 0.041653398424387 0.0327638611197472 0.0271603055298328 0.0310852993279696 0.0176493264734745 0.0743730217218399 0.0585732124745846 0.0373077839612961 0.0174824502319098 0.0173133816570044 0.027646616101265 0.0323816426098347 0.0380533263087273 0.0267735049128532 0.023421386256814 0.0195326115936041 0.0201399698853493 0.0203360710293055 0.0239266715943813 0.0152990659698844 0.0138092311099172 0.0109300650656223 0.0140476515516639 0.015807906165719 0.0220793150365353 0.0277798566967249 0.017792159691453 0.0144459391012788 0.0136235971003771 0.012859558686614 0.0118164448067546 0.0185997132211924 0.0146337235346437 0.024995319545269 0.0241018757224083 0.0262133087962866 0.0293385479599237 0.0206351429224014 0.0195437613874674 0.0284906066954136 0.0334718078374863 0.028265580534935 0.0198148842900991 -3.4e+38
0.0527032464742661 0.0407755859196186 0.0336120873689651 0.0245900172740221 0.021081855520606 0.0220900028944016 0.0265547856688499 0.0485683083534241 0.0435149781405926 0.0188752599060535 0.0189097113907337 0.0380294360220432 0.0355901941657066 0.0278830677270889 0.0260550361126661 0.0263896305114031 0.0268550347536802 0.021305475383997 0.0175001043826342 0.0156945306807756 0.0129637718200684 0.0166147034615278 0.0150732435286045 0.0126174800097942 0.0162694156169891 0.0193444397300482 0.0285856388509274 0.0177090261131525 0.013983953744173 0.0128508023917675 0.0108151556923985 0.0100478287786245 0.0139576680958271 0.0145079186186194 0.0277212951332331 0.0349348671734333 0.0215458367019892 0.0202276725322008 0.0229803305119276 0.0225536599755287 0.0200967993587255 0.0265566613525152 0.0359421595931053 0.0189944114536047 0.0187709406018257 0.0158004369586706
0.044352613389492 0.0376295074820518 0.0335163548588753 0.0258047636598349 0.0251731295138597 0.0206951573491096 0.0214869491755962 0.0297469478100538 0.0294007603079081 0.0270252786576748 0.0461486540734768 0.0324552245438099 0.0339024513959885 0.0350900329649448 0.0260748006403446 0.0204245690256357 0.018967479467392 0.0181751158088446 0.0142568070441484 0.0207923632115126 0.0219441317021847 0.0194371752440929 0.0110092060640454 0.0156094022095203 0.0194071866571903 0.0318050608038902 0.0183699745684862 0.0130314966663718 0.0117066018283367 0.0110602490603924 0.00815588235855103 0.00945805385708809 0.0403221473097801 0.0324253924190998 0.0422555394470692 0.0282977763563395 0.0171195454895496 0.0223335828632116 0.021009273827076 0.0314002446830273 0.0244548469781876 0.0214284397661686 0.0201378408819437 0.0163774117827415 0.0184980668127537 0.015539494343102
0.0337166339159012 0.0285022687166929 0.0367317609488964 0.0305667165666819 0.0348668806254864 0.0281257536262274 0.017286378890276 0.0231349933892488 0.0217901598662138 0.0307783056050539 0.0537599660456181 0.037877269089222 0.0298881363123655 0.0281523950397968 0.0288516227155924 0.0212532114237547 0.0177209749817848 0.0224359557032585 0.024609100073576 0.027500169351697 0.0179524514824152 0.0142048206180334 0.0156588815152645 0.018365541473031 0.0305935069918633 0.025491027161479 0.0127150798216462 0.0105339204892516 0.00816645473241806 0.00943292211741209 0.011322520673275 0.0241412743926048 0.04215057939291 0.0366265401244164 0.031185632571578 0.0231906604021788 0.015434286557138 0.0263031683862209 0.0185920018702745 0.0325508788228035 0.0299101583659649 0.0262778084725142 0.0169924963265657 0.019850630313158 0.0208503343164921 0.011894416064024
0.0498012863099575 0.0550928190350533 0.0442202799022198 0.023735398426652 0.0316920690238476 0.0306825805455446 0.0199115164577961 0.0192731451243162 0.0223728585988283 0.0491205789148808 0.0399994403123856 0.0273956805467606 0.0252482686191797 0.0254735127091408 0.0215457957237959 0.0230609700083733 0.0202483013272285 0.027119405567646 0.0244843531399965 0.0215401872992516 0.0188531260937452 0.0174962021410465 0.0214024931192398 0.0268080569803715 0.0297354143112898 0.013103230856359 0.00946780294179916 0.00731800310313702 0.0108721647411585 0.0195915158838034 0.0254568476229906 0.0329249538481236 0.0320627726614475 0.0306270513683558 0.0266229771077633 0.0188198667019606 0.0158566236495972 0.0219337530434132 0.0225680824369192 0.0332300364971161 0.0294231604784727 0.0299681313335896 0.0223443601280451 0.0230370946228504 0.0139215067028999 0.00839227624237537
0.0826841369271278 0.0506328605115414 0.0283774901181459 0.0222824793308973 0.0241749789565802 0.0214613936841488 0.0165230389684439 0.0261317696422338 0.0308015793561935 0.0497565008699894 0.0292030144482851 0.030876474454999 0.0264924354851246 0.0248498134315014 0.0240325760096312 0.0203276816755533 0.0200052335858345 0.0224302019923925 0.0264319106936455 0.0198695827275515 0.0268833842128515 0.0232341457158327 0.0217210743576288 0.0312908887863159 0.015807893127203 0.0100143309682608 0.00694690737873316 0.0105015784502029 0.0210186578333378 0.0232856124639511 0.0282245017588139 0.0278883706778288 0.0267110131680965 0.0269216261804104 0.0217245016247034 0.0146528296172619 0.0191906057298183 0.033846452832222 0.0422141030430794 0.0413901172578335 0.0296729207038879 0.0328216478228569 0.0267257057130337 0.0156542472541332 0.00926383957266808 0.00711549865081906
0.0407756380736828 0.0364288464188576 0.032347310334444 0.0247358754277229 0.0219726022332907 0.0173611659556627 0.028841296210885 0.0358823873102665 0.0275618135929108 0.0341352373361588 0.0267073418945074 0.0185485258698463 0.0289270598441362 0.0289782136678696 0.0215585473924875 0.0141535345464945 0.0146248610690236 0.0184261966496706 0.0195293091237545 0.015508022159338 0.0215767882764339 0.0221270155161619 0.0195197928696871 0.0155322374776006 0.00992525927722454 0.00789758749306202 0.00974536594003439 0.0190247390419245 0.0216069035232067 0.0229446515440941 0.0247980076819658 0.0256644636392593 0.0270859021693468 0.0230968464165926 0.019473547115922 0.0157098788768053 0.0186669137328863 0.0343092158436775 0.0439600236713886 0.0344300344586372 0.0238930117338896 0.0262811128050089 0.0206548273563385 0.0105490544810891 0.00787128694355488 0.00650489563122392
0.032101146876812 0.0341002605855465 0.0249054320156574 0.0247422400861979 0.0348336957395077 0.0266354065388441 0.0241176299750805 0.0260851550847292 0.0295992009341717 0.0225688442587852 0.0212741941213608 0.0196020435541868 0.019114974886179 0.0172100923955441 0.0176590140908957 0.0221389066427946 0.0178877934813499 0.0211163274943829 0.0188081599771976 0.0188835915178061 0.0177434850484133 0.0193193107843399 0.01582689024508 0.0104636652395129 0.00726903835311532 0.0114104207605124 0.0203110557049513 0.0208179205656052 0.0221079234033823 0.0209616962820292 0.020130543038249 0.0274404007941484 0.0310684442520142 0.0221660993993282 0.01917271502316 0.0178717225790024 0.021800497546792 0.0250681675970554 0.0425028949975967 0.0235016122460365 0.0285138003528118 0.019288681447506 0.0126474630087614 0.00992841925472021 0.00741530163213611 0.00627790205180645
0.0334769785404205 0.0286032371222973 0.0243440810590982 0.0341031327843666 0.0485146529972553 0.034924041479826 0.0273416340351105 0.024979755282402 0.023714343085885 0.019434342160821 0.0308764073997736 0.021408362314105 0.0318250469863415 0.0283166393637657 0.0283166784793139 0.0324657596647739 0.0290681775659323 0.0329870134592056 0.0245534237474203 0.0176559742540121 0.0234233923256397 0.0326786749064922 0.0166971497237682 0.00860441848635674 0.00701313512399793 0.0171697828918695 0.0208799205720425 0.0206540450453758 0.0204305592924356 0.0193498115986586 0.0199941322207451 0.0302663240581751 0.0260250922292471 0.0203438457101583 0.0204688273370266 0.0207067355513573 0.0228282883763313 0.0230989269912243 0.0311494916677475 0.0264952685683966 0.016831710934639 0.0133148645982146 0.00991707295179367 0.0126529643312097 0.00648085307329893 0.00627469178289175
0.0296611301600933 0.0329918339848518 0.0280279442667961 0.0465237870812416 0.050795242190361 0.043089397251606 0.0189944542944431 0.0219662990421057 0.0201155375689268 0.0239282958209515 0.0328681208193302 0.0277507826685905 0.032859779894352 0.0246028359979391 0.0228992737829685 0.0224492233246565 0.0226942766457796 0.0217921901494265 0.0174331814050674 0.0263206046074629 0.0212801415473223 0.0210517961531878 0.0122122159227729 0.00796724483370781 0.00664801895618439 0.0162267666310072 0.0215923525393009 0.0206944607198238 0.0190653577446938 0.0199906714260578 0.0211675055325031 0.0225895382463932 0.0206312648952007 0.018952114507556 0.0214188862591982 0.0207895934581757 0.0212882589548826 0.0252639949321747 0.0209046211093664 0.017686702311039 0.0114466156810522 0.00869476515799761 0.0159978177398443 0.00991966295987368 0.006290921010077 0.00720822531729937
0.0194250978529453 0.0219558775424957 0.0327024273574352 0.04885658249259 0.0474012047052383 0.021926511079073 0.0205296836793423 0.0282753854990005 0.025637062266469 0.0272127129137516 0.0256825536489487 0.0250072460621595 0.0258830189704895 0.0221917163580656 0.0220621731132269 0.0233125556260347 0.0237934365868568 0.0185585059225559 0.0328935943543911 0.0190580971539021 0.0182433389127254 0.0228971913456917 0.0143035976216197 0.00858080573379993 0.00655594235286117 0.0139139872044325 0.0223988015204668 0.01916135661304 0.0181109718978405 0.0202146954834461 0.0210904199630022 0.0206734016537666 0.0224577262997627 0.0177503023296595 0.0173345524817705 0.017559178173542 0.0192315820604563 0.0204009599983692 0.0180984772741795 0.0122636752203107 0.0121059566736221 0.00984218344092369 0.0117753157392144 0.0086723817512393 0.00748985866084695 0.00778520526364446
0.0352937243878841 0.0282342154532671 0.0262621827423573 0.0395080521702766 0.0242233145982027 0.0149204209446907 0.0326008051633835 0.0260169673711061 0.0237929634749889 0.0362957306206226 0.0242157727479935 0.0214120913296938 0.0386160761117935 0.0330256372690201 0.0274441801011562 0.0239634290337563 0.0147038996219635 0.0316603183746338 0.0391477346420288 0.014398998580873 0.0180147886276245 0.0217368267476559 0.0190538037568331 0.0086512491106987 0.00681102462112904 0.0201563239097595 0.021854305639863 0.0187722910195589 0.0185135137289762 0.019412575289607 0.019799554720521 0.0220032315701246 0.0242789760231972 0.0174904391169548 0.0151497609913349 0.0156070068478584 0.0154649307951331 0.0160915069282055 0.0137258218601346 0.0104602314531803 0.00835427641868591 0.0119318878278136 0.00932581909000874 0.00893823988735676 0.00914743077009916 0.00860925950109959
