output/projections/01_cur/Scinax nebulosus.asc
NCOLS 168 
NROWS 144 
XLLCORNER -41.0001394455 
YLLCORNER -8.00013921734823 
CELLSIZE 0.0416666665 
NODATA_value -3.4e+38 
[rows 80 to 99 of 144, columns 46 to 91 of 168]
0.0317216999828815 0.0324696935713291 0.0191884189844131 0.0245434008538723 0.0335021056234837 0.0215502232313156 0.035309337079525 0.0209747217595577 0.0298773199319839 0.0282801762223244 0.0270867384970188 0.0278940591961145 0.0302185900509357 0.0274040643125772 0.0259780902415514 0.0194250196218491 0.0235011037439108 0.0436873212456703 0.0171778798103333 0.0113077079877257 0.021003745496273 0.0253230445086956 0.0228391364216805 0.0118817882612348 0.00717099430039525 0.011714993044734 0.0198012199252844 0.0174995083361864 0.0185498204082251 0.0196435339748859 0.0218728967010975 0.0186925064772367 0.0144193358719349 0.0183095820248127 0.0179695766419172 0.0167459230870008 0.01625588349998 0.0143282767385244 0.00889045465737581 0.00985490716993809 0.013235486112535 0.0137447277083993 0.00806789565831423 0.00879867561161518 0.0106701664626598 0.00974745769053698
0.0318985246121883 0.042508952319622 0.0261861588805914 0.0233384966850281 0.0382405035197735 0.0386124588549137 0.0273710861802101 0.0247164592146873 0.0329456627368927 0.0325251631438732 0.0304023120552301 0.0291244685649872 0.0333235859870911 0.0309987533837557 0.0200592149049044 0.0251992009580135 0.0414944738149643 0.0230589974671602 0.014088318683207 0.0110848238691688 0.0127706127241254 0.0212388467043638 0.0273701567202806 0.0110074691474438 0.0116988457739353 0.0087103508412838 0.0192235186696053 0.0168032795190811 0.0177081171423197 0.0212793815881014 0.0224864184856415 0.0158759672194719 0.0114232422783971 0.0123725961893797 0.0173908937722445 0.0187674835324287 0.0181975904852152 0.0124918511137366 0.00681280950084329 0.0112202158197761 0.0129362642765045 0.0125433662906289 0.00890784524381161 0.0084565719589591 0.00923682749271393 0.0101360827684402
0.0325025096535683 0.0441016219556332 0.0306704565882683 0.0213601887226105 0.0456803292036057 0.0374348945915699 0.0273433513939381 0.0327050685882568 0.0349252410233021 0.0269317515194416 0.0326537787914276 0.0311556309461594 0.0266893189400434 0.0256370063871145 0.0327772870659828 0.0340625420212746 0.0221690908074379 0.0171793289482594 0.0168254524469376 0.011466939933598 0.0113106416538358 0.018263828009367 0.0347392857074738 0.0128721054643393 0.0104118632152677 0.0087103508412838 0.0200027469545603 0.01727563329041 0.0158489029854536 0.0197037905454636 0.0205386504530907 0.016816146671772 0.0158610716462135 0.013447972945869 0.0138273322954774 0.0145905055105686 0.0129861943423748 0.00757443299517035 0.008150989189744 0.0132911875844002 0.0120089538395405 0.0136557137593627 0.00945967994630337 0.00875946693122387 0.00923682749271393 0.0106565235182643
0.0406388677656651 0.0546139255166054 0.0266107153147459 0.029491750523448 0.0402995720505714 0.0327985659241676 0.0328950472176075 0.0357943698763847 0.040758240967989 0.0234686620533466 0.0196540076285601 0.0278423428535461 0.032489612698555 0.0396475195884705 0.0325824432075024 0.0210943073034286 0.0158117096871138 0.0235708188265562 0.025101263076067 0.012569791637361 0.0101772164925933 0.0139756174758077 0.0328719057142735 0.0183730609714985 0.0126838572323322 0.00851255096495152 0.0199636556208134 0.0186432730406523 0.0150376316159964 0.015975296497345 0.0177792180329561 0.0186068117618561 0.0160039253532887 0.0142355374991894 0.0162753891199827 0.0163394305855036 0.0121998647227883 0.00757056474685669 0.0111224809661508 0.0119997365400195 0.0132809989154339 0.0142367919906974 0.0107538485899568 0.00925592519342899 0.0101065412163734 0.011655299924314
0.0531324036419392 0.047451313585043 0.0397350639104843 0.0400842316448689 0.035212080925703 0.0298011619597673 0.0295413099229336 0.0323201231658459 0.0360076278448105 0.0392453707754612 0.0191096570342779 0.0192468464374542 0.0254104230552912 0.0323234461247921 0.0182258598506451 0.0143678756430745 0.0186616349965334 0.0352402217686176 0.0254239290952682 0.0117125110700727 0.0109149580821395 0.012220423668623 0.0227485559880733 0.026672251522541 0.0202387813478708 0.00901136081665754 0.0184647683054209 0.0216880775988102 0.0168205089867115 0.0155074521899223 0.0152629483491182 0.0163757931441069 0.0167989674955606 0.0186750441789627 0.018383102491498 0.0112974867224693 0.0076908003538847 0.00849404837936163 0.0116699244827032 0.0110038444399834 0.0140854092314839 0.015264293178916 0.0128527628257871 0.00893835444003344 0.0112235732376575 0.0143633298575878
0.050790011882782 0.0393527895212173 0.0336541943252087 0.0391203835606575 0.0365130640566349 0.0274450518190861 0.0293057933449745 0.0249010846018791 0.0262325741350651 0.0353712923824787 0.025782585144043 0.0192795041948557 0.01822429895401 0.0143531411886215 0.0251366700977087 0.0117645366117358 0.0216431170701981 0.0366444289684296 0.0201932676136494 0.0120197832584381 0.0113729974254966 0.0120394891127944 0.0143476082012057 0.028216976672411 0.0307645946741104 0.0146555937826633 0.0160710662603378 0.0137801477685571 0.0193236712366343 0.017208032310009 0.0171056054532528 0.0169660449028015 0.0167660526931286 0.0158299654722214 0.0110113462433219 0.0105496179312468 0.00836781784892082 0.00988132134079933 0.0117896758019924 0.0129220485687256 0.016791945323348 0.0208908710628748 0.0155934328213334 0.00908248871564865 0.0119734313338995 0.0180522818118334
0.0491098091006279 0.0411355085670948 0.0329354517161846 0.033684317022562 0.0385920032858849 0.0295660980045795 0.0289889089763165 0.0273109264671803 0.0249009970575571 0.0283699873834848 0.0271224491298199 0.015631316229701 0.0209123250097036 0.0183739922940731 0.017609054222703 0.0155116496607661 0.0285991914570332 0.0253788847476244 0.0216835290193558 0.010678636841476 0.0115232886746526 0.0149436360225081 0.0145366312935948 0.0296705160290003 0.0276336912065744 0.0341863855719566 0.0177444163709879 0.0123885665088892 0.0200607106089592 0.0172918811440468 0.0217933300882578 0.0239482447504997 0.0170138422399759 0.00899146776646376 0.00867198593914509 0.010456764139235 0.00924824830144644 0.0104045569896698 0.0151954106986523 0.0210405718535185 0.0233335457742214 0.0244455840438604 0.0138542922213674 0.00950671173632145 0.00902797095477581 0.014608908444643
0.0506479851901531 0.0404362864792347 0.0412177629768848 0.0433829054236412 0.0341076329350471 0.0258641615509987 0.0272050704807043 0.0275540146976709 0.030565544962883 0.0285114757716656 0.0260029118508101 0.0168460868299007 0.0155886793509126 0.023966945707798 0.0117786806076765 0.0479427874088287 0.0308351423591375 0.0251240599900484 0.0340763181447983 0.0118794646114111 0.00941905938088894 0.0135841779410839 0.0116336261853576 0.0300856158137321 0.0577615238726139 0.0448952130973339 0.0232004951685667 0.0174801088869572 0.0146630695089698 0.0131575567647815 0.016417695209384 0.0140335354954004 0.00972702726721764 0.00793293304741383 0.00816786102950573 0.0116479434072971 0.0106169395148754 0.00947440229356289 0.0152839180082083 0.0150737641379237 0.0159822218120098 0.0167656559497118 0.0177243705838919 0.0146352201700211 0.00894759315997362 0.0108504127711058
0.0478237494826317 0.031644944101572 0.0314328707754612 0.0272204652428627 0.0292383525520563 0.0263051278889179 0.0361857376992702 0.0386831648647785 0.0283222738653421 0.0357223339378834 0.0233626570552588 0.0202316474169493 0.013434486463666 0.0203306321054697 0.0103877317160368 0.100067868828773 0.0362597107887268 0.0286669600754976 0.0467656031250954 0.0101991277188063 0.0112749440595508 0.0220700744539499 0.0126727540045977 0.0297907758504152 0.0446986258029938 0.0200004950165749 0.0355234183371067 0.0360653251409531 0.0314673222601414 0.0259958952665329 0.0163031108677387 0.0148887224495411 0.0102468924596906 0.00915429648011923 0.00747340312227607 0.0131407743319869 0.0115465112030506 0.0100054899230599 0.0134631497785449 0.0155541198328137 0.0285459607839584 0.0214513726532459 0.0218780878931284 0.0173254478722811 0.00992756616324186 0.010958987288177
0.0490353852510452 0.0367366895079613 0.0244417637586594 0.0349291563034058 0.0386758893728256 0.0417456477880478 0.0428813137114048 0.0358992591500282 0.0307150408625603 0.0220216494053602 0.023206839337945 0.0235296450555325 0.0165230166167021 0.0124217802658677 0.0152087658643723 0.121694914996624 0.0385914072394371 0.0774461701512337 0.0383022502064705 0.0130192460492253 0.0102498317137361 0.0158891230821609 0.0129404570907354 0.0186874885112047 0.0269329845905304 0.0512317754328251 0.047526340931654 0.0483102537691593 0.0407575219869614 0.0358236245810986 0.0272482298314571 0.0158687196671963 0.0135516235604882 0.013257822021842 0.0104176104068756 0.00966539140790701 0.00960975047200918 0.0126885063946247 0.0239832196384668 0.0290363058447838 0.0371635742485523 0.0305835083127022 0.025336604565382 0.0152040859684348 0.010958987288177 0.0188923664391041
0.0331814363598824 0.0354585237801075 0.0356202833354473 0.0462384596467018 0.0403554402291775 0.0328774750232697 0.0483612567186356 0.034308236092329 0.0239194985479116 0.0205331388860941 0.0197623688727617 0.027672940865159 0.0181016903370619 0.0118047315627337 0.0405575409531593 0.130321711301804 0.0313293263316154 0.0498883463442326 0.0293288975954056 0.0168610811233521 0.0114190019667149 0.0175259113311768 0.0129370884969831 0.0160693284124136 0.0223794169723988 0.042091216892004 0.0303014330565929 0.0237335283309221 0.0317864455282688 0.0388636216521263 0.0185051113367081 0.0168113969266415 0.019407132640481 0.0133296204730868 0.0148266684263945 0.0118295336142182 0.0140831870958209 0.0175536796450615 0.0312422551214695 0.0426019355654716 0.0316162966191769 0.0246014297008514 0.0225166492164135 0.0177486855536699 0.0129169439896941 0.0283151660114527
0.0423000752925873 0.0402269251644611 0.0566085204482079 0.0528229810297489 0.0348910689353943 0.0290688965469599 0.0362694449722767 0.0412174724042416 0.0246891360729933 0.0300933849066496 0.0209260508418083 0.0213897693902254 0.0209760013967752 0.0155682414770126 0.0490731857717037 0.111259907484055 0.046027809381485 0.0625861585140228 0.0210443921387196 0.0275550056248903 0.0133238108828664 0.0153632527217269 0.0149449938908219 0.0272669270634651 0.0291429664939642 0.0410777926445007 0.0306862872093916 0.0366725102066994 0.0256251096725464 0.0197754818946123 0.0162444915622473 0.0296005662530661 0.0214239545166492 0.0157702770084143 0.0211996473371983 0.0137889450415969 0.0195383355021477 0.0326226018369198 0.0301137305796146 0.0330386757850647 0.0318376682698727 0.0319314152002335 0.0297583062201738 0.0166262052953243 0.0165145378559828 0.025697099044919
0.0448269061744213 0.0696753039956093 0.059633731842041 0.0356857888400555 0.0396654680371284 0.0271769370883703 0.0479120388627052 0.0376342907547951 0.0357124656438828 0.0376888029277325 0.0287698693573475 0.0211171936243773 0.0207702685147524 0.0170647539198399 0.0611821636557579 0.186874449253082 0.192798733711243 0.0407595410943031 0.0217660423368216 0.0336383208632469 0.0216004401445389 0.0169800668954849 0.0178273413330317 0.0351437069475651 0.0384188964962959 0.0340966805815697 0.0305933840572834 0.0202296283096075 0.0164355114102364 0.0158309489488602 0.0232578404247761 0.0383230820298195 0.0233902335166931 0.0197655763477087 0.0240047033876181 0.0200432818382978 0.0321818739175797 0.0299973860383034 0.0330719910562038 0.0300858858972788 0.0333002805709839 0.0239155031740665 0.0178199205547571 0.014912380836904 0.0235695745795965 0.0166461020708084
0.0568919219076633 0.0811967477202415 0.0511662401258945 0.0625856965780258 0.0350023470818996 0.0296277478337288 0.0504560172557831 0.0449616871774197 0.0353674180805683 0.0459038093686104 0.0304500032216311 0.0212431214749813 0.0194406267255545 0.019398370757699 0.125143185257912 0.234011217951775 0.194954365491867 0.0351513214409351 0.0257372464984655 0.0353904627263546 0.0187793169170618 0.0378460884094238 0.0440436042845249 0.0482900105416775 0.0422803163528442 0.0309245269745588 0.0206168256700039 0.0211779531091452 0.024073826149106 0.0240962784737349 0.029008325189352 0.0373688265681267 0.0298134069889784 0.0164147224277258 0.0365230776369572 0.0349943116307259 0.0373377464711666 0.0284227449446917 0.0271706469357014 0.0259721968322992 0.020938441157341 0.0155165297910571 0.0143855726346374 0.0373756773769855 0.0214279741048813 0.012456176802516
0.0698388889431953 0.060629565268755 0.0744794681668282 0.06079276278615 0.0436345376074314 0.0379470176994801 0.0453622043132782 0.0466802269220352 0.0472668297588825 0.0489314869046211 0.0261440891772509 0.0249940920621157 0.0276335142552853 0.0223495382815599 0.0677721053361893 0.171488434076309 0.0730273649096489 0.0357777550816536 0.0380001254379749 0.0246483981609344 0.0184496603906155 0.0321196727454662 0.0884025767445564 0.0389091297984123 0.0238524284213781 0.0190553199499846 0.0274053551256657 0.028840122744441 0.0288668889552355 0.0395736880600452 0.0422596819698811 0.0376948565244675 0.0201989151537418 0.0197926349937916 0.0381509773433208 0.0467199571430683 0.0340484231710434 0.0269330572336912 0.025928407907486 0.0248316787183285 0.0200127474963665 0.0139636043459177 0.0381865985691547 0.035944540053606 0.0138838095590472 0.0117750521749258
0.0747194439172745 0.0716474056243896 0.0859274193644524 0.0488820523023605 0.0632560774683952 0.0347395725548267 0.0550591759383678 0.0622724927961826 0.0583251416683197 0.0366995632648468 0.031538650393486 0.0264688339084387 0.059808112680912 0.0237423237413168 0.168879017233849 0.109217368066311 0.11771634966135 0.0554383397102356 0.0339132249355316 0.020854203030467 0.0484247207641602 0.0390121228992939 0.0232557132840157 0.0345918387174606 0.0200687982141972 0.0536998547613621 0.173188894987106 0.0384833700954914 0.0430535450577736 0.0596897564828396 0.0347429327666759 0.0271384436637163 0.0200245287269354 0.0247582420706749 0.0379763431847095 0.0447101667523384 0.0298261102288961 0.0347315967082977 0.0282127633690834 0.033860769122839 0.0262903776019812 0.0155005352571607 0.0253648180514574 0.0137502374127507 0.0137832816690207 0.0162640102207661
0.0722096264362335 0.110703267157078 0.089489221572876 0.0454178564250469 0.0927296802401543 0.0491653010249138 0.0567026622593403 0.0642991662025452 0.0514249429106712 0.0335996598005295 0.0268417652696371 0.0321040190756321 0.029866760596633 0.0369450226426125 0.320058047771454 0.328389942646027 0.0980690568685532 0.0478083193302155 0.030374588444829 0.0281474106013775 0.0547114312648773 0.0237088650465012 0.0183313712477684 0.0733854621648788 0.0836376771330833 0.158071219921112 0.29776793718338 0.0553227663040161 0.109001770615578 0.0714652836322784 0.0352293848991394 0.0251211319118738 0.0183250661939383 0.0296558849513531 0.0412016361951828 0.0488603822886944 0.0396663472056389 0.0436873473227024 0.0352768003940582 0.0272097941488028 0.0195101965218782 0.0160349104553461 0.0136716440320015 0.0182145461440086 0.0435136072337627 0.0608943849802017
0.0617299601435661 0.0654355138540268 0.0873146131634712 0.0548104308545589 0.108878865838051 0.0692377015948296 0.0717332288622856 0.0511422455310822 0.0383447930216789 0.0246843378990889 0.0246698502451181 0.0386999249458313 0.0199859272688627 0.133295968174934 0.309309601783752 0.222351849079132 0.26604899764061 0.142851203680038 0.0788466110825539 0.0431809835135937 0.0320861525833607 0.0205708872526884 0.0198206976056099 0.0183657854795456 0.0325522683560848 0.110885553061962 0.149955034255981 0.232688501477242 0.217280715703964 0.0558280795812607 0.0435642674565315 0.0279874950647354 0.0274775214493275 0.0329585075378418 0.0408909283578396 0.0535541251301765 0.0504199005663395 0.0347664654254913 0.0270768459886312 0.0383907034993172 0.0218580104410648 0.0209689065814018 0.019998786970973 0.0214950311928988 0.0394368954002857 0.104005411267281
0.0478070937097073 0.045053169131279 0.0992652177810669 0.055438719689846 0.122278317809105 0.0934841111302376 0.0866247117519379 0.0671095624566078 0.0295404512435198 0.0275348518043756 0.0272230785340071 0.0525465905666351 0.0261714793741703 0.196257427334785 0.136577650904655 0.309186220169067 0.161097586154938 0.151196971535683 0.0575102157890797 0.0475405603647232 0.0392439104616642 0.0252759102731943 0.0282141398638487 0.025190781801939 0.0190167669206858 0.0205108281224966 0.0674313753843307 0.208593115210533 0.351770550012589 0.131967946887016 0.0468285344541073 0.0319476425647736 0.0339375436306 0.0273019578307867 0.043054111301899 0.077294684946537 0.0517961457371712 0.0450188964605331 0.0371078960597515 0.0424996428191662 0.0323527082800865 0.0323908925056458 0.0246247239410877 0.0226261019706726 0.0289795473217964 0.0528727062046528
0.0364676266908646 0.0408569052815437 0.114756762981415 0.0486771389842033 0.1285789757967 0.0991862788796425 0.090362012386322 0.0713237971067429 0.0237836558371782 0.0323330350220203 0.0326550602912903 0.0237537678331137 0.0872574597597122 0.197066158056259 0.212289020419121 0.266889423131943 0.150965377688408 0.122700542211533 0.039602268487215 0.0727111920714378 0.0431058704853058 0.0305028352886438 0.0303086265921593 0.0303138177841902 0.022567892447114 0.0440085977315903 0.116128221154213 0.141344875097275 0.179902121424675 0.0555819012224674 0.0276987254619598 0.0385900512337685 0.036125510931015 0.0293012131005526 0.134061232209206 0.0778660774230957 0.0733485966920853 0.0442052371799946 0.0354545377194881 0.035009142011404 0.0324806645512581 0.0284949596971273 0.0286611672490835 0.0291754361242056 0.041442409157753 0.0466546975076199
