output/projections/01_cur/Sclerurus cearensis.asc
NCOLS 168 
NROWS 144 
XLLCORNER -41.0001394455 
YLLCORNER -8.00013921734823 
CELLSIZE 0.0416666665 
NODATA_value -3.4e+38 
[rows 105 to 125 of 144, columns 47 to 93 of 168]
0.17657807469368 0.163069128990173 0.201457738876343 0.196428015828133 0.163366064429283 0.152447760105133 0.13370680809021 0.127445504069328 0.129887878894806 0.263711392879486 0.465795785188675 0.511866211891174 0.196581453084946 0.231172949075699 0.204710900783539 0.35264053940773 0.235532566905022 0.16592700779438 0.168356910347939 0.137051537632942 0.203786820173264 0.152736812829971 0.150475353002548 0.228113114833832 0.156541496515274 0.139070853590965 0.162593275308609 0.193021506071091 0.218417301774025 0.196888521313667 0.176366627216339 0.175274521112442 0.182118088006973 0.156857892870903 0.150677293539047 0.187054365873337 0.190791472792625 0.184275910258293 0.175686791539192 0.163732498884201 0.131226286292076 0.137539774179459 0.160724133253098 0.163961827754974 0.139647990465164 0.129434898495674 0.122124738991261
0.206324324011803 0.230024248361588 0.20763935148716 0.170148298144341 0.168256059288979 0.16522678732872 0.125517189502716 0.164358213543892 0.127650216221809 0.169642880558968 0.369672805070877 0.278968960046768 0.239634066820145 0.137485310435295 0.170083820819855 0.257299333810806 0.201267629861832 0.166837841272354 0.157597929239273 0.151996418833733 0.153599888086319 0.146592825651169 0.171252235770226 0.227940320968628 0.183375552296638 0.171509131789207 0.15667986869812 0.146494463086128 0.176890447735786 0.185447007417679 0.178331479430199 0.172849848866463 0.170304611325264 0.144702881574631 0.158579260110855 0.193833455443382 0.170596808195114 0.167859792709351 0.162217557430267 0.143472924828529 0.134151667356491 0.128941878676414 0.145107075572014 0.144582465291023 0.152640223503113 0.129165172576904 0.101802743971348
0.224219337105751 0.215745121240616 0.186126828193665 0.15662956237793 0.165655717253685 0.157347992062569 0.124981313943863 0.1553945094347 0.12799845635891 0.197877079248428 0.142139986157417 0.322198152542114 0.19879224896431 0.140079334378242 0.21385270357132 0.174701780080795 0.163769543170929 0.185186460614204 0.1731166690588 0.189552992582321 0.150183245539665 0.141873091459274 0.192505851387978 0.210184544324875 0.202829420566559 0.184119492769241 0.16381661593914 0.16425047814846 0.163060158491135 0.183506980538368 0.174167603254318 0.155139610171318 0.166417151689529 0.175496116280556 0.161069720983505 0.159491926431656 0.168657049536705 0.149444922804832 0.137677207589149 0.137471839785576 0.137341752648354 0.135153546929359 0.129362210631371 0.144259691238403 0.131686717271805 0.109471395611763 0.109795212745667
0.208590239286423 0.196337729692459 0.180962681770325 0.137507021427155 0.177992135286331 0.214545279741287 0.153121128678322 0.136683985590935 0.145966842770576 0.139325886964798 0.285612255334854 0.211280584335327 0.165836498141289 0.164049029350281 0.178338095545769 0.133735418319702 0.135980620980263 0.161786898970604 0.214073732495308 0.146896049380302 0.145516201853752 0.170344829559326 0.224102944135666 0.166324034333229 0.17489318549633 0.198153257369995 0.189707204699516 0.164674088358879 0.157762214541435 0.158302873373032 0.171118423342705 0.174380481243134 0.13731224834919 0.148970648646355 0.190520226955414 0.168470978736877 0.145580559968948 0.138518840074539 0.143422707915306 0.150475233793259 0.128226697444916 0.15036278963089 0.133189469575882 0.131699562072754 0.113121680915356 0.109188064932823 0.110174082219601
0.201578915119171 0.191685602068901 0.16699306666851 0.125893384218216 0.127934917807579 0.189546585083008 0.171327248215675 0.172520816326141 0.203955665230751 0.165206208825111 0.19002178311348 0.172983884811401 0.15259738266468 0.173338681459427 0.137183636426926 0.127328842878342 0.196673378348351 0.208616599440575 0.165066808462143 0.153309807181358 0.152691781520844 0.170196250081062 0.154218286275864 0.168421640992165 0.150931477546692 0.188141286373138 0.197213500738144 0.18184632062912 0.160766705870628 0.148843199014664 0.146785795688629 0.185445412993431 0.172797575592995 0.155794367194176 0.156710371375084 0.135116443037987 0.127958238124847 0.167195290327072 0.165764912962914 0.160800814628601 0.128119006752968 0.135062217712402 0.144418507814407 0.126762941479683 0.106120586395264 0.111657060682774 0.112217247486115
0.201612502336502 0.201987624168396 0.157871887087822 0.129731729626656 0.125015690922737 0.124179244041443 0.151097655296326 0.167071595788002 0.165631502866745 0.157911866903305 0.180892631411552 0.177869528532028 0.157246142625809 0.149380788207054 0.136271297931671 0.145715564489365 0.197540521621704 0.204015716910362 0.16486981511116 0.16639743745327 0.157057970762253 0.155066147446632 0.155892074108124 0.13531219959259 0.143494486808777 0.338113963603973 0.235636666417122 0.195319607853889 0.150936990976334 0.128369152545929 0.204537615180016 0.193167582154274 0.185142397880554 0.154156804084778 0.137441575527191 0.133205056190491 0.135506018996239 0.179862171411514 0.181659132242203 0.163786128163338 0.12787838280201 0.112338788807392 0.124670594930649 0.130590081214905 0.110520482063293 0.108659513294697 0.115763649344444
0.194513097405434 0.175678133964539 0.15910293161869 0.136186614632607 0.134745225310326 0.13404892385006 0.136518687009811 0.167715936899185 0.148518040776253 0.172096446156502 0.172845765948296 0.169644609093666 0.15180729329586 0.142090559005737 0.168491512537003 0.158918544650078 0.188318580389023 0.185954749584198 0.180971339344978 0.17305201292038 0.145233049988747 0.205489158630371 0.157233119010925 0.12823460996151 0.128835842013359 0.174928307533264 0.252728223800659 0.213660389184952 0.174793839454651 0.128319442272186 0.201298668980598 0.162918284535408 0.152908772230148 0.136088952422142 0.136215075850487 0.130899488925934 0.143473550677299 0.149926602840424 0.174670964479446 0.187101855874062 0.129838392138481 0.117781274020672 0.136617317795753 0.129774436354637 0.112643718719482 0.108820863068104 0.108789190649986
0.192379713058472 0.172592520713806 0.154626712203026 0.161183476448059 0.15609784424305 0.143534973263741 0.143064394593239 0.159935772418976 0.168118506669998 0.191080078482628 0.180226281285286 0.16256120800972 0.151731237769127 0.168441668152809 0.184461131691933 0.175555720925331 0.169108837842941 0.160277605056763 0.16576674580574 0.146196126937866 0.183915466070175 0.188329368829727 0.183416247367859 0.130596965551376 0.137726411223412 0.179972469806671 0.176141232252121 0.171406924724579 0.163909941911697 0.148425921797752 0.163224294781685 0.140315547585487 0.14045724272728 0.128189593553543 0.132238924503326 0.128578960895538 0.192545980215073 0.208893969655037 0.202843055129051 0.146282806992531 0.116315148770809 0.126735270023346 0.142594024538994 0.126769036054611 0.116592012345791 0.114337235689163 0.110086239874363
0.185888230800629 0.165427416563034 0.140749648213387 0.150093421339989 0.168333023786545 0.177469506859779 0.145912349224091 0.152820467948914 0.169874981045723 0.197070211172104 0.19681353867054 0.185899138450623 0.171289995312691 0.173703283071518 0.173924431204796 0.184954583644867 0.175756573677063 0.164921969175339 0.160423114895821 0.15833668410778 0.163423150777817 0.152011334896088 0.145358711481094 0.152494326233864 0.154361858963966 0.18265163898468 0.177352041006088 0.173554539680481 0.155749097466469 0.147497043013573 0.137221395969391 0.141346648335457 0.151322454214096 0.128119602799416 0.12841409444809 0.152477562427521 0.194735810160637 0.212750151753426 0.185798034071922 0.117809809744358 0.111689455807209 0.117371566593647 0.138983681797981 0.12895330786705 0.11545829474926 0.117296129465103 0.111940965056419
0.185119017958641 0.150435283780098 0.138601362705231 0.160537332296371 0.1441520601511 0.167427733540535 0.178100094199181 0.152077823877335 0.151872783899307 0.17488819360733 0.229544937610626 0.204652920365334 0.19104191660881 0.195083394646645 0.189379155635834 0.189070492982864 0.192071050405502 0.184879973530769 0.182629600167274 0.181702166795731 0.179434910416603 0.162425860762596 0.139950856566429 0.163787215948105 0.154535159468651 0.194089710712433 0.169430091977119 0.147278532385826 0.138821497559547 0.134631603956223 0.13623072206974 0.165900066494942 0.149982482194901 0.132200241088867 0.135068953037262 0.161433845758438 0.211496666073799 0.203100711107254 0.159502252936363 0.10627568513155 0.112532764673233 0.115347571671009 0.126812025904655 0.131064891815186 0.110330186784267 0.111934408545494 0.114247165620327
0.18910825252533 0.149332210421562 0.133165210485458 0.153952986001968 0.150256603956223 0.153467565774918 0.183743372559547 0.163553819060326 0.156508445739746 0.17226205766201 0.176462471485138 0.192474514245987 0.222841843962669 0.231021478772163 0.21927635371685 0.194106087088585 0.195527642965317 0.191722258925438 0.187951847910881 0.182524800300598 0.180265367031097 0.166838601231575 0.158916637301445 0.166877642273903 0.167705923318863 0.163116499781609 0.145614191889763 0.15796072781086 0.161461114883423 0.133654877543449 0.138774439692497 0.177519381046295 0.159570023417473 0.160275816917419 0.130022644996643 0.128595948219299 0.190012127161026 0.207426488399506 0.143916487693787 0.113661088049412 0.104922652244568 0.107695206999779 0.122214779257774 0.136785805225372 0.106569364666939 0.105126596987247 0.12600289285183
0.189061895012856 0.142181918025017 0.152453631162643 0.184913158416748 0.178663834929466 0.179545894265175 0.219503685832024 0.168445080518723 0.171196907758713 0.171601146459579 0.172285601496696 0.185842290520668 0.189161866903305 0.206815823912621 0.209574371576309 0.204086676239967 0.215469121932983 0.183094337582588 0.210896119475365 0.19022037088871 0.204470157623291 0.184380307793617 0.1853187084198 0.189967900514603 0.164369016885757 0.171819046139717 0.167066648602486 0.174325808882713 0.162601456046104 0.145157665014267 0.150479882955551 0.171071246266365 0.209726899862289 0.168014481663704 0.139716789126396 0.138473242521286 0.190368220210075 0.160807326436043 0.138662338256836 0.115030080080032 0.109857961535454 0.10383815318346 0.113866850733757 0.120680667459965 0.11013451218605 0.108304217457771 0.103708282113075
0.193628877401352 0.142909198999405 0.132885739207268 0.138234794139862 0.129870429635048 0.139192640781403 0.216863557696342 0.186148673295975 0.191131964325905 0.165737882256508 0.180425032973289 0.179860517382622 0.193794295191765 0.206707820296288 0.211412250995636 0.211570397019386 0.174877166748047 0.167874589562416 0.206452995538712 0.241970628499985 0.213451743125916 0.210207745432854 0.218957707285881 0.173543408513069 0.165835246443748 0.205604046583176 0.19424232840538 0.185234785079956 0.157321766018867 0.162009075284004 0.166216760873795 0.180211246013641 0.197715222835541 0.176769599318504 0.149883523583412 0.143937200307846 0.190345957875252 0.155450686812401 0.124953702092171 0.109741978347301 0.115030616521835 0.10507744550705 0.104076080024242 0.118473269045353 0.125445351004601 0.120357014238834 0.101979523897171
0.167897403240204 0.145600840449333 0.134506538510323 0.135493814945221 0.129111394286156 0.1392922103405 0.168829992413521 0.177794694900513 0.169429942965508 0.166396230459213 0.194370254874229 0.188910588622093 0.195307925343513 0.222621127963066 0.204683274030685 0.186311215162277 0.172262340784073 0.171162992715836 0.181929603219032 0.177877530455589 0.179303556680679 0.179649129509926 0.177664056420326 0.179193541407585 0.177558213472366 0.201221287250519 0.187938332557678 0.161949515342712 0.15840245783329 0.175708085298538 0.176046907901764 0.171845301985741 0.183798357844353 0.200457230210304 0.172469392418861 0.152309909462929 0.18362745642662 0.160524562001228 0.123521961271763 0.108789786696434 0.116817906498909 0.119618281722069 0.104013711214066 0.106467492878437 0.124269999563694 0.110379859805107 0.104125790297985
0.167674198746681 0.154309958219528 0.133256927132607 0.144809082150459 0.151125729084015 0.135941728949547 0.160775884985924 0.163286432623863 0.179836675524712 0.157213047146797 0.201746791601181 0.181822195649147 0.186300083994865 0.245043143630028 0.207136631011963 0.221777737140656 0.227934032678604 0.196394965052605 0.228168681263924 0.235051959753036 0.198949471116066 0.189805805683136 0.196804419159889 0.201437368988991 0.194416105747223 0.182713910937309 0.162683591246605 0.157150432467461 0.16631817817688 0.173807933926582 0.189949423074722 0.174698501825333 0.188356101512909 0.274629443883896 0.202722296118736 0.186708316206932 0.215511739253998 0.144932761788368 0.124233901500702 0.116119749844074 0.119663208723068 0.123152419924736 0.104747228324413 0.103928662836552 0.104561269283295 0.10615061968565 0.102481693029404
0.162830486893654 0.157269835472107 0.135014444589615 0.132258325815201 0.130193322896957 0.137891814112663 0.138910114765167 0.139000624418259 0.180914327502251 0.190166130661964 0.187527120113373 0.16991563141346 0.187285527586937 0.165960550308228 0.154239252209663 0.161499202251434 0.164700165390968 0.191204950213432 0.330594748258591 0.327358245849609 0.263536810874939 0.236210241913795 0.20710177719593 0.228718370199203 0.213970839977264 0.18395023047924 0.160927519202232 0.1730797290802 0.23411662876606 0.262309193611145 0.276094317436218 0.30573707818985 0.340625882148743 0.274661988019943 0.235414162278175 0.221241176128387 0.190671741962433 0.139118999242783 0.127134278416634 0.124111518263817 0.126251295208931 0.124039433896542 0.106281504034996 0.102548621594906 0.0994313359260559 0.0993872210383415 0.105273872613907
0.160877078771591 0.145814433693886 0.13206359744072 0.147666946053505 0.133148536086082 0.130901321768761 0.129786342382431 0.128386229276657 0.133925899863243 0.1391611546278 0.20803390443325 0.231223091483116 0.16820240020752 0.155895993113518 0.163105592131615 0.155530333518982 0.16156442463398 0.221308171749115 0.200953558087349 0.21465627849102 0.217764377593994 0.187476709485054 0.184177473187447 0.202013075351715 0.177476540207863 0.186659768223763 0.191335663199425 0.205304011702538 0.23148350417614 0.229585498571396 0.254417896270752 0.287403225898743 0.266409516334534 0.222226947546005 0.209659293293953 0.19702373445034 0.167099341750145 0.12666916847229 0.128114446997643 0.124211460351944 0.124388486146927 0.117053009569645 0.106756195425987 0.100712485611439 0.101237609982491 0.104604087769985 0.176247298717499
0.142093762755394 0.142056331038475 0.133280545473099 0.166772812604904 0.141886502504349 0.150743827223778 0.14554937183857 0.142304003238678 0.141253083944321 0.144092157483101 0.165462821722031 0.16932600736618 0.163942694664001 0.139637529850006 0.170060381293297 0.191761299967766 0.191380903124809 0.18402898311615 0.167133182287216 0.194056794047356 0.192764431238174 0.194340944290161 0.17714050412178 0.171957358717918 0.180679157376289 0.204045802354813 0.235683858394623 0.219813406467438 0.247502461075783 0.309422135353088 0.298113495111465 0.270348519086838 0.223461449146271 0.199022635817528 0.217358008027077 0.242577463388443 0.152449250221252 0.124038949608803 0.126106262207031 0.123420380055904 0.116487190127373 0.112178087234497 0.109650440514088 0.10166884958744 0.0999227911233902 0.0993282869458199 0.107462219893932
0.129582703113556 0.149913087487221 0.13541379570961 0.170806705951691 0.142665669322014 0.131678268313408 0.129000663757324 0.157782420516014 0.148818224668503 0.145278349518776 0.153958007693291 0.192816197872162 0.190613225102425 0.180395275354385 0.153621599078178 0.237322181463242 0.268677800893784 0.195904120802879 0.157952591776848 0.228773236274719 0.244311392307281 0.18971098959446 0.186183825135231 0.168400853872299 0.202228039503098 0.210849463939667 0.253466963768005 0.229317218065262 0.243846535682678 0.289650082588196 0.259321272373199 0.249543368816376 0.227381989359856 0.223752945661545 0.188216775655746 0.16509772837162 0.114889830350876 0.123116716742516 0.118099071085453 0.112211391329765 0.110418498516083 0.109977379441261 0.10684771835804 0.100853212177753 0.0999825224280357 0.102470733225346 0.122235350310802
0.129292741417885 0.131499066948891 0.139254212379456 0.158485472202301 0.144688904285431 0.136429309844971 0.118343099951744 0.132333129644394 0.121944896876812 0.16866560280323 0.422722935676575 0.407603770494461 0.383480906486511 0.240798443555832 0.163281500339508 0.315548479557037 0.223200216889381 0.160409063100815 0.252659499645233 0.236525267362595 0.190056025981903 0.171967655420303 0.204977259039879 0.170065462589264 0.214139237999916 0.233193293213844 0.196260288357735 0.255466014146805 0.266279727220535 0.332194924354553 0.25677290558815 0.236975774168968 0.217463299632072 0.195391058921814 0.177657455205917 0.150879472494125 0.127511665225029 0.165528491139412 0.126031950116158 0.10164550691843 0.104989618062973 0.121052242815495 0.105327546596527 0.136931568384171 0.180682182312012 0.436444580554962 0.50317770242691
0.155944421887398 0.110867232084274 0.11739481985569 0.155041351914406 0.146228849887848 0.173058107495308 0.177603617310524 0.142131790518761 0.132368832826614 0.210113361477852 0.478216826915741 0.409854531288147 0.290680587291718 0.181504249572754 0.194330528378487 0.356941670179367 0.161684185266495 0.239314958453178 0.311549425125122 0.186189875006676 0.161834537982941 0.242386370897293 0.241590857505798 0.200545236468315 0.216660901904106 0.21625429391861 0.176642149686813 0.277989774942398 0.285591304302216 0.332374900579453 0.248976230621338 0.211028560996056 0.213387489318848 0.176437944173813 0.155461296439171 0.191873371601105 0.241652473807335 0.23787359893322 0.146046608686447 0.181949809193611 0.49877867102623 0.502315163612366 0.432700723409653 0.495793998241425 0.387404441833496 0.44315892457962 0.518836379051208
