output/projections/01_cur/Sclerurus cearensis.asc
NCOLS 168 
NROWS 144 
XLLCORNER -41.0001394455 
YLLCORNER -8.00013921734823 
CELLSIZE 0.0416666665 
NODATA_value -3.4e+38 
[rows 21 to 41 of 144, columns 0 to 46 of 168]
0.387756198644638 0.410991996526718 0.429949790239334 0.437115430831909 0.387350887060165 0.437115430831909 0.434723824262619 0.451522827148438 0.420441567897797 0.456675350666046 0.458656758069992 0.456573516130447 0.480788916349411 0.466241508722305 0.473509579896927 0.502663493156433 0.47846382856369 0.495368957519531 0.512445449829102 0.529444217681885 0.434887230396271 0.469061613082886 0.500128209590912 0.481683224439621 0.493833154439926 0.476981222629547 0.458553522825241 0.458553522825241 -3.4e+38 -3.4e+38 -3.4e+38 -3.4e+38 -3.4e+38 -3.4e+38 -3.4e+38 -3.4e+38 -3.4e+38 -3.4e+38 -3.4e+38 -3.4e+38 -3.4e+38 -3.4e+38 -3.4e+38 -3.4e+38 -3.4e+38 -3.4e+38 -3.4e+38
0.38975065946579 0.39936238527298 0.422813385725021 0.444307416677475 0.375875324010849 0.413348525762558 0.449013739824295 0.429949790239334 0.429949790239334 0.399272501468658 0.461403876543045 0.439737260341644 0.468662768602371 0.473509579896927 0.468662768602371 0.478361397981644 0.480788916349411 0.485646516084671 0.505094885826111 0.519562959671021 0.416793495416641 0.462548911571503 0.476334422826767 0.45600551366806 0.474887758493423 0.470515072345734 0.454183459281921 0.47107794880867 0.468655198812485 0.444557249546051 -3.4e+38 -3.4e+38 -3.4e+38 -3.4e+38 -3.4e+38 -3.4e+38 -3.4e+38 -3.4e+38 -3.4e+38 -3.4e+38 -3.4e+38 -3.4e+38 -3.4e+38 -3.4e+38 -3.4e+38 -3.4e+38 -3.4e+38
0.394705533981323 0.392384201288223 0.42518875002861 0.451751291751862 0.389978587627411 0.394934475421906 0.444535195827484 0.423038512468338 0.446938127279282 0.408540368080139 0.401829361915588 0.449343532323837 0.43017590045929 0.456904232501984 0.451751291751862 0.468662768602371 0.478361397981644 0.463923901319504 0.510289967060089 0.500334560871124 0.3996821641922 0.449233144521713 0.460982859134674 0.460988581180573 0.456470340490341 0.440531820058823 0.442485690116882 0.433459788560867 0.428689122200012 0.456595659255981 0.442601472139359 0.435087829828262 -3.4e+38 -3.4e+38 -3.4e+38 -3.4e+38 -3.4e+38 -3.4e+38 -3.4e+38 -3.4e+38 -3.4e+38 -3.4e+38 -3.4e+38 -3.4e+38 -3.4e+38 -3.4e+38 -3.4e+38
0.392294853925705 0.396941930055618 0.442134886980057 0.47593492269516 0.364933103322983 0.392612665891647 0.452081441879272 0.399493783712387 0.444864362478256 0.444535195827484 0.374124318361282 0.420991241931915 0.425740092992783 0.430502653121948 0.4472676217556 0.456904232501984 0.471417635679245 0.452183097600937 0.50056517124176 0.485749036073685 0.378875017166138 0.430695176124573 0.451970934867859 0.453531891107559 0.434145003557205 0.438464194536209 0.440967261791229 0.388837903738022 0.429439663887024 0.443366289138794 0.443037360906601 0.457013189792633 0.468197554349899 0.479378312826157 -3.4e+38 -3.4e+38 -3.4e+38 -3.4e+38 -3.4e+38 -3.4e+38 -3.4e+38 -3.4e+38 -3.4e+38 -3.4e+38 -3.4e+38 -3.4e+38 -3.4e+38
0.415933132171631 0.418297857046127 0.488409459590912 0.468662768602371 0.362373918294907 0.360744118690491 0.461735129356384 0.413895547389984 0.432888835668564 0.437670439481735 0.374124318361282 0.392514795064926 0.392832696437836 0.413895547389984 0.437859207391739 0.454681932926178 0.43527814745903 0.456904232501984 0.485979467630386 0.495804756879807 0.360436797142029 0.411728262901306 0.449673354625702 0.43777146935463 0.430148333311081 0.422376871109009 0.409635424613953 0.38068750500679 0.420347392559052 0.42747300863266 0.445767968893051 0.433459788560867 0.442900836467743 0.494289457798004 0.487141460180283 -3.4e+38 -3.4e+38 -3.4e+38 -3.4e+38 -3.4e+38 -3.4e+38 -3.4e+38 -3.4e+38 -3.4e+38 -3.4e+38 -3.4e+38 -3.4e+38
0.454681932926178 0.471417635679245 0.505428075790405 0.434622973203659 0.349303960800171 0.369676321744919 0.452081441879272 0.432888835668564 0.454491764307022 0.43017590045929 0.378690272569656 0.380981385707855 0.402149796485901 0.388202756643295 0.404675185680389 0.430690705776215 0.428307503461838 0.452271431684494 0.478885412216187 0.481224119663239 0.358504235744476 0.376901865005493 0.435471147298813 0.428311944007874 0.428311944007874 0.420882493257523 0.404655307531357 0.370184183120728 0.41916498541832 0.439414769411087 0.446195632219315 0.392667770385742 0.424739360809326 0.459427773952484 0.50854617357254 0.510643720626831 0.492002457380295 -3.4e+38 -3.4e+38 -3.4e+38 -3.4e+38 -3.4e+38 -3.4e+38 -3.4e+38 -3.4e+38 -3.4e+38 -3.4e+38
0.444864362478256 0.512488424777985 0.46590980887413 0.439408898353577 0.371634244918823 0.358418047428131 0.43527814745903 0.4425428211689 0.483509987592697 0.408862501382828 0.369580686092377 0.430502653121948 0.416256964206696 0.374436497688293 0.404675185680389 0.383871376514435 0.440304160118103 0.461925745010376 0.432989597320557 0.407024919986725 0.356270492076874 0.347700923681259 0.419000029563904 0.423742830753326 0.418813318014145 0.409374505281448 0.404358506202698 0.371849685907364 0.422997564077377 0.440997838973999 0.380730867385864 0.398016065359116 0.436990916728973 0.450549185276031 0.466565668582916 0.466233968734741 0.500919103622437 0.517455577850342 0.476618885993958 -3.4e+38 -3.4e+38 -3.4e+38 -3.4e+38 -3.4e+38 -3.4e+38 -3.4e+38 -3.4e+38
0.430393308401108 0.517217934131622 0.463710904121399 0.441806137561798 0.389880955219269 0.360563069581985 0.425927609205246 0.478653848171234 0.435168474912643 0.399813592433929 0.401722133159637 0.418700307607651 0.444754183292389 0.363116770982742 0.393015623092651 0.363294154405594 0.435516089200974 0.481363296508789 0.370074331760406 0.449964731931686 0.336456686258316 0.31960192322731 0.41196271777153 0.414272129535675 0.411914020776749 0.418813318014145 0.367499947547913 0.395253032445908 0.451586425304413 0.391868472099304 0.399914056062698 0.425896942615509 0.432647705078125 0.432240396738052 0.436573892831802 0.436246037483215 0.449782013893127 0.49605605006218 0.458176821470261 0.528295040130615 0.504323303699493 -3.4e+38 -3.4e+38 -3.4e+38 -3.4e+38 -3.4e+38 -3.4e+38
0.44963350892067 0.512359142303467 0.482985615730286 0.444425046443939 0.390198051929474 0.380981385707855 0.413787335157394 0.51983767747879 0.4422347843647 0.390409082174301 0.432661056518555 0.402042537927628 0.456864297389984 0.37671747803688 0.334502011537552 0.381476730108261 0.402382522821426 0.447506904602051 0.400096148252487 0.406934469938278 0.306836009025574 0.290814757347107 0.388619184494019 0.416682988405228 0.433319270610809 0.409374505281448 0.325761824846268 0.428499758243561 0.416032820940018 0.371945559978485 0.429734975099564 0.44410029053688 0.426285296678543 0.416412860155106 0.429855078458786 0.419609755277634 0.44530200958252 0.43299663066864 0.421528965234756 0.492671877145767 0.504009604454041 0.531633794307709 0.520020604133606 -3.4e+38 -3.4e+38 -3.4e+38 -3.4e+38
0.47348153591156 0.47314926981926 0.458757311105728 0.444306075572968 0.383172363042831 0.371745496988297 0.397375106811523 0.471377521753311 0.437560647726059 0.404382973909378 0.490720629692078 0.461566507816315 0.40672779083252 0.388202756643295 0.33035534620285 0.395482391119003 0.377088367938995 0.393209427595139 0.482364684343338 0.435616970062256 0.272892564535141 0.281104147434235 0.397144109010696 0.446918845176697 0.419000029563904 0.374308198690414 0.332270264625549 0.414086043834686 0.347398668527603 0.358810812234879 0.458314746618271 0.451305776834488 0.379442781209946 0.42582580447197 0.44857069849968 0.408546149730682 0.424227982759476 0.433323919773102 0.420983850955963 0.464362055063248 0.473566174507141 0.496219873428345 0.529211223125458 0.484542608261108 -3.4e+38 -3.4e+38 -3.4e+38
0.458628833293915 0.444178313016891 0.478333353996277 0.461044698953629 0.429948478937149 0.383172363042831 0.383487462997437 0.437630832195282 0.395231634378433 0.459200143814087 0.527078449726105 0.473672747612 0.425574213266373 0.420825868844986 0.363294154405594 0.328251570463181 0.307253420352936 0.325630217790604 0.648183703422546 0.411871939897537 0.255872637033463 0.269463002681732 0.402619659900665 0.402523010969162 0.379188746213913 0.340957581996918 0.367578744888306 0.363068491220474 0.340889424085617 0.356576234102249 0.444222867488861 0.371512115001678 0.388081938028336 0.434115618467331 0.45569983124733 0.408136576414108 0.405760377645493 0.428112268447876 0.420535892248154 0.450353622436523 0.420195311307907 0.522600889205933 0.482446551322937 0.496524661779404 0.459185630083084 -3.4e+38 -3.4e+38
0.425386726856232 0.517371714115143 0.538986027240753 0.495582789182663 0.531677901744843 0.40863823890686 0.362705439329147 0.369966089725494 0.46413454413414 0.579911768436432 0.560748279094696 0.546277403831482 0.459200143814087 0.409194350242615 0.42342272400856 0.395375728607178 0.388480395078659 0.319730937480927 0.426075011491776 0.31960192322731 0.254025161266327 0.356798321008682 0.397901862859726 0.374699860811234 0.340957581996918 0.338775455951691 0.367578744888306 0.338775455951691 0.363376796245575 0.379188746213913 0.35404297709465 0.338930130004883 0.382978856563568 0.432278990745544 0.459437817335129 0.43843474984169 0.366619557142258 0.429912120103836 0.452619522809982 0.404040485620499 0.394805163145065 0.489593058824539 0.498984575271606 0.459670305252075 0.517592489719391 0.510807514190674 -3.4e+38
0.514996349811554 0.466366738080978 0.354287624359131 0.761257171630859 0.565281569957733 0.446580857038498 0.38305851817131 0.355988144874573 0.39052477478981 0.39749151468277 0.50542163848877 0.637535810470581 0.526981711387634 0.452012926340103 0.461666405200958 0.413828462362289 0.404500067234039 0.386077046394348 0.319312155246735 0.255814880132675 0.326267391443253 0.397901862859726 0.35888883471489 0.341257184743881 0.319509983062744 0.370224088430405 0.372494697570801 0.319509983062744 0.367888659238815 0.381481021642685 0.334585428237915 0.367722690105438 0.328038185834885 0.427149951457977 0.44950008392334 0.422940909862518 0.343269765377045 0.39779394865036 0.442999571561813 0.392825454473495 0.406047523021698 0.431963294744492 0.487657696008682 0.470820486545563 0.484875530004501 0.447751313447952 0.422356069087982
0.463645219802856 0.338718175888062 0.361018717288971 0.677200138568878 0.562727510929108 0.439573258161545 0.475768893957138 0.394491106271744 0.367411583662033 0.423296362161636 0.430533409118652 0.632293403148651 0.500458240509033 0.579808592796326 0.428002804517746 0.39749151468277 0.390591621398926 0.393015623092651 0.280550330877304 0.256068706512451 0.409566551446915 0.37025311589241 0.356576234102249 0.324046075344086 0.317687839269638 0.388724088668823 0.336659908294678 0.304892271757126 0.36562979221344 0.352203160524368 0.31960192322731 0.363475769758224 0.334502011537552 0.367023527622223 0.398967832326889 0.395216643810272 0.3782759308815 0.371027439832687 0.383900970220566 0.386204034090042 0.357912003993988 0.454701453447342 0.464209794998169 0.454699844121933 0.413564890623093 0.379568040370941 0.440531820058823
0.362695842981339 0.399425029754639 0.478184193372726 0.516853630542755 0.480319857597351 0.470772922039032 0.495055347681046 0.434595316648483 0.406486660242081 0.362782567739487 0.347531914710999 0.546526432037354 0.575062155723572 0.497926205396652 0.392670869827271 0.336750268936157 0.358899116516113 0.400045871734619 0.263225704431534 0.336970537900925 0.328289896249771 0.372523814439774 0.339074075222015 0.334788084030151 0.343507349491119 0.370286494493484 0.315295487642288 0.301065742969513 0.347907364368439 0.311396896839142 0.313363432884216 0.311366200447083 0.301035642623901 0.316971451044083 0.473258346319199 0.445616722106934 0.402904093265533 0.352290868759155 0.37542313337326 0.385768413543701 0.319481432437897 0.480290025472641 0.482798844575882 0.44314181804657 0.362170398235321 0.365924835205078 0.43755054473877
0.340704768896103 0.466214776039124 0.593549728393555 0.607221245765686 0.502270638942719 0.519231855869293 0.487606912851334 0.408513188362122 0.463847011327744 0.356183290481567 0.33255323767662 0.787407517433167 0.953633964061737 0.916801691055298 0.522377550601959 0.378785580396652 0.34973156452179 0.315018177032471 0.263225704431534 0.282856702804565 0.285051882266998 0.368034899234772 0.330639630556107 0.341489791870117 0.356961071491241 0.336957633495331 0.301065742969513 0.284950137138367 0.309479027986526 0.27724352478981 0.261925220489502 0.317171663045883 0.259405165910721 0.678812444210052 0.739450991153717 0.641086518764496 0.385079324245453 0.402332991361618 0.365062177181244 0.35606849193573 0.334092736244202 0.438067376613617 0.442999571561813 0.367757171392441 0.312972903251648 0.354328572750092 0.396260231733322
0.319338202476501 0.48553192615509 0.618852555751801 0.504628598690033 0.52862960100174 0.472876578569412 0.434314727783203 0.39681676030159 0.336181849241257 0.343479305505753 0.751558184623718 0.947720468044281 0.975844442844391 0.950102508068085 0.844460248947144 0.526698350906372 0.369891315698624 0.286477357149124 0.282517671585083 0.27302959561348 0.287038207054138 0.326289892196655 0.332795768976212 0.34808138012886 0.305174827575684 0.339305996894836 0.284997433423996 0.263705968856812 0.256367892026901 0.243462309241295 0.21050338447094 0.726637184619904 0.563014388084412 0.740549743175507 0.902838826179504 0.78611958026886 0.486946016550064 0.452134013175964 0.353444963693619 0.354138940572739 0.382626831531525 0.352378249168396 0.352781534194946 0.309524178504944 0.329556733369827 0.363109737634659 0.347213804721832
0.706528604030609 0.562385380268097 0.477471798658371 0.458243101835251 0.439111709594727 0.436880081892014 0.446628034114838 0.371823400259018 0.298667848110199 0.457840323448181 0.901074051856995 0.914485573768616 0.951839625835419 0.932502746582031 0.919234395027161 0.464413195848465 0.310916155576706 0.253715217113495 0.267342984676361 0.281042844057083 0.279196679592133 0.343596875667572 0.354716360569 0.305174827575684 0.283175259828568 0.299232482910156 0.248875975608826 0.265904396772385 0.206092596054077 0.534419238567352 0.720479011535645 0.781578123569489 0.87800258398056 0.954159379005432 0.940506756305695 0.621135115623474 0.592375993728638 0.310582369565964 0.375310301780701 0.391240507364273 0.389223873615265 0.346148192882538 0.29549565911293 0.283809006214142 0.327339380979538 0.360439628362656 0.347099334001541
0.913532495498657 0.608521044254303 0.434393346309662 0.38301494717598 0.35171166062355 0.586540341377258 0.52903538942337 0.338430553674698 0.302920281887054 0.275080919265747 0.663171529769897 0.814701437950134 0.600449085235596 0.596503913402557 0.46935498714447 0.338754236698151 0.265116333961487 0.252129256725311 0.232493668794632 0.279081791639328 0.277283787727356 0.352469891309738 0.303278386592865 0.273362576961517 0.244416549801826 0.26578763127327 0.192051514983177 0.423028171062469 0.272608458995819 0.449110507965088 0.740344166755676 0.73739492893219 0.918383002281189 0.930629968643188 0.817502498626709 0.76898604631424 0.498624384403229 0.325281381607056 0.302920281887054 0.280660897493362 0.355064541101456 0.322790145874023 0.257812440395355 0.279462397098541 0.308363825082779 0.340929508209229 0.35912024974823
0.93810498714447 0.690137922763824 0.427287638187408 0.334050267934799 0.383204936981201 0.509540915489197 0.439617127180099 0.340727865695953 0.292750805616379 0.269302368164062 0.271533101797104 0.879253625869751 0.889468729496002 0.575068116188049 0.349905997514725 0.278591334819794 0.237500667572021 0.24516698718071 0.238802149891853 0.24040761590004 0.265742361545563 0.334988802671432 0.297190487384796 0.246620267629623 0.250882595777512 0.254594326019287 0.184783428907394 0.184790015220642 0.333820223808289 0.733307123184204 0.507635354995728 0.527482926845551 0.812324285507202 0.515599727630615 0.554398834705353 0.853881239891052 0.449303984642029 0.30300697684288 0.288666307926178 0.276832580566406 0.296263486146927 0.26811495423317 0.2474175542593 0.277542591094971 0.306576609611511 0.340816020965576 0.356884777545929
0.91194099187851 0.951606512069702 0.583528399467468 0.429490149021149 0.378428637981415 0.35388657450676 0.456502377986908 0.399518072605133 0.296794593334198 0.290867179632187 0.265604019165039 0.427866458892822 0.404761373996735 0.343298047780991 0.28449335694313 0.255750358104706 0.259535700082779 0.220603629946709 0.248674526810646 0.217963352799416 0.248942673206329 0.41154158115387 0.273402512073517 0.221148058772087 0.262086659669876 0.254594326019287 0.193285897374153 0.184790015220642 0.197685584425926 0.239200159907341 0.218984931707382 0.251667350530624 0.308382987976074 0.490426361560822 0.392164379358292 0.584385633468628 0.526363909244537 0.290292203426361 0.318999499082565 0.276832580566406 0.267015606164932 0.227203086018562 0.262709319591522 0.266386568546295 0.278377264738083 0.338214814662933 0.308180242776871
