output/projections/01_cur/Sclerurus cearensis.asc
NCOLS 168 
NROWS 144 
XLLCORNER -41.0001394455 
YLLCORNER -8.00013921734823 
CELLSIZE 0.0416666665 
NODATA_value -3.4e+38 
[rows 63 to 83 of 144, columns 47 to 93 of 168]
0.203499212861061 0.225355193018913 0.216401517391205 0.206739917397499 0.233387932181358 0.206778690218925 0.265826344490051 0.233732715249062 0.263637512922287 0.252578407526016 0.221730798482895 0.254905849695206 0.238906383514404 0.229063883423805 0.209625855088234 0.206816554069519 0.198359429836273 0.195766299962997 0.232257768511772 0.262249141931534 0.234808936715126 0.19350254535675 0.199291616678238 0.203880056738853 0.18275411427021 0.192004010081291 0.227385282516479 0.237359151244164 0.266475677490234 0.22296504676342 0.21334619820118 0.22024030983448 0.229174211621284 0.248488366603851 0.257553517818451 0.245057731866837 0.253850489854813 0.288049787282944 0.272955238819122 -3.4e+38 -3.4e+38 -3.4e+38 -3.4e+38 -3.4e+38 -3.4e+38 -3.4e+38 -3.4e+38
0.223444297909737 0.207721427083015 0.200533270835876 0.212492898106575 0.239006832242012 0.236414268612862 0.231755942106247 0.223428666591644 0.227163970470428 0.243374660611153 0.226231902837753 0.236596271395683 0.221184059977531 0.225300401449203 0.215274155139923 0.196397960186005 0.219680473208427 0.222679689526558 0.207755565643311 0.243420094251633 0.247094497084618 0.201763048768044 0.184972181916237 0.188063874840736 0.198639914393425 0.210990086197853 0.21104533970356 0.245045498013496 0.220239400863647 0.20243526995182 0.194622591137886 0.229461193084717 0.214656963944435 0.230212330818176 0.208885103464127 0.202870488166809 0.232487469911575 0.309032917022705 0.311521589756012 0.263158589601517 0.222366467118263 0.212963849306107 -3.4e+38 -3.4e+38 -3.4e+38 -3.4e+38 -3.4e+38
0.230509087443352 0.188199833035469 0.22855332493782 0.234548196196556 0.226034596562386 0.229455798864365 0.224441543221474 0.223868563771248 0.225781947374344 0.223509728908539 0.244918525218964 0.24960932135582 0.204785645008087 0.217321515083313 0.211164742708206 0.221147194504738 0.247120216488838 0.221161976456642 0.197283402085304 0.23774653673172 0.243560150265694 0.20397612452507 0.183648109436035 0.17333772778511 0.201433181762695 0.212002336978912 0.192999169230461 0.203933104872704 0.224040925502777 0.192044481635094 0.187975913286209 0.211785241961479 0.21855303645134 0.214082792401314 0.19996751844883 0.184868782758713 0.2182727009058 0.283131271600723 0.280782073736191 0.259700000286102 0.242544114589691 0.235689967870712 0.22661192715168 -3.4e+38 -3.4e+38 -3.4e+38 -3.4e+38
0.188488155603409 0.192323178052902 0.252110660076141 0.240301415324211 0.232797145843506 0.218160375952721 0.204264491796494 0.240647837519646 0.220493942499161 0.234990209341049 0.251698344945908 0.208166301250458 0.19057334959507 0.208500921726227 0.23985293507576 0.248819828033447 0.235518351197243 0.22610929608345 0.211728185415268 0.223655745387077 0.250548899173737 0.229260250926018 0.18292424082756 0.172482565045357 0.185437396168709 0.179672524333 0.193333461880684 0.22450378537178 0.231584966182709 0.184822976589203 0.182709515094757 0.20005975663662 0.20806547999382 0.198626443743706 0.19465446472168 0.182644337415695 0.245603814721107 0.254760295152664 0.252695322036743 0.233974516391754 0.220094799995422 0.241272911429405 0.237593129277229 -3.4e+38 -3.4e+38 -3.4e+38 -3.4e+38
0.203802719712257 0.215252295136452 0.24544370174408 0.218615412712097 0.229688227176666 0.182637751102448 0.244095042347908 0.283973038196564 0.224895685911179 0.251716107130051 0.211612328886986 0.191803082823753 0.196579486131668 0.256651610136032 0.265551209449768 0.232725948095322 0.223508581519127 0.2164126932621 0.232438579201698 0.226931616663933 0.233419075608253 0.242943480610847 0.186474427580833 0.172141790390015 0.172824129462242 0.19636107981205 0.206167742609978 0.233201578259468 0.206082507967949 0.193777471780777 0.187880083918571 0.186400547623634 0.189878672361374 0.189304664731026 0.188120469450951 0.190224066376686 0.230942845344543 0.243132740259171 0.226723596453667 0.1968674659729 0.214455351233482 0.222981125116348 0.228176474571228 -3.4e+38 -3.4e+38 -3.4e+38 -3.4e+38
0.214193895459175 0.199004232883453 0.201802179217339 0.193113446235657 0.204629421234131 0.170538619160652 0.301829278469086 0.270183980464935 0.242663756012917 0.202241510152817 0.197523474693298 0.222938492894173 0.237763330340385 0.258311957120895 0.235567167401314 0.224053427577019 0.213456064462662 0.218294218182564 0.22443725168705 0.245050027966499 0.233875006437302 0.232336536049843 0.175602048635483 0.177113324403763 0.184612259268761 0.209338277578354 0.231466859579086 0.204622894525528 0.193472966551781 0.1890639513731 0.18336609005928 0.176389291882515 0.204142495989799 0.182904928922653 0.216768443584442 0.210574522614479 0.201039090752602 0.212197691202164 0.191080570220947 0.18669256567955 0.215004786849022 0.232229754328728 0.226794004440308 0.203100070357323 -3.4e+38 -3.4e+38 -3.4e+38
0.193093702197075 0.183431029319763 0.17934875190258 0.172628328204155 0.174460381269455 0.189216926693916 0.24906413257122 0.253809630870819 0.190022051334381 0.195111483335495 0.246144160628319 0.255371421575546 0.236076503992081 0.234860569238663 0.234651178121567 0.240788266062737 0.224930614233017 0.215423062443733 0.211370795965195 0.215765550732613 0.236722677946091 0.23489211499691 0.185408294200897 0.186181411147118 0.196909636259079 0.2281414270401 0.201154932379723 0.188655540347099 0.184131681919098 0.175618350505829 0.167491987347603 0.185128048062325 0.185730442404747 0.225009515881538 0.240981996059418 0.20969220995903 0.204791247844696 0.195551648736 0.191799834370613 0.185795918107033 0.20562855899334 0.234206482768059 0.193610966205597 0.195029780268669 0.182669833302498 -3.4e+38 -3.4e+38
0.190864130854607 0.189942374825478 0.189125806093216 0.189317986369133 0.175235942006111 0.184329211711884 0.214513123035431 0.216700628399849 0.20428578555584 0.268260985612869 0.244190230965614 0.251072406768799 0.258057028055191 0.23625311255455 0.218145191669464 0.214275553822517 0.216409757733345 0.198264420032501 0.22596387565136 0.250860661268234 0.250664889812469 0.207396402955055 0.207381680607796 0.195039123296738 0.232746228575706 0.204064100980759 0.185294881463051 0.176357820630074 0.174023732542992 0.154347509145737 0.155043318867683 0.246299639344215 0.22898542881012 0.248602360486984 0.225124388933182 0.192406490445137 0.207975551486015 0.201744422316551 0.213377073407173 0.197481855750084 0.192670345306396 0.190930843353271 0.178743898868561 0.187609195709229 0.17708694934845 0.149731650948524 0.142163202166557
0.1777114123106 0.195085540413857 0.203923001885414 0.218635857105255 0.204734906554222 0.172649815678596 0.189876645803452 0.1814224421978 0.207285806536674 0.256633579730988 0.252057284116745 0.240700244903564 0.242326021194458 0.247869685292244 0.226650759577751 0.207129374146461 0.223370656371117 0.230425968766212 0.24872699379921 0.238438606262207 0.224337443709373 0.227547332644463 0.208225801587105 0.224174961447716 0.221779376268387 0.181775435805321 0.170589670538902 0.15358579158783 0.156746238470078 0.16137284040451 0.197722882032394 0.241651371121407 0.234388306736946 0.225103840231895 0.206806465983391 0.17792871594429 0.212084949016571 0.189708665013313 0.225842401385307 0.205643445253372 0.199132844805717 0.17491802573204 0.183600142598152 0.190930843353271 0.156512305140495 0.1353779733181 0.133070379495621
0.216500252485275 0.203427359461784 0.171855762600899 0.2074254155159 0.210640743374825 0.179687201976776 0.177966490387917 0.185328587889671 0.250374406576157 0.239311888813972 0.230302393436432 0.228209748864174 0.229921415448189 0.219688773155212 0.22530572116375 0.209445402026176 0.235895112156868 0.23580402135849 0.231853827834129 0.222006514668465 0.234924301505089 0.252496212720871 0.234550252556801 0.2280592918396 0.181565850973129 0.16497240960598 0.14492592215538 0.158581078052521 0.187614843249321 0.202050313353539 0.220627889037132 0.221818760037422 0.219801783561707 0.214771777391434 0.192306399345398 0.179072603583336 0.198739528656006 0.196184575557709 0.220887944102287 0.199476554989815 0.204284757375717 0.188293889164925 0.190873801708221 0.161795943975449 0.133683606982231 0.132973045110703 0.133301496505737
0.203013345599174 0.175443843007088 0.171304598450661 0.187637105584145 0.183382824063301 0.17136162519455 0.193025499582291 0.20442958176136 0.254399865865707 0.218452543020248 0.226189285516739 0.230497062206268 0.226603269577026 0.220604807138443 0.205188870429993 0.207976773381233 0.220058187842369 0.238078236579895 0.215030416846275 0.2446169257164 0.251625925302505 0.248593345284462 0.240174442529678 0.193137258291245 0.164604753255844 0.140026971697807 0.151941806077957 0.190488204360008 0.195118829607964 0.206666558980942 0.208594352006912 0.203709825873375 0.205744877457619 0.193125396966934 0.166127756237984 0.17777955532074 0.213269054889679 0.226937770843506 0.228556782007217 0.209393829107285 0.205873548984528 0.194336101412773 0.163270428776741 0.136377945542336 0.133073478937149 0.132973656058311 0.133180931210518
0.187982931733131 0.185496911406517 0.17339314520359 0.171759814023972 0.171665400266647 0.197782710194588 0.218289107084274 0.204527795314789 0.22541481256485 0.207678034901619 0.18514122068882 0.237820237874985 0.242310985922813 0.219028443098068 0.18449804186821 0.184452012181282 0.199221059679985 0.210033297538757 0.194944441318512 0.223801732063293 0.251056104898453 0.253999173641205 0.197277933359146 0.164233580231667 0.146806553006172 0.149038448929787 0.183849662542343 0.191773116588593 0.195223107933998 0.200041756033897 0.200147166848183 0.200785547494888 0.191808119416237 0.178718611598015 0.166319444775581 0.173652470111847 0.210684135556221 0.227369785308838 0.213043734431267 0.191715508699417 0.197711333632469 0.174437493085861 0.139913037419319 0.133080273866653 0.13273498415947 0.132949978113174 0.133797034621239
0.185798794031143 0.174388483166695 0.173287287354469 0.194193691015244 0.191065192222595 0.18875028192997 0.20274455845356 0.217597186565399 0.205434158444405 0.204981788992882 0.199205711483955 0.219690799713135 0.220462381839752 0.223942831158638 0.236475870013237 0.215831533074379 0.228406891226768 0.221037805080414 0.223129764199257 0.220963075757027 0.234300911426544 0.220556378364563 0.165249288082123 0.140500724315643 0.156331315636635 0.18646627664566 0.186644464731216 0.190354242920876 0.186217233538628 0.183187231421471 0.20221982896328 0.208756133913994 0.185647755861282 0.172977775335312 0.166505590081215 0.176247775554657 0.184864088892937 0.222963973879814 0.18572872877121 0.198990598320961 0.17877222597599 0.144887357950211 0.134074255824089 0.132809996604919 0.132735595107079 0.133075907826424 0.133813366293907
0.181384176015854 0.172912567853928 0.190553531050682 0.224440410733223 0.206347718834877 0.208159208297729 0.21060536801815 0.213290140032768 0.204403832554817 0.242573544383049 0.215588748455048 0.246941268444061 0.253828585147858 0.250058621168137 0.253393322229385 0.243837490677834 0.255860447883606 0.239604845643044 0.219469979405403 0.237698674201965 0.265847146511078 0.208422034978867 0.149706020951271 0.134885489940643 0.175468787550926 0.187691435217857 0.185271829366684 0.183170393109322 0.176311373710632 0.174076795578003 0.202725261449814 0.194695040583611 0.17942912876606 0.175574153661728 0.174440413713455 0.17885485291481 0.177526995539665 0.199413314461708 0.195424273610115 0.167250439524651 0.15738134086132 0.1329265832901 0.140838637948036 0.132504478096962 0.132582828402519 0.133699655532837 0.159273773431778
0.188448756933212 0.1776282787323 0.211527392268181 0.226820841431618 0.223865658044815 0.189871788024902 0.205323249101639 0.200048044323921 0.208390712738037 0.234338983893394 0.219038009643555 0.231950253248215 0.229562029242516 0.221089497208595 0.221939772367477 0.224469125270844 0.22582696378231 0.208801314234734 0.237661376595497 0.231874465942383 0.225083410739899 0.163946375250816 0.142671704292297 0.131881132721901 0.169790625572205 0.189143553376198 0.18368025124073 0.175598293542862 0.177614137530327 0.179625451564789 0.182486191391945 0.176776006817818 0.170902207493782 0.178075462579727 0.17785356938839 0.178856059908867 0.190382361412048 0.181000679731369 0.173368245363235 0.14918839931488 0.132943868637085 0.149283781647682 0.132850095629692 0.132154330611229 0.13273598253727 0.134490311145782 0.195007517933846
0.170609593391418 0.180718347430229 0.211951345205307 0.224549502134323 0.180075034499168 0.176523700356483 0.213528320193291 0.209283024072647 0.218990415334702 0.213466659188271 0.220365524291992 0.225981265306473 0.232981294393539 0.231146931648254 0.231083378195763 0.235382452607155 0.213590517640114 0.25603261590004 0.222204729914665 0.226032227277756 0.20661635696888 0.175322771072388 0.145545572042465 0.13151091337204 0.160049989819527 0.18726821243763 0.17924776673317 0.173812329769135 0.177106708288193 0.178820908069611 0.178890630602837 0.183182448148727 0.167770236730576 0.167558565735817 0.168514922261238 0.173670709133148 0.180318146944046 0.174065083265305 0.152441173791885 0.150933369994164 0.137713834643364 0.146072417497635 0.132315695285797 0.132281884551048 0.132794559001923 0.134724944829941 0.173087894916534
0.177257537841797 0.174414753913879 0.209130167961121 0.18376025557518 0.168803051114082 0.202419549226761 0.209089949727058 0.205013170838356 0.243180513381958 0.217038482427597 0.207478478550911 0.257099539041519 0.246221095323563 0.244435667991638 0.233267098665237 0.195242270827293 0.247764647006989 0.270550340414047 0.201172366738319 0.199190691113472 0.18373891711235 0.189303636550903 0.143387481570244 0.131799221038818 0.180778920650482 0.187015756964684 0.175888732075691 0.172298386693001 0.174166768789291 0.174261510372162 0.179663494229317 0.186645865440369 0.170281246304512 0.160607382655144 0.160876035690308 0.162888929247856 0.166486963629723 0.159361809492111 0.142844691872597 0.133397296071053 0.146649539470673 0.13592828810215 0.131500393152237 0.131725743412971 0.132012352347374 0.132481694221497 0.145278960466385
0.192354172468185 0.171265140175819 0.178938150405884 0.204115554690361 0.173930391669273 0.210064098238945 0.19399930536747 0.222453787922859 0.223992675542831 0.218593791127205 0.2191491574049 0.232702359557152 0.225856602191925 0.237124592065811 0.212858900427818 0.224116906523705 0.274406433105469 0.212164103984833 0.17019747197628 0.177173852920532 0.191801682114601 0.18525505065918 0.15959919989109 0.132013589143753 0.149694502353668 0.179782256484032 0.170095980167389 0.170565038919449 0.172228425741196 0.176771223545074 0.169523820281029 0.157216683030128 0.172620952129364 0.172089204192162 0.169054701924324 0.165818452835083 0.160148575901985 0.135237514972687 0.138687014579773 0.149557769298553 0.151016294956207 0.131243214011192 0.131423979997635 0.131419286131859 0.131578028202057 0.131572112441063 0.15158885717392
0.200448513031006 0.182385385036469 0.172684550285339 0.211921215057373 0.212339416146278 0.192379847168922 0.186848536133766 0.226980358362198 0.23086678981781 0.230485156178474 0.230097651481628 0.24225489795208 0.238914027810097 0.200739070773125 0.23256017267704 0.271809428930283 0.23419713973999 0.193399682641029 0.14557509124279 0.150036931037903 0.180695474147797 0.197098135948181 0.154841020703316 0.156205609440804 0.1362284719944 0.176690071821213 0.167181923985481 0.168726652860641 0.178692430257797 0.181411176919937 0.159389406442642 0.142038583755493 0.144119888544083 0.163872256875038 0.168854758143425 0.169042557477951 0.149136796593666 0.130695655941963 0.140439242124557 0.147489622235298 0.145256221294403 0.130725264549255 0.131115287542343 0.131267815828323 0.131419882178307 0.13170163333416 0.15664567053318
0.197244748473167 0.175905480980873 0.171360865235329 0.222289308905602 0.213620871305466 0.192690268158913 0.203863993287086 0.227665036916733 0.209685578942299 0.232794404029846 0.236126691102982 0.228779062628746 0.220183044672012 0.233430176973343 0.258213013410568 0.238160371780396 0.205925703048706 0.173413902521133 0.146565020084381 0.145476996898651 0.168589562177658 0.213165432214737 0.162537485361099 0.148872792720795 0.135976269841194 0.176442831754684 0.168592050671577 0.162976756691933 0.176442071795464 0.178933665156364 0.166211530566216 0.159759029746056 0.150574445724487 0.151201710104942 0.157932698726654 0.15215091407299 0.130205616354942 0.13020621240139 0.145652920007706 0.140934243798256 0.144895896315575 0.130511283874512 0.13079035282135 0.13118277490139 0.131562128663063 0.131977498531342 0.157752946019173
0.208809047937393 0.171078279614449 0.181553035974503 0.208567455410957 0.19709649682045 0.199274972081184 0.212306082248688 0.227544918656349 0.201687946915627 0.191556110978127 0.225718125700951 0.237749189138412 0.247664526104927 0.24024772644043 0.218174189329147 0.198117464780807 0.190143749117851 0.192410156130791 0.15149861574173 0.140773668885231 0.153012424707413 0.209925964474678 0.17177277803421 0.159230574965477 0.134992554783821 0.17751070857048 0.173537969589233 0.1590346544981 0.161613434553146 0.169298738241196 0.171521738171577 0.162782996892929 0.154724791646004 0.160715937614441 0.157773286104202 0.144610270857811 0.129980251193047 0.136225149035454 0.138371959328651 0.143004700541496 0.145807981491089 0.130172669887543 0.130449920892715 0.130848988890648 0.131531149148941 0.13727955520153 0.154000446200371
