output/projections/01_cur/Sclerurus cearensis.asc
NCOLS 168 
NROWS 144 
XLLCORNER -41.0001394455 
YLLCORNER -8.00013921734823 
CELLSIZE 0.0416666665 
NODATA_value -3.4e+38 
[rows 42 to 62 of 144, columns 47 to 93 of 168]
0.291448384523392 0.284791499376297 0.299885600805283 0.278731405735016 0.30860298871994 0.37742680311203 0.782279491424561 0.373829185962677 0.319704204797745 0.328492879867554 0.352042078971863 0.407249301671982 0.400806963443756 0.444740802049637 0.468592822551727 -3.4e+38 -3.4e+38 -3.4e+38 -3.4e+38 -3.4e+38 -3.4e+38 -3.4e+38 -3.4e+38 -3.4e+38 -3.4e+38 -3.4e+38 -3.4e+38 -3.4e+38 -3.4e+38 -3.4e+38 -3.4e+38 -3.4e+38 -3.4e+38 -3.4e+38 -3.4e+38 -3.4e+38 -3.4e+38 -3.4e+38 -3.4e+38 -3.4e+38 -3.4e+38 -3.4e+38 -3.4e+38 -3.4e+38 -3.4e+38 -3.4e+38 -3.4e+38
0.285459637641907 0.250010818243027 0.284496068954468 0.316553443670273 0.453070074319839 0.393136322498322 0.429130464792252 0.260187715291977 0.328576803207397 0.383003175258636 0.350380688905716 0.394612938165665 0.377243399620056 0.441358000040054 0.437179803848267 0.46325546503067 -3.4e+38 -3.4e+38 -3.4e+38 -3.4e+38 -3.4e+38 -3.4e+38 -3.4e+38 -3.4e+38 -3.4e+38 -3.4e+38 -3.4e+38 -3.4e+38 -3.4e+38 -3.4e+38 -3.4e+38 -3.4e+38 -3.4e+38 -3.4e+38 -3.4e+38 -3.4e+38 -3.4e+38 -3.4e+38 -3.4e+38 -3.4e+38 -3.4e+38 -3.4e+38 -3.4e+38 -3.4e+38 -3.4e+38 -3.4e+38 -3.4e+38
0.267041444778442 0.231079131364822 0.339873313903809 0.367662400007248 0.489281892776489 0.304603070020676 0.272179514169693 0.345182657241821 0.620053291320801 0.384030699729919 0.357293993234634 0.362016797065735 0.37441012263298 0.39023619890213 0.400008857250214 0.460509389638901 0.431326597929001 -3.4e+38 -3.4e+38 -3.4e+38 -3.4e+38 -3.4e+38 -3.4e+38 -3.4e+38 -3.4e+38 -3.4e+38 -3.4e+38 -3.4e+38 -3.4e+38 -3.4e+38 -3.4e+38 -3.4e+38 -3.4e+38 -3.4e+38 -3.4e+38 -3.4e+38 -3.4e+38 -3.4e+38 -3.4e+38 -3.4e+38 -3.4e+38 -3.4e+38 -3.4e+38 -3.4e+38 -3.4e+38 -3.4e+38 -3.4e+38
0.267820864915848 0.242687702178955 0.388414025306702 0.341218084096909 0.272931009531021 0.253062963485718 0.255962759256363 0.858817934989929 0.533808887004852 0.328792333602905 0.329767346382141 0.32732430100441 0.383834451436996 0.370103806257248 0.407760500907898 0.388017117977142 0.467560082674026 0.397453218698502 -3.4e+38 -3.4e+38 -3.4e+38 -3.4e+38 -3.4e+38 -3.4e+38 -3.4e+38 -3.4e+38 -3.4e+38 -3.4e+38 -3.4e+38 -3.4e+38 -3.4e+38 -3.4e+38 -3.4e+38 -3.4e+38 -3.4e+38 -3.4e+38 -3.4e+38 -3.4e+38 -3.4e+38 -3.4e+38 -3.4e+38 -3.4e+38 -3.4e+38 -3.4e+38 -3.4e+38 -3.4e+38 -3.4e+38
0.276724755764008 0.380394876003265 0.307234287261963 0.279283732175827 0.244003489613533 0.237117916345596 0.433627009391785 0.648585200309753 0.421192169189453 0.392681956291199 0.425238698720932 0.334120094776154 0.380322277545929 0.376332670450211 0.371359556913376 0.353908658027649 0.41947877407074 0.454590111970901 0.439944088459015 -3.4e+38 -3.4e+38 -3.4e+38 -3.4e+38 -3.4e+38 -3.4e+38 -3.4e+38 -3.4e+38 -3.4e+38 -3.4e+38 -3.4e+38 -3.4e+38 -3.4e+38 -3.4e+38 -3.4e+38 -3.4e+38 -3.4e+38 -3.4e+38 -3.4e+38 -3.4e+38 -3.4e+38 -3.4e+38 -3.4e+38 -3.4e+38 -3.4e+38 -3.4e+38 -3.4e+38 -3.4e+38
0.27396947145462 0.366048395633698 0.292215555906296 0.268551200628281 0.269828051328659 0.313603729009628 0.341151088476181 0.397591322660446 0.369280815124512 0.885827362537384 0.368457496166229 0.347703278064728 0.376346677541733 0.326301991939545 0.324811726808548 0.329532146453857 0.378102391958237 0.414923697710037 0.463262617588043 0.428103566169739 -3.4e+38 -3.4e+38 -3.4e+38 -3.4e+38 -3.4e+38 -3.4e+38 -3.4e+38 -3.4e+38 -3.4e+38 -3.4e+38 -3.4e+38 -3.4e+38 -3.4e+38 -3.4e+38 -3.4e+38 -3.4e+38 -3.4e+38 -3.4e+38 -3.4e+38 -3.4e+38 -3.4e+38 -3.4e+38 -3.4e+38 -3.4e+38 -3.4e+38 -3.4e+38 -3.4e+38
0.274352967739105 0.35349103808403 0.304018706083298 0.304312586784363 0.314343959093094 0.336287707090378 0.306233882904053 0.295513063669205 0.702551066875458 0.744555413722992 0.350899040699005 0.375908464193344 0.277639210224152 0.329494476318359 0.317151427268982 0.342042714357376 0.36703833937645 0.37463191151619 0.402169525623322 0.430198431015015 0.384949028491974 -3.4e+38 -3.4e+38 -3.4e+38 -3.4e+38 -3.4e+38 -3.4e+38 -3.4e+38 -3.4e+38 -3.4e+38 -3.4e+38 -3.4e+38 -3.4e+38 -3.4e+38 -3.4e+38 -3.4e+38 -3.4e+38 -3.4e+38 -3.4e+38 -3.4e+38 -3.4e+38 -3.4e+38 -3.4e+38 -3.4e+38 -3.4e+38 -3.4e+38 -3.4e+38
0.265132516622543 0.365148961544037 0.644319772720337 0.395230203866959 0.503530025482178 0.375753790140152 0.271586567163467 0.349914133548737 0.479940086603165 0.402260988950729 0.341582268476486 0.319197297096252 0.267891675233841 0.313985794782639 0.316228121519089 0.334323734045029 0.360998213291168 0.354007750749588 0.37656831741333 0.408472418785095 0.411862283945084 0.352936804294586 -3.4e+38 -3.4e+38 -3.4e+38 -3.4e+38 -3.4e+38 -3.4e+38 -3.4e+38 -3.4e+38 -3.4e+38 -3.4e+38 -3.4e+38 -3.4e+38 -3.4e+38 -3.4e+38 -3.4e+38 -3.4e+38 -3.4e+38 -3.4e+38 -3.4e+38 -3.4e+38 -3.4e+38 -3.4e+38 -3.4e+38 -3.4e+38 -3.4e+38
0.227908283472061 0.261596232652664 0.836985290050507 0.751650094985962 0.551213443279266 0.466932594776154 0.328900873661041 0.305509686470032 0.328375667333603 0.320979952812195 0.352234601974487 0.294063955545425 0.289682269096375 0.311102360486984 0.322370767593384 0.318069219589233 0.314882099628448 0.328687995672226 0.351308465003967 0.348340153694153 0.388584285974503 0.375091820955276 -3.4e+38 -3.4e+38 -3.4e+38 -3.4e+38 -3.4e+38 -3.4e+38 -3.4e+38 -3.4e+38 -3.4e+38 -3.4e+38 -3.4e+38 -3.4e+38 -3.4e+38 -3.4e+38 -3.4e+38 -3.4e+38 -3.4e+38 -3.4e+38 -3.4e+38 -3.4e+38 -3.4e+38 -3.4e+38 -3.4e+38 -3.4e+38 -3.4e+38
0.250079214572906 0.346830546855927 0.840270042419434 0.723540842533112 0.812695682048798 0.737240791320801 0.67027872800827 0.422175467014313 0.315515577793121 0.326758623123169 0.290316581726074 0.294878453016281 0.328022122383118 0.284721434116364 0.298833847045898 0.279013067483902 0.313363283872604 0.304489880800247 0.358869701623917 0.347608536481857 0.361838757991791 0.342590749263763 0.367985486984253 -3.4e+38 -3.4e+38 -3.4e+38 -3.4e+38 -3.4e+38 -3.4e+38 -3.4e+38 -3.4e+38 -3.4e+38 -3.4e+38 -3.4e+38 -3.4e+38 -3.4e+38 -3.4e+38 -3.4e+38 -3.4e+38 -3.4e+38 -3.4e+38 -3.4e+38 -3.4e+38 -3.4e+38 -3.4e+38 -3.4e+38 -3.4e+38
0.353666543960571 0.605448842048645 0.945983469486237 0.88595324754715 0.729152262210846 0.584842801094055 0.583659470081329 0.639017581939697 0.344552248716354 0.288468956947327 0.295155674219131 0.326767206192017 0.332922339439392 0.344779998064041 0.260762959718704 0.252073675394058 0.297067940235138 0.303362995386124 0.297130882740021 0.290606319904327 0.281417161226273 0.288882344961166 0.346383780241013 0.358084797859192 -3.4e+38 -3.4e+38 -3.4e+38 -3.4e+38 -3.4e+38 -3.4e+38 -3.4e+38 -3.4e+38 -3.4e+38 -3.4e+38 -3.4e+38 -3.4e+38 -3.4e+38 -3.4e+38 -3.4e+38 -3.4e+38 -3.4e+38 -3.4e+38 -3.4e+38 -3.4e+38 -3.4e+38 -3.4e+38 -3.4e+38
0.518230259418488 0.950624287128448 0.964278638362885 0.94196343421936 0.859050989151001 0.828946530818939 0.754894196987152 0.31775838136673 0.25805202126503 0.413579076528549 0.340997725725174 0.345698475837708 0.324365198612213 0.328048497438431 0.309775859117508 0.220035329461098 0.238709703087807 0.241890117526054 0.259213417768478 0.268209099769592 0.271869719028473 0.279053658246994 0.288805365562439 0.328379184007645 0.348176926374435 -3.4e+38 -3.4e+38 -3.4e+38 -3.4e+38 -3.4e+38 -3.4e+38 -3.4e+38 -3.4e+38 -3.4e+38 -3.4e+38 -3.4e+38 -3.4e+38 -3.4e+38 -3.4e+38 -3.4e+38 -3.4e+38 -3.4e+38 -3.4e+38 -3.4e+38 -3.4e+38 -3.4e+38 -3.4e+38
0.527464747428894 0.922004103660583 0.964138209819794 0.800518274307251 0.418738812208176 0.412890404462814 0.666648745536804 0.363063544034958 0.406541556119919 0.47818723320961 0.342563569545746 0.320986181497574 0.32200163602829 0.300429254770279 0.255794197320938 0.281354546546936 0.226604774594307 0.266861200332642 0.248564943671227 0.244968891143799 0.237858220934868 0.257354229688644 0.258151739835739 0.28631392121315 0.328260540962219 0.325616419315338 -3.4e+38 -3.4e+38 -3.4e+38 -3.4e+38 -3.4e+38 -3.4e+38 -3.4e+38 -3.4e+38 -3.4e+38 -3.4e+38 -3.4e+38 -3.4e+38 -3.4e+38 -3.4e+38 -3.4e+38 -3.4e+38 -3.4e+38 -3.4e+38 -3.4e+38 -3.4e+38 -3.4e+38
0.853793203830719 0.928076446056366 0.943244457244873 0.723324954509735 0.365717738866806 0.22740550339222 0.571167826652527 0.399509608745575 0.340058863162994 0.312281548976898 0.311201155185699 0.312032967805862 0.278631985187531 0.258947253227234 0.279909759759903 0.284153908491135 0.217408806085587 0.260369449853897 0.238951057195663 0.223622173070908 0.219153046607971 0.23218435049057 0.249950736761093 0.262929707765579 0.27646815776825 0.324341922998428 0.322774916887283 0.292851597070694 -3.4e+38 -3.4e+38 -3.4e+38 -3.4e+38 -3.4e+38 -3.4e+38 -3.4e+38 -3.4e+38 -3.4e+38 -3.4e+38 -3.4e+38 -3.4e+38 -3.4e+38 -3.4e+38 -3.4e+38 -3.4e+38 -3.4e+38 -3.4e+38 -3.4e+38
0.918633341789246 0.841898381710052 0.652980506420135 0.468792468309402 0.257397174835205 0.237858399748802 0.310511857271194 0.297417402267456 0.324391931295395 0.282053709030151 0.277247458696365 0.285337120294571 0.235249817371368 0.291599601507187 0.281387001276016 0.276713609695435 0.267086833715439 0.230407804250717 0.217162236571312 0.198720037937164 0.203689113259315 0.214808315038681 0.215445265173912 0.23418977856636 0.246620416641235 0.268459260463715 0.289472907781601 0.303674340248108 0.307660788297653 -3.4e+38 -3.4e+38 -3.4e+38 -3.4e+38 -3.4e+38 -3.4e+38 -3.4e+38 -3.4e+38 -3.4e+38 -3.4e+38 -3.4e+38 -3.4e+38 -3.4e+38 -3.4e+38 -3.4e+38 -3.4e+38 -3.4e+38 -3.4e+38
0.942748069763184 0.840441584587097 0.639189302921295 0.364941567182541 0.316719084978104 0.292880594730377 0.281376242637634 0.296003311872482 0.296860635280609 0.277648270130157 0.262955784797668 0.239265397191048 0.247414588928223 0.303282529115677 0.279909759759903 0.263264924287796 0.268038034439087 0.274417012929916 0.196063578128815 0.204075202345848 0.209184855222702 0.222396671772003 0.231222972273827 0.224772170186043 0.245832219719887 0.253241777420044 0.253590196371078 0.284878522157669 0.308659434318542 0.32180243730545 0.350139081478119 -3.4e+38 -3.4e+38 -3.4e+38 -3.4e+38 -3.4e+38 -3.4e+38 -3.4e+38 -3.4e+38 -3.4e+38 -3.4e+38 -3.4e+38 -3.4e+38 -3.4e+38 -3.4e+38 -3.4e+38 -3.4e+38
0.68396782875061 0.362336277961731 0.324435442686081 0.329821169376373 0.301163703203201 0.28907835483551 0.260797649621964 0.268470019102097 0.256355464458466 0.273939788341522 0.258143603801727 0.256157040596008 0.277215093374252 0.273526906967163 0.265604496002197 0.272341728210449 0.255973368883133 0.227402403950691 0.200804561376572 0.201723948121071 0.205090954899788 0.218247026205063 0.218787327408791 0.219076916575432 0.231560811400414 0.224621251225471 0.238704890012741 0.276341438293457 0.313956528902054 0.348293662071228 0.341942250728607 0.317381650209427 -3.4e+38 -3.4e+38 -3.4e+38 -3.4e+38 -3.4e+38 -3.4e+38 -3.4e+38 -3.4e+38 -3.4e+38 -3.4e+38 -3.4e+38 -3.4e+38 -3.4e+38 -3.4e+38 -3.4e+38
0.43773090839386 0.567618429660797 0.429915279150009 0.303755074739456 0.295782774686813 0.308149993419647 0.28016996383667 0.263932764530182 0.228078454732895 0.257609039545059 0.270697027444839 0.297823131084442 0.278752684593201 0.273262143135071 0.260818004608154 0.256830722093582 0.227769434452057 0.223932057619095 0.218354240059853 0.185863628983498 0.205971792340279 0.231001138687134 0.209855303168297 0.214849844574928 0.22316712141037 0.221941828727722 0.219146370887756 0.24441534280777 0.296858131885529 0.332009583711624 0.304900735616684 0.323650449514389 -3.4e+38 -3.4e+38 -3.4e+38 -3.4e+38 -3.4e+38 -3.4e+38 -3.4e+38 -3.4e+38 -3.4e+38 -3.4e+38 -3.4e+38 -3.4e+38 -3.4e+38 -3.4e+38 -3.4e+38
0.212268605828285 0.240199610590935 0.36765655875206 0.310660004615784 0.278558164834976 0.280438870191574 0.259921044111252 0.227841630578041 0.226605966687202 0.273487985134125 0.267085641622543 0.29240283370018 0.26312854886055 0.262697517871857 0.260984241962433 0.238200068473816 0.216592580080032 0.224514350295067 0.201217979192734 0.184324696660042 0.221904888749123 0.230661004781723 0.201389670372009 0.209323927760124 0.222507476806641 0.207673206925392 0.227465078234673 0.239786431193352 0.286289364099503 0.311983853578568 0.270425319671631 0.281810909509659 0.321044653654099 -3.4e+38 -3.4e+38 -3.4e+38 -3.4e+38 -3.4e+38 -3.4e+38 -3.4e+38 -3.4e+38 -3.4e+38 -3.4e+38 -3.4e+38 -3.4e+38 -3.4e+38 -3.4e+38
0.242239534854889 0.238101303577423 0.256648391485214 0.261105835437775 0.252023547887802 0.257060617208481 0.211782053112984 0.236651569604874 0.252098798751831 0.254554957151413 0.275841623544693 0.300918072462082 0.261262863874435 0.267334550619125 0.254362046718597 0.240818753838539 0.206407606601715 0.21460685133934 0.188187494874001 0.197476714849472 0.254875242710114 0.21150666475296 0.205465912818909 0.208439722657204 0.211335331201553 0.186765179038048 0.218199849128723 0.245376259088516 0.268908977508545 0.296188920736313 0.250443249940872 0.24318939447403 0.292869359254837 0.303460866212845 -3.4e+38 -3.4e+38 -3.4e+38 -3.4e+38 -3.4e+38 -3.4e+38 -3.4e+38 -3.4e+38 -3.4e+38 -3.4e+38 -3.4e+38 -3.4e+38 -3.4e+38
0.233988612890244 0.271498560905457 0.244555056095123 0.24490562081337 0.225682750344276 0.221733823418617 0.234890729188919 0.254790812730789 0.273633390665054 0.233838573098183 0.246490031480789 0.259730607271194 0.254076689481735 0.250824511051178 0.236810311675072 0.210044234991074 0.205412492156029 0.210117980837822 0.189158290624619 0.25345367193222 0.241959050297737 0.200317725539207 0.189427077770233 0.200527921319008 0.180873528122902 0.189635679125786 0.216732352972031 0.224792689085007 0.277954131364822 0.263713479042053 0.222901374101639 0.233458071947098 0.256794691085815 0.287263154983521 0.293532431125641 -3.4e+38 -3.4e+38 -3.4e+38 -3.4e+38 -3.4e+38 -3.4e+38 -3.4e+38 -3.4e+38 -3.4e+38 -3.4e+38 -3.4e+38 -3.4e+38
