output/projections/03_MH/Cassia ferruginea.asc
NCOLS 168 
NROWS 144 
XLLCORNER -41.0000000002598 
YLLCORNER -7.99999999976785 
CELLSIZE 0.0416666666664048 
NODATA_value -3.4e+38 
[rows 105 to 125 of 144, columns 47 to 93 of 168]
0.203035712242126 0.166326880455017 0.248614072799683 0.203019499778748 0.141063645482063 0.125493571162224 0.107356831431389 0.112312652170658 0.208008155226707 0.475024402141571 0.726530969142914 0.75138121843338 0.455404788255692 0.510956287384033 0.43038073182106 0.655174672603607 0.469063848257065 0.20366033911705 0.194310694932938 0.128368735313416 0.278681844472885 0.140123024582863 0.154902040958405 0.38369420170784 0.164568424224854 0.163853213191032 0.252511858940125 0.327736020088196 0.335798412561417 0.228719711303711 0.185857996344566 0.185857996344566 0.167306795716286 0.115484222769737 0.115156933665276 0.181991845369339 0.160808652639389 0.135183081030846 0.11222043633461 0.0972221791744232 0.0606266185641289 0.0737478211522102 0.102014020085335 0.108361929655075 0.0769792497158051 0.0732608586549759 0.0863673910498619
0.282084673643112 0.314857393503189 0.225022077560425 0.151652708649635 0.182704120874405 0.174066841602325 0.112733699381351 0.264729082584381 0.134749323129654 0.373569190502167 0.696222722530365 0.584510862827301 0.578938186168671 0.273733079433441 0.413909286260605 0.575813591480255 0.29839700460434 0.211180001497269 0.181394770741463 0.16920779645443 0.180052295327187 0.177443280816078 0.273414731025696 0.441598385572433 0.275964826345444 0.233887672424316 0.191031560301781 0.15886490046978 0.218458965420723 0.219916999340057 0.177639231085777 0.153132155537605 0.152586162090302 0.109179377555847 0.126695349812508 0.184405565261841 0.127958372235298 0.112641178071499 0.0998435989022255 0.0780740976333618 0.0683598816394806 0.0679232180118561 0.09073106944561 0.089349277317524 0.121838353574276 0.0960854738950729 0.081821896135807
0.355824738740921 0.293447613716125 0.21134577691555 0.158302292227745 0.220455229282379 0.179577201604843 0.111057750880718 0.271730095148087 0.202012792229652 0.474088698625565 0.27760174870491 0.665245473384857 0.474900841712952 0.223915502429008 0.485145330429077 0.272373497486115 0.226679101586342 0.277969658374786 0.272920966148376 0.353401929140091 0.200691223144531 0.193170219659805 0.37487468123436 0.375749796628952 0.318172216415405 0.247760072350502 0.181461200118065 0.179589986801147 0.161676898598671 0.192322552204132 0.170368194580078 0.131068512797356 0.135333031415939 0.145507529377937 0.11535333096981 0.105275474488735 0.111801065504551 0.08071368932724 0.0719343423843384 0.0699887126684189 0.0731738656759262 0.0770703926682472 0.0715617388486862 0.11183725297451 0.142659559845924 0.0911403372883797 0.0995392352342606
0.335798412561417 0.278681844472885 0.224944069981575 0.145794212818146 0.354226142168045 0.452262550592422 0.229391694068909 0.209603250026703 0.241978049278259 0.273393958806992 0.646782219409943 0.487251847982407 0.288237482309341 0.285649448633194 0.291139721870422 0.155925646424294 0.185406804084778 0.302374720573425 0.477894067764282 0.217415988445282 0.20823447406292 0.301908075809479 0.426368862390518 0.211180001497269 0.218289151787758 0.288778871297836 0.236226826906204 0.167473390698433 0.153835251927376 0.144156768918037 0.163912668824196 0.160376206040382 0.0919406712055206 0.114728011190891 0.198956996202469 0.120617777109146 0.0808495506644249 0.0727833658456802 0.081279531121254 0.093467004597187 0.0690811574459076 0.1037313118577 0.0994979441165924 0.139087691903114 0.0954189524054527 0.0932966023683548 0.103009775280952
0.325534075498581 0.302829205989838 0.24141101539135 0.147861704230309 0.19892130792141 0.453929305076599 0.356476664543152 0.440802127122879 0.573790788650513 0.416637152433395 0.44530588388443 0.313048988580704 0.223209768533707 0.259437829256058 0.151619210839272 0.155806168913841 0.428369164466858 0.42824575304985 0.250797480344772 0.219731494784355 0.22118067741394 0.247641876339912 0.180145964026451 0.219575852155685 0.173306480050087 0.304580599069595 0.281231582164764 0.215593174099922 0.147894516587257 0.120045363903046 0.11480263620615 0.200334280729294 0.154228910803795 0.120753832161427 0.10462948679924 0.0710944682359695 0.0650451555848122 0.128768548369408 0.118198625743389 0.113874331116676 0.0656384453177452 0.0958234071731567 0.185873165726662 0.129769563674927 0.0787096470594406 0.101078115403652 0.108993507921696
0.388691455125809 0.364295661449432 0.23528790473938 0.187001302838326 0.185585364699364 0.192513942718506 0.345218032598495 0.389267355203629 0.332949668169022 0.261647075414658 0.313362091779709 0.283610969781876 0.211883217096329 0.179524093866348 0.166176959872246 0.23922424018383 0.420751869678497 0.375102460384369 0.22864080965519 0.233133032917976 0.200938761234283 0.193595170974731 0.191628128290176 0.140577763319016 0.229074880480766 0.605089426040649 0.476725190877914 0.299032688140869 0.168666452169418 0.106150671839714 0.376852869987488 0.231708452105522 0.182620376348495 0.103450424969196 0.0858983248472214 0.0782786086201668 0.0853171572089195 0.169852167367935 0.136528164148331 0.109277486801147 0.0808220505714417 0.0834197103977203 0.125102460384369 0.135119527578354 0.0887621566653252 0.0980466231703758 0.132066339254379
0.380707502365112 0.288778871297836 0.265970826148987 0.232857391238213 0.221024289727211 0.211028769612312 0.215271532535553 0.323108226060867 0.226886346936226 0.287913680076599 0.28532737493515 0.249216333031654 0.189676359295845 0.179430678486824 0.275123178958893 0.252213954925537 0.340251177549362 0.293316096067429 0.273625105619431 0.230879276990891 0.159417480230331 0.349778681993484 0.180212050676346 0.148393735289574 0.162577509880066 0.419920325279236 0.552004754543304 0.416662573814392 0.232444405555725 0.106909446418285 0.304804891347885 0.146685302257538 0.115484222769737 0.0862299650907516 0.0869767665863037 0.079887330532074 0.0979970321059227 0.116594389081001 0.165148928761482 0.203557476401329 0.105751283466816 0.0976655632257462 0.156056627631187 0.126960083842278 0.0933124199509621 0.0936623811721802 0.111794158816338
0.374761313199997 0.303470253944397 0.305255651473999 0.31427001953125 0.276808083057404 0.23436713218689 0.218854188919067 0.26246240735054 0.283370912075043 0.351698964834213 0.282939314842224 0.225680023431778 0.202977374196053 0.26286718249321 0.303020983934402 0.267922788858414 0.238516598939896 0.217022642493248 0.226480811834335 0.165743067860603 0.298587143421173 0.325534075498581 0.270411014556885 0.131707444787025 0.172192052006721 0.297515064477921 0.271952301263809 0.207836821675301 0.176410719752312 0.13495808839798 0.152586162090302 0.101244121789932 0.102106422185898 0.0840102061629295 0.0883845835924149 0.0834549441933632 0.284888416528702 0.314969629049301 0.21696138381958 0.106150671839714 0.107374750077724 0.133638113737106 0.174609363079071 0.12055092304945 0.108958497643471 0.115617990493774 0.117696776986122
0.370817989110947 0.299917221069336 0.274887531995773 0.289402514696121 0.348489791154861 0.362008810043335 0.232105061411858 0.25678938627243 0.284227907657623 0.36395862698555 0.354588359594345 0.301242977380753 0.250125020742416 0.25570148229599 0.239283233880997 0.258993625640869 0.222823947668076 0.193635821342468 0.189716383814812 0.189716383814812 0.196282774209976 0.159907922148705 0.15274079144001 0.177733883261681 0.20167464017868 0.261428534984589 0.220609024167061 0.213444948196411 0.162186563014984 0.128686174750328 0.101244121789932 0.119157440960407 0.133085981011391 0.0814507231116295 0.100314490497112 0.163276374340057 0.27153867483139 0.256383776664734 0.171056807041168 0.0972946286201477 0.107779532670975 0.121447794139385 0.187001302838326 0.137049674987793 0.10733187943697 0.12534636259079 0.125216856598854
0.364935249090195 0.290270358324051 0.286510556936264 0.353291392326355 0.28051546216011 0.349054664373398 0.349447697401047 0.251197218894958 0.259741276502609 0.326427400112152 0.455330371856689 0.354858905076981 0.29947093129158 0.29083189368248 0.260615259408951 0.239299029111862 0.24549300968647 0.237004086375237 0.217722877860069 0.214153662323952 0.213444948196411 0.170368194580078 0.134552121162415 0.208562716841698 0.180808082222939 0.288303971290588 0.19159708917141 0.136939153075218 0.119523368775845 0.112604185938835 0.11696245521307 0.185249075293541 0.141631290316582 0.109805338084698 0.124172978103161 0.195812359452248 0.286510556936264 0.222017377614975 0.147918075323105 0.107374750077724 0.12099864333868 0.126444071531296 0.157038703560829 0.162701174616814 0.107675559818745 0.118451811373234 0.132143244147301
0.388280600309372 0.314865261316299 0.27125084400177 0.338591694831848 0.29345515370369 0.303688287734985 0.411062747240067 0.304054111242294 0.287882804870605 0.346186131238937 0.327736020088196 0.353291392326355 0.414664953947067 0.400934219360352 0.358190149068832 0.258185267448425 0.257378578186035 0.237004086375237 0.22946435213089 0.206451907753944 0.204387336969376 0.182689160108566 0.169244393706322 0.192978337407112 0.182620376348495 0.171563401818275 0.13251581788063 0.165071606636047 0.170964971184731 0.116527691483498 0.128347814083099 0.216307058930397 0.167499452829361 0.161131516098976 0.110650725662708 0.108177281916142 0.262997180223465 0.275728732347488 0.192183613777161 0.145269900560379 0.113156124949455 0.126840248703957 0.178504049777985 0.228647232055664 0.111286334693432 0.111025758087635 0.217182442545891
0.412083864212036 0.332949668169022 0.431810706853867 0.541573405265808 0.490412503480911 0.462024599313736 0.529471218585968 0.354365974664688 0.368965327739716 0.350973099470139 0.356757193803787 0.391289174556732 0.347863256931305 0.374114692211151 0.345266491174698 0.303020983934402 0.333184838294983 0.235402047634125 0.309290319681168 0.245410159230232 0.280508100986481 0.22944900393486 0.236988395452499 0.240067377686501 0.172229170799255 0.207174226641655 0.193635821342468 0.225758194923401 0.177706554532051 0.138583585619926 0.150056377053261 0.19497162103653 0.27711695432663 0.183966681361198 0.134127035737038 0.135067269206047 0.261647075414658 0.204780086874962 0.233139544725418 0.17210166156292 0.142112895846367 0.124523743987083 0.157880157232285 0.168825179338455 0.140582159161568 0.139865338802338 0.131715774536133
0.493968993425369 0.391816437244415 0.335318207740784 0.343827903270721 0.303674787282944 0.345909476280212 0.56904011964798 0.46063095331192 0.457505106925964 0.353401929140091 0.394834697246552 0.353859812021255 0.36395862698555 0.389693766832352 0.373127937316895 0.372142285108566 0.258628576993942 0.258402049541473 0.406986087560654 0.490040361881256 0.395726919174194 0.429551720619202 0.396976590156555 0.233952283859253 0.236161783337593 0.355842679738998 0.295274049043655 0.248630285263062 0.16455465555191 0.171655490994453 0.182704120874405 0.21624593436718 0.251709997653961 0.211989164352417 0.157681882381439 0.150996327400208 0.249614402651787 0.200691223144531 0.214560121297836 0.154819026589394 0.17682871222496 0.138368517160416 0.143148556351662 0.208199128508568 0.226848736405373 0.210993081331253 0.130275890231133
0.473959922790527 0.406986087560654 0.337200254201889 0.328772395849228 0.307252794504166 0.359383583068848 0.478056043386459 0.472519785165787 0.40074834227562 0.376709342002869 0.441429674625397 0.392821609973907 0.393827706575394 0.446379691362381 0.340251177549362 0.293757051229477 0.27153867483139 0.279109477996826 0.324349969625473 0.297515064477921 0.279530167579651 0.271952301263809 0.248546719551086 0.261358916759491 0.26544913649559 0.325872808694839 0.270482152700424 0.19631227850914 0.188438802957535 0.225680023431778 0.23680853843689 0.223367258906364 0.250626891851425 0.292010635137558 0.216699466109276 0.174995064735413 0.250131845474243 0.291352599859238 0.266279190778732 0.168825179338455 0.209191545844078 0.216252103447914 0.145229652523994 0.154130056500435 0.236906722187996 0.168960973620415 0.153241604566574
0.515695810317993 0.463978230953217 0.356742560863495 0.427677690982819 0.43284547328949 0.34686404466629 0.457275986671448 0.418688118457794 0.496172338724136 0.403378993272781 0.520063459873199 0.412957519292831 0.412272989749908 0.542353808879852 0.421157866716385 0.455743014812469 0.46726855635643 0.356742560863495 0.489638239145279 0.464369177818298 0.311550557613373 0.28532737493515 0.319087594747543 0.325733482837677 0.2987200319767 0.25416824221611 0.205778375267982 0.205719456076622 0.233774036169052 0.253807693719864 0.311238437891006 0.248825490474701 0.317705154418945 0.510001599788666 0.33908748626709 0.295307278633118 0.384267359972 0.344779789447784 0.2818703353405 0.207799956202507 0.225384309887886 0.230578780174255 0.141092345118523 0.1479272544384 0.160489857196808 0.169390723109245 0.163117527961731
0.531037330627441 0.488469213247299 0.393681764602661 0.369805067777634 0.362300843000412 0.420947700738907 0.408666759729385 0.416028529405594 0.609926640987396 0.610534727573395 0.530009150505066 0.425614923238754 0.479881435632706 0.345218032598495 0.294833660125732 0.345909476280212 0.395626693964005 0.562086045742035 0.707200765609741 0.702717542648315 0.603167057037354 0.509412407875061 0.413591474294662 0.434632062911987 0.375216364860535 0.288099884986877 0.23151595890522 0.257015019655228 0.41052708029747 0.465933412313461 0.505287170410156 0.547421157360077 0.579990446567535 0.485720276832581 0.415622651576996 0.403789728879929 0.428710013628006 0.410914778709412 0.342364460229874 0.279762744903564 0.273854613304138 0.243171066045761 0.151401579380035 0.151393383741379 0.145213827490807 0.154116421937943 0.16101935505867
0.549562156200409 0.486198514699936 0.394014060497284 0.473849534988403 0.398315936326981 0.382264465093613 0.385455757379532 0.38759058713913 0.425275981426239 0.44184735417366 0.682986855506897 0.638427078723907 0.385659992694855 0.327707916498184 0.359383583068848 0.365487545728683 0.435539364814758 0.608893275260925 0.531998157501221 0.52124035358429 0.468281000852585 0.357154160737991 0.326200664043427 0.371157646179199 0.269455105066299 0.316345661878586 0.303020983934402 0.323685348033905 0.380056828260422 0.359427630901337 0.429617673158646 0.457085132598877 0.454355955123901 0.395842581987381 0.376318335533142 0.344265580177307 0.327341079711914 0.393681764602661 0.357710689306259 0.308150976896286 0.276765167713165 0.210670411586761 0.166922479867935 0.152479931712151 0.146965354681015 0.145630657672882 0.345285594463348
0.505658686161041 0.489849239587784 0.432292252779007 0.574661374092102 0.454138576984406 0.492099285125732 0.455325484275818 0.456444978713989 0.442881762981415 0.44913238286972 0.515357613563538 0.465658277273178 0.414589047431946 0.309703826904297 0.425063997507095 0.504747331142426 0.468596667051315 0.40277510881424 0.323638409376144 0.403789728879929 0.353859812021255 0.352328658103943 0.287671446800232 0.272373497486115 0.301690757274628 0.382697641849518 0.405094176530838 0.386035144329071 0.398482710123062 0.453060328960419 0.448973804712296 0.438691973686218 0.389282524585724 0.354365974664688 0.476162970066071 0.530553877353668 0.420469462871552 0.425888270139694 0.398048013448715 0.320320248603821 0.236605748534203 0.203375563025475 0.184916645288467 0.166252225637436 0.150165244936943 0.170261815190315 0.173990190029144
0.477431118488312 0.583256423473358 0.509042739868164 0.616539478302002 0.520621120929718 0.456444978713989 0.44184735417366 0.601052284240723 0.500548481941223 0.458481311798096 0.503379940986633 0.664650857448578 0.630711078643799 0.561244547367096 0.449989557266235 0.689993858337402 0.694610178470612 0.474202275276184 0.354993790388107 0.635668456554413 0.546836972236633 0.372900664806366 0.347141087055206 0.301020175218582 0.400363713502884 0.429425120353699 0.465874195098877 0.418867766857147 0.422507017850876 0.456178158521652 0.423658013343811 0.453381896018982 0.43887385725975 0.439351499080658 0.343314409255981 0.320623338222504 0.329191505908966 0.489012360572815 0.357701331377029 0.26735132932663 0.225664094090462 0.22151418030262 0.195119217038155 0.16644524037838 0.143441006541252 0.136439442634583 0.161599099636078
0.513256907463074 0.526874363422394 0.546790421009064 0.62009471654892 0.550966382026672 0.485857874155045 0.393688499927521 0.479347586631775 0.444315761327744 0.592069685459137 0.835845232009888 0.833323001861572 0.80731600522995 0.721599578857422 0.54499226808548 0.751674711704254 0.679402589797974 0.47388967871666 0.700648963451385 0.60926753282547 0.399736225605011 0.331999748945236 0.442469537258148 0.316313087940216 0.464955687522888 0.456695109605789 0.382289171218872 0.463723570108414 0.467243403196335 0.492936193943024 0.443341910839081 0.451629519462585 0.444550782442093 0.390666633844376 0.357701331377029 0.302953630685806 0.402595400810242 0.637847363948822 0.429347395896912 0.256431758403778 0.271231204271317 0.273584574460983 0.229982942342758 0.256535589694977 0.273845314979553 0.603655576705933 0.698808431625366
0.661538422107697 0.380678653717041 0.461492985486984 0.693847119808197 0.673661768436432 0.732420682907104 0.735489964485168 0.621168792247772 0.549074113368988 0.661467909812927 0.867117822170258 0.837536990642548 0.777814924716949 0.601558148860931 0.608256340026855 0.790057837963104 0.550683319568634 0.687232375144958 0.745308101177216 0.511144280433655 0.424245774745941 0.645439624786377 0.550923645496368 0.476618409156799 0.486112952232361 0.465933412313461 0.353401929140091 0.562753617763519 0.51479160785675 0.533020734786987 0.461379021406174 0.44350990653038 0.474622040987015 0.38525578379631 0.380684077739716 0.453369915485382 0.632308721542358 0.705830991268158 0.420363336801529 0.408652186393738 0.783902883529663 0.78461629152298 0.659957885742188 0.740124762058258 0.61196631193161 0.658024191856384 0.746066570281982
