output/projections/03_MH/Cassia ferruginea.asc
NCOLS 168 
NROWS 144 
XLLCORNER -41.0000000002598 
YLLCORNER -7.99999999976785 
CELLSIZE 0.0416666666664048 
NODATA_value -3.4e+38 
[rows 21 to 41 of 144, columns 0 to 46 of 168]
0.42557817697525 0.448779374361038 0.452281445264816 0.451892077922821 0.417338073253632 0.447418808937073 0.444505989551544 0.448196172714233 0.437531143426895 0.446059018373489 0.445864856243134 0.445282369852066 0.452281445264816 0.448390543460846 0.451113522052765 0.459104239940643 0.452086746692657 0.457738369703293 0.463791757822037 0.453644752502441 0.410979032516479 0.43927276134491 0.46711602807045 0.445864945650101 0.452476233243942 0.449557274580002 0.428973168134689 0.431670486927032 -3.4e+38 -3.4e+38 -3.4e+38 -3.4e+38 -3.4e+38 -3.4e+38 -3.4e+38 -3.4e+38 -3.4e+38 -3.4e+38 -3.4e+38 -3.4e+38 -3.4e+38 -3.4e+38 -3.4e+38 -3.4e+38 -3.4e+38 -3.4e+38 -3.4e+38
0.446059018373489 0.446447461843491 0.451502770185471 0.455788224935532 0.415809988975525 0.441403180360794 0.452086746692657 0.443535894155502 0.442760109901428 0.432508915662766 0.467047780752182 0.44237232208252 0.449946165084839 0.451113522052765 0.45033523440361 0.452476143836975 0.4538394510746 0.45520344376564 0.461251854896545 0.448779463768005 0.420399039983749 0.452086746692657 0.459885001182556 0.437724679708481 0.463596314191818 0.44741889834404 0.443729966878891 0.449362814426422 0.432827740907669 -3.4e+38 -3.4e+38 -3.4e+38 -3.4e+38 -3.4e+38 -3.4e+38 -3.4e+38 -3.4e+38 -3.4e+38 -3.4e+38 -3.4e+38 -3.4e+38 -3.4e+38 -3.4e+38 -3.4e+38 -3.4e+38 -3.4e+38 -3.4e+38
0.447613120079041 0.444311946630478 0.452086746692657 0.459494590759277 0.421165227890015 0.437724560499191 0.468026041984558 0.443923890590668 0.449751675128937 0.438111484050751 0.434438943862915 0.464505463838577 0.458450704813004 0.465874195098877 0.464505463838577 0.468613147735596 0.470962315797806 0.449168235063553 0.462814629077911 0.459885001182556 0.413520872592926 0.445476502180099 0.451697409152985 0.455983191728592 0.440240919589996 0.436951071023941 0.441209524869919 0.42224857211113 0.420907020568848 0.430706679821014 0.426087826490402 -3.4e+38 -3.4e+38 -3.4e+38 -3.4e+38 -3.4e+38 -3.4e+38 -3.4e+38 -3.4e+38 -3.4e+38 -3.4e+38 -3.4e+38 -3.4e+38 -3.4e+38 -3.4e+38 -3.4e+38 -3.4e+38
0.445670664310455 0.446447461843491 0.477232813835144 0.486258774995804 0.414474219083786 0.454940557479858 0.472529172897339 0.455330371856689 0.468613147735596 0.468417435884476 0.429232537746429 0.459621697664261 0.4598169028759 0.460988402366638 0.46509200334549 0.466656535863876 0.469983339309692 0.446059018373489 0.477428913116455 0.454618781805038 0.388691455125809 0.439659863710403 0.447613120079041 0.450724363327026 0.448973804712296 0.454229086637497 0.43946635723114 0.406989634037018 0.436757743358612 0.424551039934158 0.424551039934158 0.427626043558121 0.416374444961548 -3.4e+38 -3.4e+38 -3.4e+38 -3.4e+38 -3.4e+38 -3.4e+38 -3.4e+38 -3.4e+38 -3.4e+38 -3.4e+38 -3.4e+38 -3.4e+38 -3.4e+38 -3.4e+38
0.471549808979034 0.471941530704498 0.511069893836975 0.484884530305862 0.414092808961868 0.429425120353699 0.494567304849625 0.462941884994507 0.469200313091278 0.469983339309692 0.432508915662766 0.453966289758682 0.453187137842178 0.458450704813004 0.481018871068954 0.484943956136703 0.4598169028759 0.464896470308304 0.472920954227448 0.458128541707993 0.359092563390732 0.433666676282883 0.463919043540955 0.44625324010849 0.446641683578491 0.447224497795105 0.42884761095047 0.418293952941895 0.431159198284149 0.432894855737686 0.423399388790131 0.421098589897156 0.423399388790131 0.442692786455154 -3.4e+38 -3.4e+38 -3.4e+38 -3.4e+38 -3.4e+38 -3.4e+38 -3.4e+38 -3.4e+38 -3.4e+38 -3.4e+38 -3.4e+38 -3.4e+38 -3.4e+38
0.51891303062439 0.508516609668732 0.51676344871521 0.456958144903183 0.409974008798599 0.451240241527557 0.493585020303726 0.468808859586716 0.492406368255615 0.469004571437836 0.434825211763382 0.451240241527557 0.455525279045105 0.450851052999496 0.47258847951889 0.479057192802429 0.477684378623962 0.482588648796082 0.489460080862045 0.47213739156723 0.357154160737991 0.423364162445068 0.459426492452621 0.44237232208252 0.444505989551544 0.445282369852066 0.424041867256165 0.412568151950836 0.427308261394501 0.433859825134277 0.420523941516876 0.387851923704147 0.415552705526352 0.429936021566391 0.442886680364609 0.427684515714645 -3.4e+38 -3.4e+38 -3.4e+38 -3.4e+38 -3.4e+38 -3.4e+38 -3.4e+38 -3.4e+38 -3.4e+38 -3.4e+38 -3.4e+38
0.51714700460434 0.520295262336731 0.468094319105148 0.45929941534996 0.436564296483994 0.430966347455978 0.489067316055298 0.491227775812149 0.504194676876068 0.462160348892212 0.450267374515533 0.46743905544281 0.460402607917786 0.446379691362381 0.472392588853836 0.46652016043663 0.48298117518425 0.489263713359833 0.460207372903824 0.432508915662766 0.361035585403442 0.359665125608444 0.453771471977234 0.457865387201309 0.459036141633987 0.441209405660629 0.421740144491196 0.40565213561058 0.427308261394501 0.433087795972824 0.397729396820068 0.404526084661484 0.418227463960648 0.426664501428604 0.434565007686615 0.435724049806595 0.424801409244537 -3.4e+38 -3.4e+38 -3.4e+38 -3.4e+38 -3.4e+38 -3.4e+38 -3.4e+38 -3.4e+38 -3.4e+38 -3.4e+38
0.494567304849625 0.521472096443176 0.484884530305862 0.460080236196518 0.442954033613205 0.45046192407608 0.488478153944016 0.504391133785248 0.473116874694824 0.461183696985245 0.462551087141037 0.481803715229034 0.471549808979034 0.439707964658737 0.470238387584686 0.457505106925964 0.498094856739044 0.510668158531189 0.426455080509186 0.482588648796082 0.335210382938385 0.335318207740784 0.468085289001465 0.455135464668274 0.455720216035843 0.460793137550354 0.402805805206299 0.432894736528397 0.449557185173035 0.397541165351868 0.418293952941895 0.430003017187119 0.418227463960648 0.422823876142502 0.423591256141663 0.408185929059982 0.413893759250641 0.425954043865204 0.413321912288666 0.432114779949188 -3.4e+38 -3.4e+38 -3.4e+38 -3.4e+38 -3.4e+38 -3.4e+38 -3.4e+38
0.516558229923248 0.537126541137695 0.492346882820129 0.4793900847435 0.460988402366638 0.457670301198959 0.485140264034271 0.534585416316986 0.477036744356155 0.460988402366638 0.474292516708374 0.461964994668961 0.494174391031265 0.450267374515533 0.398871541023254 0.465933412313461 0.488665580749512 0.501828014850616 0.470825791358948 0.456110119819641 0.297845125198364 0.297065109014511 0.462585538625717 0.473959922790527 0.480037957429886 0.440628200769424 0.328665643930435 0.459231317043304 0.421165227890015 0.38668966293335 0.426154673099518 0.43559804558754 0.417080521583557 0.41688945889473 0.423591256141663 0.404962331056595 0.428588151931763 0.408945560455322 0.406478315591812 0.421348422765732 0.425377607345581 0.43655589222908 0.41693902015686 -3.4e+38 -3.4e+38 -3.4e+38 -3.4e+38
0.527931213378906 0.508516609668732 0.484688222408295 0.481548100709915 0.445864856243134 0.459036141633987 0.483177423477173 0.502622902393341 0.48965647816658 0.480037957429886 0.541345655918121 0.500068604946136 0.481803715229034 0.473568052053452 0.412553787231445 0.520848095417023 0.489358842372894 0.493814796209335 0.579839766025543 0.49868431687355 0.25092351436615 0.302783966064453 0.50076824426651 0.500256180763245 0.46059787273407 0.411211401224136 0.336150616407394 0.438498467206955 0.336475521326065 0.3718022108078 0.451502770185471 0.436951071023941 0.401500642299652 0.436177790164948 0.426087826490402 0.417845040559769 0.421481817960739 0.408375799655914 0.405341148376465 0.416374444961548 0.420965224504471 0.424609363079071 0.419999152421951 -3.4e+38 -3.4e+38 -3.4e+38 -3.4e+38
0.500854551792145 0.477232813835144 0.507927298545837 0.487044125795364 0.477624982595444 0.462355703115463 0.460207372903824 0.510078966617584 0.479057192802429 0.532943665981293 0.552640497684479 0.52048248052597 0.487496316432953 0.501828014850616 0.465346723794937 0.412957519292831 0.375719875097275 0.443849056959152 0.690800130367279 0.476507931947708 0.23540860414505 0.284888416528702 0.506072998046875 0.473176211118698 0.431351840496063 0.358122795820236 0.395726919174194 0.38369420170784 0.338979095220566 0.3718022108078 0.449168235063553 0.409355729818344 0.418293952941895 0.434825301170349 0.444506078958511 0.416698426008224 0.414598613977432 0.423207521438599 0.422440320253372 0.427818447351456 0.400236696004868 0.448711842298508 0.408557236194611 0.415220499038696 -3.4e+38 -3.4e+38 -3.4e+38
0.501042127609253 0.560449182987213 0.572800159454346 0.544076323509216 0.545517444610596 0.472333282232285 0.455330371856689 0.488469213247299 0.562173426151276 0.627922475337982 0.574145793914795 0.555747270584106 0.511060953140259 0.494754821062088 0.516873419284821 0.522417008876801 0.504501283168793 0.411935776472092 0.531820178031921 0.371915221214294 0.243539914488792 0.458536595106125 0.470434188842773 0.426994264125824 0.349447697401047 0.346577674150467 0.392706245183945 0.334271460771561 0.375749796628952 0.406885504722595 0.373773902654648 0.353291392326355 0.432894736528397 0.448001801967621 0.460470736026764 0.440240919589996 0.403958261013031 0.43946635723114 0.426856756210327 0.416507393121719 0.392527043819427 0.437077194452286 0.422306835651398 0.397589981555939 0.431921929121017 0.414838880300522 -3.4e+38
0.625139057636261 0.549774289131165 0.517709016799927 0.795091450214386 0.572173476219177 0.484099358320236 0.46157431602478 0.451434880495071 0.49377253651619 0.512554585933685 0.604884326457977 0.660309970378876 0.584089398384094 0.546270251274109 0.549190640449524 0.516284644603729 0.496326565742493 0.471021622419357 0.352896362543106 0.233139544725418 0.401761293411255 0.469259560108185 0.416175782680511 0.358694642782211 0.321809232234955 0.405435264110565 0.396735578775406 0.304947018623352 0.399351924657822 0.406268656253815 0.337092161178589 0.396735578775406 0.339924484491348 0.4598169028759 0.454813659191132 0.433087795972824 0.394721120595932 0.428655117750168 0.438305050134659 0.410218209028244 0.410028100013733 0.418801248073578 0.418476819992065 0.414656579494476 0.408367335796356 0.377559334039688 -3.4e+38
0.553273439407349 0.482383489608765 0.570429801940918 0.765327870845795 0.571018755435944 0.498496770858765 0.508713006973267 0.463919043540955 0.471217453479767 0.536904573440552 0.569232881069183 0.68702495098114 0.574512720108032 0.631038665771484 0.504578649997711 0.492397427558899 0.470238387584686 0.470042616128922 0.284437745809555 0.258215844631195 0.505287170410156 0.442469537258148 0.397861003875732 0.327355116605759 0.319971591234207 0.445991277694702 0.335210382938385 0.28051546216011 0.393299490213394 0.356186717748642 0.306737273931503 0.399351924657822 0.362583369016647 0.422621458768845 0.438691973686218 0.422507017850876 0.420399039983749 0.416573822498322 0.403390675783157 0.404904782772064 0.396036267280579 0.437337845563889 0.431092143058777 0.411798119544983 0.370017021894455 0.369905769824982 0.387283980846405
0.507840991020203 0.535927355289459 0.558705925941467 0.555941343307495 0.510677099227905 0.50596284866333 0.514015257358551 0.475664436817169 0.482392430305481 0.468085289001465 0.490412503480911 0.630098462104797 0.625164031982422 0.545245826244354 0.497112452983856 0.44350990653038 0.489358842372894 0.490040361881256 0.255379408597946 0.417051941156387 0.374341249465942 0.439351499080658 0.360174983739853 0.352439075708389 0.351934134960175 0.391289174556732 0.29345515370369 0.28874796628952 0.358694642782211 0.302797436714172 0.309965282678604 0.308164566755295 0.295724302530289 0.32506138086319 0.50332248210907 0.46059787273407 0.437724560499191 0.400778979063034 0.414855748414993 0.42154848575592 0.338360786437988 0.454229086637497 0.446836054325104 0.406099140644073 0.368075847625732 0.365155845880508 0.38653826713562
0.490412503480911 0.610293090343475 0.689018845558167 0.641948521137238 0.54816734790802 0.557105183601379 0.51185542345047 0.466460943222046 0.516165673732758 0.466128975152969 0.475111395120621 0.82637757062912 0.926226735115051 0.88885623216629 0.613863945007324 0.474547833204269 0.443490505218506 0.358694642782211 0.259408921003342 0.296185433864594 0.284030228853226 0.420751869678497 0.340033024549484 0.354365974664688 0.379827886819839 0.330146372318268 0.267929941415787 0.26266211271286 0.293971061706543 0.247444674372673 0.238545581698418 0.316659599542618 0.226110100746155 0.675452589988708 0.70262336730957 0.600744485855103 0.423245429992676 0.446379691362381 0.425743699073792 0.411211401224136 0.384691715240479 0.430966436862946 0.421673476696014 0.37192302942276 0.324808150529861 0.364245355129242 0.397410124540329
0.524828672409058 0.679762482643127 0.740562915802002 0.601269781589508 0.577601075172424 0.509498715400696 0.493388593196869 0.46157431602478 0.431619226932526 0.492099285125732 0.835186123847961 0.934110701084137 0.953268826007843 0.925741970539093 0.848556518554688 0.652454614639282 0.451045632362366 0.296603173017502 0.277622699737549 0.269682437181473 0.282318532466888 0.352881819009781 0.342877298593521 0.365047365427017 0.276777923107147 0.340033024549484 0.249018296599388 0.223183661699295 0.221379607915878 0.200345948338509 0.174964115023613 0.674289584159851 0.491830557584763 0.688169598579407 0.848571002483368 0.729621946811676 0.521632611751556 0.471413284540176 0.369834810495377 0.406452059745789 0.419824630022049 0.398482710123062 0.380414813756943 0.303912192583084 0.34717521071434 0.369905769824982 0.366249710321426
0.824653029441833 0.706985354423523 0.58160525560379 0.538612484931946 0.512631952762604 0.510471761226654 0.513417303562164 0.47258847951889 0.384267359972 0.648312330245972 0.911334216594696 0.918845057487488 0.940156817436218 0.917814671993256 0.90363472700119 0.595454812049866 0.356757193803787 0.248230651021004 0.268852829933167 0.280613094568253 0.28528368473053 0.397714585065842 0.390270203351974 0.292681843042374 0.251807987689972 0.268024832010269 0.203061535954475 0.253547698259354 0.187465906143188 0.44466307759285 0.610747218132019 0.663526356220245 0.792350590229034 0.914216458797455 0.884638547897339 0.637668251991272 0.595429182052612 0.321372181177139 0.411062747240067 0.429425120353699 0.418676495552063 0.374018460512161 0.274463891983032 0.25558078289032 0.341463983058929 0.383754819631577 0.364609450101852
0.92579597234726 0.751935601234436 0.54743880033493 0.492004543542862 0.49742802977562 0.687670052051544 0.575490415096283 0.465346723794937 0.413980036973953 0.38845631480217 0.80365777015686 0.843644559383392 0.742763638496399 0.735278725624084 0.629643321037292 0.463001042604446 0.281017661094666 0.250598609447479 0.227989599108696 0.296589881181717 0.284424781799316 0.407856434583664 0.31085416674614 0.24628834426403 0.218817546963692 0.241205513477325 0.148459494113922 0.403159767389297 0.235386580228806 0.36210972070694 0.633059203624725 0.603213906288147 0.88168865442276 0.890933930873871 0.802663803100586 0.742463171482086 0.552976310253143 0.361609488725662 0.316687226295471 0.281367182731628 0.402805805206299 0.322763025760651 0.212588146328926 0.263508707284927 0.309096366167068 0.374018460512161 0.386546552181244
0.941526234149933 0.810961604118347 0.565266072750092 0.499785810709 0.583282291889191 0.62017834186554 0.515969395637512 0.468085289001465 0.413980036973953 0.376046389341354 0.421103596687317 0.891674995422363 0.897166013717651 0.710537731647491 0.468672394752502 0.322730094194412 0.241989746689796 0.254998683929443 0.235495686531067 0.240434676408768 0.272059857845306 0.390998005867004 0.302783966064453 0.22982032597065 0.246958151459694 0.252487778663635 0.155224293470383 0.160109683871269 0.280177921056747 0.687349677085876 0.444060415029526 0.454123646020889 0.783875167369843 0.477088868618011 0.475024402141571 0.818108022212982 0.515942692756653 0.328284204006195 0.291709810495377 0.257594883441925 0.291139721870422 0.230605497956276 0.200691223144531 0.269043922424316 0.317915856838226 0.390664339065552 0.384870588779449
0.935925185680389 0.948335349559784 0.750172197818756 0.570280730724335 0.517265975475311 0.487094640731812 0.554050326347351 0.521974265575409 0.431469261646271 0.422525644302368 0.371373981237411 0.658717095851898 0.565760612487793 0.484149843454361 0.358233988285065 0.290070176124573 0.28747233748436 0.219207003712654 0.256974071264267 0.213106498122215 0.288899898529053 0.576881229877472 0.278791040182114 0.19729682803154 0.265702843666077 0.25089955329895 0.173384308815002 0.1612468957901 0.186824515461922 0.230063617229462 0.209820404648781 0.22788293659687 0.267861276865005 0.474338054656982 0.375667661428452 0.583330392837524 0.582300961017609 0.29794630408287 0.358233988285065 0.254382818937302 0.225410595536232 0.161555677652359 0.236431032419205 0.251991122961044 0.27826189994812 0.390055954456329 0.327588260173798
