output/projections/03_MH/Cassia ferruginea.asc
NCOLS 168 
NROWS 144 
XLLCORNER -41.0000000002598 
YLLCORNER -7.99999999976785 
CELLSIZE 0.0416666666664048 
NODATA_value -3.4e+38 
[rows 105 to 125 of 144, columns 94 to 140 of 168]
0.0821739584207535 0.0834626108407974 0.20544296503067 0.137366220355034 0.173402592539787 0.161646544933319 0.119182296097279 0.0945657044649124 0.0993585884571075 0.128212109208107 0.176931232213974 0.248041167855263 0.10692036896944 0.280603647232056 0.227641642093658 0.17993076145649 0.153611734509468 0.165746659040451 0.244844675064087 0.399859875440598 0.38478347659111 0.587864577770233 0.484021961688995 0.288327127695084 0.225425362586975 0.196677178144455 0.204108074307442 0.318286955356598 0.245570406317711 0.193367689847946 0.206887036561966 0.240072131156921 0.558585405349731 0.474415749311447 0.287674635648727 0.391731023788452 0.448483556509018 0.450570225715637 0.514970302581787 0.543325841426849 0.556890308856964 0.655529677867889 0.728678584098816 0.728301405906677 0.703718602657318 0.677656054496765 0.604320704936981
0.0815401971340179 0.129193484783173 0.159727722406387 0.127207085490227 0.158441543579102 0.102437756955624 0.101424396038055 0.101651273667812 0.109608322381973 0.124734841287136 0.09091567248106 0.174373626708984 0.228793427348137 0.385667502880096 0.184961706399918 0.190774753689766 0.196982473134995 0.164005026221275 0.296938955783844 0.468662858009338 0.540611922740936 0.63363128900528 0.595467448234558 0.279645979404449 0.332617521286011 0.348468035459518 0.250213831663132 0.291492938995361 0.286599904298782 0.214189514517784 0.348714858293533 0.634729325771332 0.701429665088654 0.588221251964569 0.47346219420433 0.497100234031677 0.497505128383636 0.544817805290222 0.565969526767731 0.569336950778961 0.575528562068939 0.617499232292175 0.629674077033997 0.639877200126648 0.624312877655029 0.588024377822876 0.603543221950531
0.0834549441933632 0.0961980521678925 0.100274123251438 0.155252397060394 0.104787245392799 0.114826701581478 0.147396609187126 0.134636044502258 0.125043541193008 0.0980066880583763 0.0998086929321289 0.193830654025078 0.171016320586205 0.276668190956116 0.227240115404129 0.210211575031281 0.253109961748123 0.171872809529305 0.389142423868179 0.393158853054047 0.600452661514282 0.585820019245148 0.656487584114075 0.357412219047546 0.469194859266281 0.447320163249969 0.297086149454117 0.27206614613533 0.295328229665756 0.310575872659683 0.513251662254333 0.419375866651535 0.547155618667603 0.584130227565765 0.469259768724442 0.501316487789154 0.494343131780624 0.51364928483963 0.530480027198792 0.478096216917038 0.60483318567276 0.597757637500763 0.620097279548645 0.604272365570068 0.580864667892456 0.623421669006348 0.685640811920166
0.101078115403652 0.0976743996143341 0.103749945759773 0.110959574580193 0.109218366444111 0.109103441238403 0.126723036170006 0.0993642956018448 0.0974879488348961 0.110430002212524 0.114356391131878 0.22176568210125 0.286907017230988 0.244995340704918 0.307845741510391 0.285851716995239 0.290959984064102 0.196898207068443 0.231085374951363 0.440927863121033 0.510595440864563 0.449132859706879 0.404972821474075 0.370063900947571 0.282421320676804 0.357379853725433 0.261557310819626 0.540697455406189 0.30073344707489 0.462411403656006 0.630002856254578 0.597068071365356 0.792085349559784 0.688285291194916 0.465061694383621 0.416719734668732 0.476037114858627 0.499613255262375 0.501003801822662 0.491517961025238 0.599460422992706 0.663141906261444 0.622820734977722 0.581435739994049 0.672382771968842 0.663822293281555 0.716198444366455
0.122765049338341 0.0987627878785133 0.118670225143433 0.0975867509841919 0.114974737167358 0.115255944430828 0.11379785835743 0.104980885982513 0.10732314735651 0.114298619329929 0.176318064332008 0.184934750199318 0.143329098820686 0.20535346865654 0.222736209630966 0.396706759929657 0.327024012804031 0.219293847680092 0.277100116014481 0.435737729072571 0.471626818180084 0.396706759929657 0.356159090995789 0.349576860666275 0.266471236944199 0.500286996364594 0.331435889005661 0.495016813278198 0.419228941202164 0.638511300086975 0.753634393215179 0.827072262763977 0.816958546638489 0.59358012676239 0.352023303508759 0.496904373168945 0.650232553482056 0.61271345615387 0.586860597133636 0.509098947048187 0.697507619857788 0.65364807844162 0.514702498912811 0.71432226896286 0.741242408752441 0.744084596633911 0.738746821880341
0.127307936549187 0.103299774229527 0.158441543579102 0.119459450244904 0.103888764977455 0.102195508778095 0.141386240720749 0.122575983405113 0.109770983457565 0.123116888105869 0.186330214142799 0.199829176068306 0.143163934350014 0.317813366651535 0.329570025205612 0.420623779296875 0.39043927192688 0.251108288764954 0.28888076543808 0.452992916107178 0.46285480260849 0.400518983602524 0.310309529304504 0.289078503847122 0.483384907245636 0.627426385879517 0.469755828380585 0.574523866176605 0.679224252700806 0.736362397670746 0.783595323562622 0.815977394580841 0.594594895839691 0.48297107219696 0.771574795246124 0.82142835855484 0.706253230571747 0.590485811233521 0.544416129589081 0.560625612735748 0.693680107593536 0.58520781993866 0.566276788711548 0.771640002727509 0.740034639835358 0.713277995586395 0.706190705299377
0.135379940271378 0.121119037270546 0.177058652043343 0.114974737167358 0.11768114566803 0.116601891815662 0.130018129944801 0.158978953957558 0.118872746825218 0.153751567006111 0.139551728963852 0.152598664164543 0.188515976071358 0.21678926050663 0.327709496021271 0.380160957574844 0.372245520353317 0.289747685194016 0.340011477470398 0.501298010349274 0.510311961174011 0.37945893406868 0.314631730318069 0.476600140333176 0.624464809894562 0.500056266784668 0.540697455406189 0.580737769603729 0.740434587001801 0.704684317111969 0.722358286380768 0.754816234111786 0.500916957855225 0.533507704734802 0.696104824542999 0.759576499462128 0.671954095363617 0.458197295665741 0.481877774000168 0.709430396556854 0.709972321987152 0.697175920009613 0.717359721660614 0.771081030368805 0.744544923305511 0.697805941104889 0.697971642017365
0.128485664725304 0.130221083760262 0.209970146417618 0.118299901485443 0.111689083278179 0.124401427805424 0.129729881882668 0.141381293535233 0.143027201294899 0.131612554192543 0.15434268116951 0.120059877634048 0.115166783332825 0.154731675982475 0.244844675064087 0.264611482620239 0.35049507021904 0.352010190486908 0.41317343711853 0.47870409488678 0.420255869626999 0.367332637310028 0.400872081518173 0.509772419929504 0.446809560060501 0.449938058853149 0.504581451416016 0.446005403995514 0.484559118747711 0.478483617305756 0.552066087722778 0.473500639200211 0.447320163249969 0.516411066055298 0.807854294776917 0.826359570026398 0.598883271217346 0.522187530994415 0.743765890598297 0.778040826320648 0.720535814762115 0.689922213554382 0.692940473556519 0.687563419342041 0.64982008934021 0.683837056159973 0.697602808475494
0.128322765231133 0.166336983442307 0.180846571922302 0.121915467083454 0.128594040870667 0.12005690485239 0.136837229132652 0.128684118390083 0.15433968603611 0.133101835846901 0.322367787361145 0.117824427783489 0.136570870876312 0.170079931616783 0.232587113976479 0.262157440185547 0.333420008420944 0.445647746324539 0.436293572187424 0.478122383356094 0.414695382118225 0.381793558597565 0.411039501428604 0.406309872865677 0.388434231281281 0.469525963068008 0.452264308929443 0.363114535808563 0.433000952005386 0.56111615896225 0.680924534797668 0.488772392272949 0.577654898166656 0.665573537349701 0.90850418806076 0.900480508804321 0.807351589202881 0.795434474945068 0.797518789768219 0.704602897167206 0.652325689792633 0.651368856430054 0.650410771369934 0.666469514369965 0.72931170463562 0.780108153820038 0.752679228782654
0.16228449344635 0.15332093834877 0.167780235409737 0.136044710874557 0.142786845564842 0.11854861676693 0.135057225823402 0.194123074412346 0.161028683185577 0.213864654302597 0.319139808416367 0.116896592080593 0.115837186574936 0.173252165317535 0.254214495420456 0.329084455966949 0.367547154426575 0.408071517944336 0.360239326953888 0.435653030872345 0.440445810556412 0.423432350158691 0.407053470611572 0.409587800502777 0.407980859279633 0.508110702037811 0.445767641067505 0.384663194417953 0.45380911231041 0.605671346187592 0.740434587001801 0.684073984622955 0.86283951997757 0.866386711597443 0.912156343460083 0.887976944446564 0.826602935791016 0.651896178722382 0.641298651695251 0.674942314624786 0.719902396202087 0.70995968580246 0.708176255226135 0.71527111530304 0.710860967636108 0.737596333026886 0.753544688224792
0.207085788249969 0.21790012717247 0.15766978263855 0.138204872608185 0.126711472868919 0.120472140610218 0.206170558929443 0.417059689760208 0.20300355553627 0.342900007963181 0.278547644615173 0.118565440177917 0.138153001666069 0.244041442871094 0.270530313253403 0.317365705966949 0.347621023654938 0.304136127233505 0.3214330971241 0.389704048633575 0.468347311019897 0.404458165168762 0.445647746324539 0.38037845492363 0.518155217170715 0.504503190517426 0.443380206823349 0.385433703660965 0.455525577068329 0.559570610523224 0.752403616905212 0.793043494224548 0.80891090631485 0.848828315734863 0.902849674224854 0.858639299869537 0.757595062255859 0.721147477626801 0.754888117313385 0.700648963451385 0.708663284778595 0.713667809963226 0.703865587711334 0.726028978824615 0.720772564411163 0.684194266796112 0.739050090312958
0.243676215410233 0.248368725180626 0.182382091879845 0.136339992284775 0.137538895010948 0.152598664164543 0.300276547670364 0.313935786485672 0.240346193313599 0.462489247322083 0.243162453174591 0.14119279384613 0.17428657412529 0.164379596710205 0.215704590082169 0.239970460534096 0.280047684907913 0.277201920747757 0.339572727680206 0.416393786668777 0.420497864484787 0.430805146694183 0.483068436384201 0.449817925691605 0.500243961811066 0.462411403656006 0.47185680270195 0.391148805618286 0.510783016681671 0.63265198469162 0.754416406154633 0.831843376159668 0.878302812576294 0.880083322525024 0.862617373466492 0.842004358768463 0.843773663043976 0.775314450263977 0.699658989906311 0.686211168766022 0.656723380088806 0.661383986473083 0.662439286708832 0.647858798503876 0.653040826320648 0.653574883937836 0.647415578365326
0.130684897303581 0.270394057035446 0.180089443922043 0.175205424427986 0.129730463027954 0.153449177742004 0.258913040161133 0.384826183319092 0.271473050117493 0.500732898712158 0.247090592980385 0.225859612226486 0.210754781961441 0.22504948079586 0.276659965515137 0.301090359687805 0.379344671964645 0.338205724954605 0.370828062295914 0.432874113321304 0.428999185562134 0.485637545585632 0.507571041584015 0.436293572187424 0.428587257862091 0.401456505060196 0.406532496213913 0.428587257862091 0.538849413394928 0.702131927013397 0.826050639152527 0.846727609634399 0.822039067745209 0.875873744487762 0.866650998592377 0.851078569889069 0.78038489818573 0.703620433807373 0.655713438987732 0.647529244422913 0.646566331386566 0.595404267311096 0.584183990955353 0.677344858646393 0.626459419727325 0.70752614736557 0.710376083850861
0.142271548509598 0.132416695356369 0.185771152377129 0.220283046364784 0.134538918733597 0.205108538269997 0.274821400642395 0.461134135723114 0.285765379667282 0.429528176784515 0.376194983720779 0.327497512102127 0.266067683696747 0.295287281274796 0.369030356407166 0.381332069635391 0.410956144332886 0.418118953704834 0.41844442486763 0.429771572351456 0.373110473155975 0.451006859540939 0.445597499608994 0.356196641921997 0.44351527094841 0.527571022510529 0.481681674718857 0.452304869890213 0.69519054889679 0.826081037521362 0.773647129535675 0.858474791049957 0.905852794647217 0.900832116603851 0.890669465065002 0.878778278827667 0.770902991294861 0.736711323261261 0.711103796958923 0.649020254611969 0.565240919589996 0.570414245128632 0.581740081310272 0.705909848213196 0.695347607135773 0.703935384750366 0.694276630878448
0.151496633887291 0.143614932894707 0.151037439703941 0.218545123934746 0.280633419752121 0.289334267377853 0.436774671077728 0.468100011348724 0.365375101566315 0.455618679523468 0.404929339885712 0.308938354253769 0.326500713825226 0.382877916097641 0.445647746324539 0.370996028184891 0.427378863096237 0.424286216497421 0.395737260580063 0.420497864484787 0.372124820947647 0.391279131174088 0.403584182262421 0.497418165206909 0.571758508682251 0.50124716758728 0.435981929302216 0.508822321891785 0.777201175689697 0.846234619617462 0.877297580242157 0.917350947856903 0.918079912662506 0.906175553798676 0.878945648670197 0.84756875038147 0.766712307929993 0.741861581802368 0.706236064434052 0.576139628887177 0.552300751209259 0.588941335678101 0.709430396556854 0.736348152160645 0.725571930408478 0.708838164806366 0.733899652957916
0.208350598812103 0.168498426675797 0.218478217720985 0.354385286569595 0.457617819309235 0.388140618801117 0.477070420980453 0.521714627742767 0.529722929000854 0.355938464403152 0.283907383680344 0.322271436452866 0.376411557197571 0.400962233543396 0.389361828565598 0.380887418985367 0.423892647027969 0.361211627721786 0.353896677494049 0.358132719993591 0.38103312253952 0.366480380296707 0.430352538824081 0.488987326622009 0.455314069986343 0.427128106355667 0.487933814525604 0.738200485706329 0.830471277236938 0.866856038570404 0.864016592502594 0.901235997676849 0.867013871669769 0.849276602268219 0.756438553333282 0.746504664421082 0.693540930747986 0.703308999538422 0.64273864030838 0.60113251209259 0.68541693687439 0.749172389507294 0.746351063251495 0.750641584396362 0.750879645347595 0.726509869098663 0.788488149642944
0.254130572080612 0.230648145079613 0.305157124996185 0.519250810146332 0.601077437400818 0.593979835510254 0.519250810146332 0.48808628320694 0.402545362710953 0.333307087421417 0.289747685194016 0.325371623039246 0.292102009057999 0.351049065589905 0.400962233543396 0.393894374370575 0.344355255365372 0.296672761440277 0.306003451347351 0.38470196723938 0.370156675577164 0.359655410051346 0.397633731365204 0.451187044382095 0.469964355230331 0.545338809490204 0.733505427837372 0.828246176242828 0.86151134967804 0.859282672405243 0.910549998283386 0.900393307209015 0.873274028301239 0.729117214679718 0.719641089439392 0.628853917121887 0.601558148860931 0.646043956279755 0.666019678115845 0.716199696063995 0.707050681114197 0.722860932350159 0.750052630901337 0.738326907157898 0.733173131942749 0.724305987358093 0.748560011386871
0.238725006580353 0.260712504386902 0.361986666917801 0.376876533031464 0.288887530565262 0.225502967834473 0.254294693470001 0.336277395486832 0.350379407405853 0.315749496221542 0.268734067678452 0.315274745225906 0.38037845492363 0.395393162965775 0.377401769161224 0.364611774682999 0.337722688913345 0.292292863130569 0.37378403544426 0.41947078704834 0.350416660308838 0.372373402118683 0.424162060022354 0.447022169828415 0.555981814861298 0.560969889163971 0.759806454181671 0.819061815738678 0.835167348384857 0.859894454479218 0.89509391784668 0.891703724861145 0.821013748645782 0.791629016399384 0.697230696678162 0.665901124477386 0.651469707489014 0.632781565189362 0.689363658428192 0.65467244386673 0.630056381225586 0.667498826980591 0.694847881793976 0.704590141773224 0.72900128364563 0.739732146263123 0.711183905601501
0.335307776927948 0.143558904528618 0.166647598147392 0.334521621465683 0.400915414094925 0.370950520038605 0.374894440174103 0.3400519490242 0.324155509471893 0.323081880807877 0.27794548869133 0.332818776369095 0.335633367300034 0.327225357294083 0.338121742010117 0.32319301366806 0.314948886632919 0.294916242361069 0.36848771572113 0.380717694759369 0.369844883680344 0.363302528858185 0.403584182262421 0.497410356998444 0.522692501544952 0.619757235050201 0.76134204864502 0.789505004882812 0.849530696868896 0.872023344039917 0.876842975616455 0.857257723808289 0.776799917221069 0.80893748998642 0.850434839725494 0.734906792640686 0.690063238143921 0.762644410133362 0.693859994411469 0.583235144615173 0.744715809822083 0.719542384147644 0.690466642379761 0.693513095378876 0.685533821582794 0.721472144126892 0.682344198226929
0.600535273551941 0.461441278457642 0.574063003063202 0.596573054790497 0.524280905723572 0.43768709897995 0.368984967470169 0.308743119239807 0.314078778028488 0.308654606342316 0.259850531816483 0.301156252622604 0.321950376033783 0.308938354253769 0.306244403123856 0.329682290554047 0.300578683614731 0.320044159889221 0.341990798711777 0.358731746673584 0.344316393136978 0.399086683988571 0.452899843454361 0.494195520877838 0.566581428050995 0.553075551986694 0.764694273471832 0.798694729804993 0.8449467420578 0.849000871181488 0.812597870826721 0.849342525005341 0.88776308298111 0.870907008647919 0.839573860168457 0.713008046150208 0.623442888259888 0.67798262834549 0.568154513835907 0.64280492067337 0.748876929283142 0.71517950296402 0.722703456878662 0.721010386943817 0.706060290336609 0.645007908344269 0.697175920009613
0.55078512430191 0.487959325313568 0.507434248924255 0.490879654884338 0.397881209850311 0.33252364397049 0.33721911907196 0.313171148300171 0.31681016087532 0.287489593029022 0.27794548869133 0.282855719327927 0.330948948860168 0.318011701107025 0.298242121934891 0.326893031597137 0.292661964893341 0.354429870843887 0.329765260219574 0.349091291427612 0.347177624702454 0.426674515008926 0.415044754743576 0.408220797777176 0.46966227889061 0.593287289142609 0.66022115945816 0.710163056850433 0.775896728038788 0.8009352684021 0.770485162734985 0.8062903881073 0.836804032325745 0.769369840621948 0.790348768234253 0.589505195617676 0.584426462650299 0.657681107521057 0.781936824321747 0.784663140773773 0.731341123580933 0.681769192218781 0.721915245056152 0.706236064434052 0.697507619857788 0.657614648342133 0.738326907157898
