output/projections/03_MH/Cassia ferruginea.asc
NCOLS 168 
NROWS 144 
XLLCORNER -41.0000000002598 
YLLCORNER -7.99999999976785 
CELLSIZE 0.0416666666664048 
NODATA_value -3.4e+38 
[rows 42 to 62 of 144, columns 47 to 93 of 168]
0.300356209278107 0.298587143421173 0.319284915924072 0.291571229696274 0.349088877439499 0.412568151950836 0.700382888317108 0.394132882356644 0.358236610889435 0.361132740974426 0.364767134189606 0.385954350233078 0.383350014686584 0.394181489944458 0.385937690734863 -3.4e+38 -3.4e+38 -3.4e+38 -3.4e+38 -3.4e+38 -3.4e+38 -3.4e+38 -3.4e+38 -3.4e+38 -3.4e+38 -3.4e+38 -3.4e+38 -3.4e+38 -3.4e+38 -3.4e+38 -3.4e+38 -3.4e+38 -3.4e+38 -3.4e+38 -3.4e+38 -3.4e+38 -3.4e+38 -3.4e+38 -3.4e+38 -3.4e+38 -3.4e+38 -3.4e+38 -3.4e+38 -3.4e+38 -3.4e+38 -3.4e+38 -3.4e+38
0.310900062322617 0.239870101213455 0.309997498989105 0.33553484082222 0.444894254207611 0.411169290542603 0.436303853988647 0.339141815900803 0.390085160732269 0.395071655511856 0.383487701416016 0.38316422700882 0.374472260475159 0.392868459224701 0.373719692230225 0.383519172668457 -3.4e+38 -3.4e+38 -3.4e+38 -3.4e+38 -3.4e+38 -3.4e+38 -3.4e+38 -3.4e+38 -3.4e+38 -3.4e+38 -3.4e+38 -3.4e+38 -3.4e+38 -3.4e+38 -3.4e+38 -3.4e+38 -3.4e+38 -3.4e+38 -3.4e+38 -3.4e+38 -3.4e+38 -3.4e+38 -3.4e+38 -3.4e+38 -3.4e+38 -3.4e+38 -3.4e+38 -3.4e+38 -3.4e+38 -3.4e+38 -3.4e+38
0.286187946796417 0.223209768533707 0.395726919174194 0.431930273771286 0.473577082157135 0.346532732248306 0.294322550296783 0.416764855384827 0.590963184833527 0.414838880300522 0.387956947088242 0.370980978012085 0.375024706125259 0.378716051578522 0.382050305604935 0.398317962884903 -3.4e+38 -3.4e+38 -3.4e+38 -3.4e+38 -3.4e+38 -3.4e+38 -3.4e+38 -3.4e+38 -3.4e+38 -3.4e+38 -3.4e+38 -3.4e+38 -3.4e+38 -3.4e+38 -3.4e+38 -3.4e+38 -3.4e+38 -3.4e+38 -3.4e+38 -3.4e+38 -3.4e+38 -3.4e+38 -3.4e+38 -3.4e+38 -3.4e+38 -3.4e+38 -3.4e+38 -3.4e+38 -3.4e+38 -3.4e+38 -3.4e+38
0.299032688140869 0.24747271835804 0.44625324010849 0.411549925804138 0.327588260173798 0.276989907026291 0.270106822252274 0.80025589466095 0.522197127342224 0.397966533899307 0.380333811044693 0.377928823232651 0.394132882356644 0.371714890003204 0.385395735502243 0.360029280185699 0.399448662996292 -3.4e+38 -3.4e+38 -3.4e+38 -3.4e+38 -3.4e+38 -3.4e+38 -3.4e+38 -3.4e+38 -3.4e+38 -3.4e+38 -3.4e+38 -3.4e+38 -3.4e+38 -3.4e+38 -3.4e+38 -3.4e+38 -3.4e+38 -3.4e+38 -3.4e+38 -3.4e+38 -3.4e+38 -3.4e+38 -3.4e+38 -3.4e+38 -3.4e+38 -3.4e+38 -3.4e+38 -3.4e+38 -3.4e+38 -3.4e+38
0.313956409692764 0.439659863710403 0.397352933883667 0.355824738740921 0.29138371348381 0.260248720645905 0.489647537469864 0.59606546163559 0.436177790164948 0.459104239940643 0.451045960187912 0.374977022409439 0.393007397651672 0.37465637922287 0.370980978012085 0.346740871667862 0.378900974988937 0.375008225440979 -3.4e+38 -3.4e+38 -3.4e+38 -3.4e+38 -3.4e+38 -3.4e+38 -3.4e+38 -3.4e+38 -3.4e+38 -3.4e+38 -3.4e+38 -3.4e+38 -3.4e+38 -3.4e+38 -3.4e+38 -3.4e+38 -3.4e+38 -3.4e+38 -3.4e+38 -3.4e+38 -3.4e+38 -3.4e+38 -3.4e+38 -3.4e+38 -3.4e+38 -3.4e+38 -3.4e+38 -3.4e+38 -3.4e+38
0.309433609247208 0.440047144889832 0.371157646179199 0.338360786437988 0.342768311500549 0.398341000080109 0.446573942899704 0.458450704813004 0.423364162445068 0.822984457015991 0.418476819992065 0.398531585931778 0.390572786331177 0.358236610889435 0.357694715261459 0.359321445226669 0.370797604322433 0.377422451972961 0.377405941486359 -3.4e+38 -3.4e+38 -3.4e+38 -3.4e+38 -3.4e+38 -3.4e+38 -3.4e+38 -3.4e+38 -3.4e+38 -3.4e+38 -3.4e+38 -3.4e+38 -3.4e+38 -3.4e+38 -3.4e+38 -3.4e+38 -3.4e+38 -3.4e+38 -3.4e+38 -3.4e+38 -3.4e+38 -3.4e+38 -3.4e+38 -3.4e+38 -3.4e+38 -3.4e+38 -3.4e+38 -3.4e+38
0.31358402967453 0.447739660739899 0.41052708029747 0.380299836397171 0.429425120353699 0.437724560499191 0.420767396688461 0.342378824949265 0.691973984241486 0.664703130722046 0.387843638658524 0.404196619987488 0.343027770519257 0.374240517616272 0.353013724088669 0.363129734992981 0.366407692432404 0.352638751268387 0.361297875642776 0.369864851236343 -3.4e+38 -3.4e+38 -3.4e+38 -3.4e+38 -3.4e+38 -3.4e+38 -3.4e+38 -3.4e+38 -3.4e+38 -3.4e+38 -3.4e+38 -3.4e+38 -3.4e+38 -3.4e+38 -3.4e+38 -3.4e+38 -3.4e+38 -3.4e+38 -3.4e+38 -3.4e+38 -3.4e+38 -3.4e+38 -3.4e+38 -3.4e+38 -3.4e+38 -3.4e+38 -3.4e+38
0.285748153924942 0.376046389341354 0.65969330072403 0.501357674598694 0.562173426151276 0.470179110765457 0.37609127163887 0.444505989551544 0.509891510009766 0.431477695703506 0.362719267606735 0.36054202914238 0.354584366083145 0.367638528347015 0.367821276187897 0.358959674835205 0.362403005361557 0.347631543874741 0.349952220916748 0.360935211181641 0.345417976379395 -3.4e+38 -3.4e+38 -3.4e+38 -3.4e+38 -3.4e+38 -3.4e+38 -3.4e+38 -3.4e+38 -3.4e+38 -3.4e+38 -3.4e+38 -3.4e+38 -3.4e+38 -3.4e+38 -3.4e+38 -3.4e+38 -3.4e+38 -3.4e+38 -3.4e+38 -3.4e+38 -3.4e+38 -3.4e+38 -3.4e+38 -3.4e+38 -3.4e+38 -3.4e+38
0.263090938329697 0.29634815454483 0.820326209068298 0.71343868970871 0.603543221950531 0.52244371175766 0.416507393121719 0.396469444036484 0.400236696004868 0.375786513090134 0.384490251541138 0.340878039598465 0.350637376308441 0.380036175251007 0.368186861276627 0.34871768951416 0.347647488117218 0.336664438247681 0.3438980281353 0.326831579208374 0.351742208003998 0.337114304304123 -3.4e+38 -3.4e+38 -3.4e+38 -3.4e+38 -3.4e+38 -3.4e+38 -3.4e+38 -3.4e+38 -3.4e+38 -3.4e+38 -3.4e+38 -3.4e+38 -3.4e+38 -3.4e+38 -3.4e+38 -3.4e+38 -3.4e+38 -3.4e+38 -3.4e+38 -3.4e+38 -3.4e+38 -3.4e+38 -3.4e+38 -3.4e+38 -3.4e+38
0.289944291114807 0.389664649963379 0.819247424602509 0.751229524612427 0.7760369181633 0.707818746566772 0.650104224681854 0.464378178119659 0.395153790712357 0.377631902694702 0.324947267770767 0.333325773477554 0.368075847625732 0.352070331573486 0.356385082006454 0.335277438163757 0.360179722309113 0.340728938579559 0.35625147819519 0.342480778694153 0.347809791564941 0.324070960283279 0.332563191652298 -3.4e+38 -3.4e+38 -3.4e+38 -3.4e+38 -3.4e+38 -3.4e+38 -3.4e+38 -3.4e+38 -3.4e+38 -3.4e+38 -3.4e+38 -3.4e+38 -3.4e+38 -3.4e+38 -3.4e+38 -3.4e+38 -3.4e+38 -3.4e+38 -3.4e+38 -3.4e+38 -3.4e+38 -3.4e+38 -3.4e+38 -3.4e+38
0.39569765329361 0.633760750293732 0.906204223632812 0.84150356054306 0.718552708625793 0.614955902099609 0.630009770393372 0.631562650203705 0.397786617279053 0.341668218374252 0.348337531089783 0.366067290306091 0.36716228723526 0.354224741458893 0.341452658176422 0.323179125785828 0.356385082006454 0.342850685119629 0.32933297753334 0.310285240411758 0.305595517158508 0.308941274881363 0.325104773044586 -3.4e+38 -3.4e+38 -3.4e+38 -3.4e+38 -3.4e+38 -3.4e+38 -3.4e+38 -3.4e+38 -3.4e+38 -3.4e+38 -3.4e+38 -3.4e+38 -3.4e+38 -3.4e+38 -3.4e+38 -3.4e+38 -3.4e+38 -3.4e+38 -3.4e+38 -3.4e+38 -3.4e+38 -3.4e+38 -3.4e+38 -3.4e+38
0.546985447406769 0.924774408340454 0.932391941547394 0.906083405017853 0.825333833694458 0.788094699382782 0.704046189785004 0.420016080141068 0.28532737493515 0.46157431602478 0.38841187953949 0.387478798627853 0.348493039608002 0.348493039608002 0.313118696212769 0.231708452105522 0.26883852481842 0.273002505302429 0.310629606246948 0.316107094287872 0.303431689739227 0.305428743362427 0.307935416698456 0.316032707691193 -3.4e+38 -3.4e+38 -3.4e+38 -3.4e+38 -3.4e+38 -3.4e+38 -3.4e+38 -3.4e+38 -3.4e+38 -3.4e+38 -3.4e+38 -3.4e+38 -3.4e+38 -3.4e+38 -3.4e+38 -3.4e+38 -3.4e+38 -3.4e+38 -3.4e+38 -3.4e+38 -3.4e+38 -3.4e+38 -3.4e+38
0.558821082115173 0.90840744972229 0.933229327201843 0.800883293151855 0.54917299747467 0.517246901988983 0.655300617218018 0.449878305196762 0.500178754329681 0.49810379743576 0.389345765113831 0.364245355129242 0.3458212018013 0.283141195774078 0.188452079892159 0.255770117044449 0.247827276587486 0.327288597822189 0.301470696926117 0.295292109251022 0.269631266593933 0.296519249677658 0.293329536914825 0.306430041790009 0.314166963100433 0.300815761089325 -3.4e+38 -3.4e+38 -3.4e+38 -3.4e+38 -3.4e+38 -3.4e+38 -3.4e+38 -3.4e+38 -3.4e+38 -3.4e+38 -3.4e+38 -3.4e+38 -3.4e+38 -3.4e+38 -3.4e+38 -3.4e+38 -3.4e+38 -3.4e+38 -3.4e+38 -3.4e+38 -3.4e+38
0.872838497161865 0.913085341453552 0.914317846298218 0.727678894996643 0.513339996337891 0.306369662284851 0.611414015293121 0.48965647816658 0.427115947008133 0.38338315486908 0.36188268661499 0.327728003263474 0.236226826906204 0.20167464017868 0.258116215467453 0.257378578186035 0.209245175123215 0.341452658176422 0.283158808946609 0.259820312261581 0.257395148277283 0.268801748752594 0.284835487604141 0.298471421003342 0.301441997289658 0.295389145612717 0.297684401273727 -3.4e+38 -3.4e+38 -3.4e+38 -3.4e+38 -3.4e+38 -3.4e+38 -3.4e+38 -3.4e+38 -3.4e+38 -3.4e+38 -3.4e+38 -3.4e+38 -3.4e+38 -3.4e+38 -3.4e+38 -3.4e+38 -3.4e+38 -3.4e+38 -3.4e+38 -3.4e+38
0.901561975479126 0.838120341300964 0.714882612228394 0.575473010540009 0.414092808961868 0.362983167171478 0.426154673099518 0.397917687892914 0.385428935289383 0.306729555130005 0.280508100986481 0.271243661642075 0.174054369330406 0.275430887937546 0.262990117073059 0.243918433785439 0.21847377717495 0.23472435772419 0.243934437632561 0.196282774209976 0.203702569007874 0.218363210558891 0.223442539572716 0.250879019498825 0.263769239187241 0.283589571714401 0.272837370634079 0.275496155023575 -3.4e+38 -3.4e+38 -3.4e+38 -3.4e+38 -3.4e+38 -3.4e+38 -3.4e+38 -3.4e+38 -3.4e+38 -3.4e+38 -3.4e+38 -3.4e+38 -3.4e+38 -3.4e+38 -3.4e+38 -3.4e+38 -3.4e+38 -3.4e+38 -3.4e+38
0.920615792274475 0.828929781913757 0.691785871982574 0.511650085449219 0.445670664310455 0.400934219360352 0.361644238233566 0.354101896286011 0.330380529165268 0.253301620483398 0.217022642493248 0.178956851363182 0.200938761234283 0.289963066577911 0.241593256592751 0.204417735338211 0.214185133576393 0.222823947668076 0.165717214345932 0.208562716841698 0.207836821675301 0.233934327960014 0.231593161821365 0.211955696344376 0.229965820908546 0.236754223704338 0.226253941655159 0.262808948755264 0.272837370634079 0.27502578496933 0.285007327795029 -3.4e+38 -3.4e+38 -3.4e+38 -3.4e+38 -3.4e+38 -3.4e+38 -3.4e+38 -3.4e+38 -3.4e+38 -3.4e+38 -3.4e+38 -3.4e+38 -3.4e+38 -3.4e+38 -3.4e+38 -3.4e+38
0.751467227935791 0.531624495983124 0.505483627319336 0.463528126478195 0.419441819190979 0.378749042749405 0.289832502603531 0.261358916759491 0.218397408723831 0.231628835201263 0.209883868694305 0.21624593436718 0.251709997653961 0.231692999601364 0.218458965420723 0.217754736542702 0.183319553732872 0.14736396074295 0.14736396074295 0.202368333935738 0.196948781609535 0.219884932041168 0.208455815911293 0.202944964170456 0.202826172113419 0.183140680193901 0.196094289422035 0.242903366684914 0.28775942325592 0.283248871564865 0.281497031450272 -3.4e+38 -3.4e+38 -3.4e+38 -3.4e+38 -3.4e+38 -3.4e+38 -3.4e+38 -3.4e+38 -3.4e+38 -3.4e+38 -3.4e+38 -3.4e+38 -3.4e+38 -3.4e+38 -3.4e+38 -3.4e+38
0.585988283157349 0.665748834609985 0.552284359931946 0.432508915662766 0.406268656253815 0.395848304033279 0.296824097633362 0.251590549945831 0.182650297880173 0.222636684775352 0.234530121088028 0.281231582164764 0.23845112323761 0.219902113080025 0.189097762107849 0.177706554532051 0.144734755158424 0.140100494027138 0.134605780243874 0.148450285196304 0.193007454276085 0.244712889194489 0.177639231085777 0.183882474899292 0.1806311160326 0.178766593337059 0.173868209123611 0.210428550839424 0.286151319742203 0.281338095664978 0.273461520671844 0.265343368053436 -3.4e+38 -3.4e+38 -3.4e+38 -3.4e+38 -3.4e+38 -3.4e+38 -3.4e+38 -3.4e+38 -3.4e+38 -3.4e+38 -3.4e+38 -3.4e+38 -3.4e+38 -3.4e+38 -3.4e+38
0.342739582061768 0.39226895570755 0.526729166507721 0.448517143726349 0.348820358514786 0.322763025760651 0.257188469171524 0.185818612575531 0.188286706805229 0.240639716386795 0.228528961539268 0.268625944852829 0.206468313932419 0.195647910237312 0.190394192934036 0.153835251927376 0.130724832415581 0.136086031794548 0.114421531558037 0.12326817959547 0.235402047634125 0.23776738345623 0.164491310715675 0.174580484628677 0.19159708917141 0.148148342967033 0.181255981326103 0.20011293888092 0.269111186265945 0.276438355445862 0.232785806059837 0.246613875031471 0.264578014612198 -3.4e+38 -3.4e+38 -3.4e+38 -3.4e+38 -3.4e+38 -3.4e+38 -3.4e+38 -3.4e+38 -3.4e+38 -3.4e+38 -3.4e+38 -3.4e+38 -3.4e+38 -3.4e+38
0.33908748626709 0.316313087940216 0.320348024368286 0.312455594539642 0.275964826345444 0.264327794313431 0.17819245159626 0.219575852155685 0.238937020301819 0.222636684775352 0.253010004758835 0.275304317474365 0.191031560301781 0.205778375267982 0.177733883261681 0.155488982796669 0.120987981557846 0.131204694509506 0.105353221297264 0.12190767377615 0.27711695432663 0.188423484563828 0.167409151792526 0.171563401818275 0.16208678483963 0.119417302310467 0.167895019054413 0.203508749604225 0.238281384110451 0.257453352212906 0.190478026866913 0.179670110344887 0.257002890110016 0.260167092084885 -3.4e+38 -3.4e+38 -3.4e+38 -3.4e+38 -3.4e+38 -3.4e+38 -3.4e+38 -3.4e+38 -3.4e+38 -3.4e+38 -3.4e+38 -3.4e+38 -3.4e+38
0.305474400520325 0.365511804819107 0.285946547985077 0.252213954925537 0.201514512300491 0.190227523446083 0.222479566931725 0.253010004758835 0.279347330331802 0.190325260162354 0.198244497179985 0.208488896489143 0.192338109016418 0.180212050676346 0.154936134815216 0.124162077903748 0.120987981557846 0.126939371228218 0.10695344209671 0.198301807045937 0.17832350730896 0.159907922148705 0.130111113190651 0.143547028303146 0.112083181738853 0.127743616700172 0.165552034974098 0.179386422038078 0.261178463697433 0.226077482104301 0.154480308294296 0.166402295231819 0.209561809897423 0.250875979661942 0.240203261375427 -3.4e+38 -3.4e+38 -3.4e+38 -3.4e+38 -3.4e+38 -3.4e+38 -3.4e+38 -3.4e+38 -3.4e+38 -3.4e+38 -3.4e+38 -3.4e+38
