output/projections/03_MH/Myrcia silvatica.asc
NCOLS 168 
NROWS 144 
XLLCORNER -41.0000000002598 
YLLCORNER -7.99999999976785 
CELLSIZE 0.0416666666664048 
NODATA_value -3.4e+38 
[rows 120 to 139 of 144, columns 46 to 91 of 168]
0.223431512713432 0.225200951099396 0.204345047473907 0.15486367046833 0.154336079955101 0.0713667720556259 0.0906753316521645 0.0926317274570465 0.0947791263461113 0.176089286804199 0.170612320303917 0.127947479486465 0.105161093175411 0.118716239929199 0.0735788345336914 0.0622531995177269 0.0823265761137009 0.100386567413807 0.194386124610901 0.316751211881638 0.309616088867188 0.221454739570618 0.155496656894684 0.113361813127995 0.114391848444939 0.0952886939048767 0.0762131959199905 0.0572477430105209 0.0703644827008247 0.123756870627403 0.145405948162079 0.168135210871696 0.207934066653252 0.250909417867661 0.16078045964241 0.143363878130913 0.14239177107811 0.152858033776283 0.150237008929253 0.119753874838352 0.0964144319295883 0.0940698385238647 0.0794700011610985 0.0459921434521675 0.0457378886640072 0.0470728762447834
0.277612328529358 0.239530444145203 0.1817277520895 0.162742301821709 0.200639724731445 0.16863177716732 0.165120169520378 0.0800648778676987 0.0881459563970566 0.109414182603359 0.112692549824715 0.23927615582943 0.220551729202271 0.0873412117362022 0.072571873664856 0.0822915434837341 0.091971181333065 0.120483435690403 0.209589973092079 0.152503430843353 0.151189863681793 0.13083091378212 0.09539495408535 0.0937562882900238 0.0988639816641808 0.0751380324363708 0.0856430530548096 0.0844545215368271 0.0981870889663696 0.107849724590778 0.103630423545837 0.123349696397781 0.143361195921898 0.145415186882019 0.124599896371365 0.123520515859127 0.115398719906807 0.113609284162521 0.143726050853729 0.134271711111069 0.101970344781876 0.0898508653044701 0.0667057484388351 0.051207821816206 0.0460784062743187 0.0449122823774815
0.274058729410172 0.197802275419235 0.203119441866875 0.1830133497715 0.2618008852005 0.215932816267014 0.23628057539463 0.217725485563278 0.226146951317787 0.21742607653141 0.218143984675407 0.135821864008904 0.119648143649101 0.0992797836661339 0.0681751817464828 0.113540731370449 0.13184779882431 0.123746886849403 0.103348717093468 0.0745355933904648 0.108550436794758 0.0953656658530235 0.0932179242372513 0.0718745216727257 0.0662335306406021 0.0799924284219742 0.101280108094215 0.113754503428936 0.10198287665844 0.114528313279152 0.139187887310982 0.142117351293564 0.129983529448509 0.113247103989124 0.115824066102505 0.169929951429367 0.190255224704742 0.16005240380764 0.152074426412582 0.146482110023499 0.107451923191547 0.0726452767848969 0.064571239054203 0.0583005249500275 0.0516042299568653 0.049096554517746
0.207264214754105 0.215192452073097 0.258369594812393 0.235604122281075 0.31069403886795 0.23582860827446 0.103527195751667 0.104071512818336 0.315890610218048 0.265201568603516 0.106963880360126 0.131467044353485 0.211283937096596 0.188070088624954 0.16847026348114 0.118291042745113 0.250393033027649 0.274320781230927 0.131413623690605 0.0917311161756516 0.206866338849068 0.167762875556946 0.0979476645588875 0.0931522026658058 0.0755456686019897 0.107968717813492 0.11426567286253 0.135708168148994 0.108099818229675 0.11741004139185 0.139344960451126 0.123769082129002 0.134077712893486 0.134815111756325 0.138426527380943 0.106591649353504 0.0989812985062599 0.109408631920815 0.188066497445107 0.119008287787437 0.085856705904007 0.0693251118063927 0.0672136321663857 0.0614742822945118 0.0546349510550499 0.0440934039652348
0.180340886116028 0.23398756980896 0.248948335647583 0.266761064529419 0.303385645151138 0.253990560770035 0.227421492338181 0.172741994261742 0.125000491738319 0.103023245930672 0.18604476749897 0.463120549917221 0.467884421348572 0.433178067207336 0.281733840703964 0.176361590623856 0.335519194602966 0.249191641807556 0.134665578603745 0.276862055063248 0.192798644304276 0.113947659730911 0.0861504971981049 0.117795035243034 0.0870329216122627 0.122517175972462 0.130839362740517 0.10245094448328 0.133921265602112 0.142897084355354 0.179689034819603 0.13556207716465 0.132749825716019 0.131287664175034 0.130724221467972 0.114408366382122 0.0999550446867943 0.147258132696152 0.287494719028473 0.163311541080475 0.0759208649396896 0.0875142216682434 0.0897405967116356 0.0714273154735565 0.0897172540426254 0.0987542197108269
0.240419372916222 0.364501267671585 0.157647266983986 0.221502885222435 0.403083890676498 0.376992553472519 0.262528210878372 0.270753800868988 0.196201652288437 0.160245403647423 0.263279259204865 0.542017877101898 0.489518135786057 0.358614832162857 0.207374572753906 0.212210863828659 0.386040419340134 0.183505356311798 0.270519703626633 0.339221239089966 0.156672522425652 0.12045019865036 0.237230286002159 0.179290041327477 0.130111753940582 0.135250568389893 0.123204819858074 0.0928909778594971 0.196217134594917 0.170470163226128 0.198854580521584 0.144783213734627 0.135408326983452 0.152028113603592 0.13017350435257 0.129557088017464 0.169691696763039 0.315340429544449 0.384574681520462 0.157149657607079 0.16394454240799 0.527213871479034 0.528182685375214 0.387930572032928 0.485778659582138 0.349678784608841
0.329842627048492 0.279655367136002 0.16840635240078 0.355371087789536 0.422214925289154 0.187457978725433 0.187847331166267 0.207457795739174 0.178479626774788 0.354786187410355 0.369811087846756 0.290568113327026 0.359193712472916 0.353640615940094 0.184823095798492 0.352488785982132 0.374015957117081 0.380612224340439 0.359497278928757 0.294811934232712 0.14769035577774 0.209162771701813 0.15053616464138 0.152840092778206 0.112466610968113 0.112977162003517 0.0975660309195518 0.106650181114674 0.270303308963776 0.228591278195381 0.200274497270584 0.13303604722023 0.137812107801437 0.176871985197067 0.168832421302795 0.104820288717747 0.137298405170441 0.316218644380569 0.26420584321022 0.11084833741188 0.490836083889008 0.56661057472229 0.521679639816284 0.544248580932617 0.515812933444977 0.385123312473297
0.473602950572968 0.266008168458939 0.203795120120049 0.258675843477249 0.247228845953941 0.241814509034157 0.107098206877708 0.110683128237724 0.142508774995804 0.237424150109291 0.0982153862714767 0.137657538056374 0.307308197021484 0.344939231872559 0.202336221933365 0.39604252576828 0.472328454256058 0.358618915081024 0.278122812509537 0.186509639024734 0.126813516020775 0.123330563306808 0.0947240218520164 0.102315664291382 0.119795508682728 0.0921980664134026 0.10461438447237 0.10908218473196 0.25546869635582 0.203972786664963 0.144779205322266 0.132815167307854 0.140186131000519 0.135550066828728 0.145468920469284 0.107948884367943 0.276120752096176 0.595833241939545 0.39307901263237 0.275616765022278 0.30727344751358 0.513547539710999 0.576676249504089 0.543121933937073 0.38880866765976 0.431134253740311
0.460908055305481 0.280954748392105 0.322557866573334 0.289263606071472 0.280941754579544 0.240927875041962 0.225636571645737 0.241704523563385 0.144697621464729 0.0960421934723854 0.0962282940745354 0.218199864029884 0.418818563222885 0.473271280527115 0.313159912824631 0.414478540420532 0.412004023790359 0.336632162332535 0.200841262936592 0.139309749007225 0.113162457942963 0.0904517248272896 0.101235948503017 0.127387449145317 0.101945497095585 0.107580296695232 0.116888523101807 0.150708630681038 0.177797615528107 0.198022738099098 0.139212489128113 0.159865617752075 0.192903846502304 0.420121669769287 0.313168525695801 0.262127280235291 0.325147032737732 0.534130275249481 0.624798357486725 0.568224370479584 0.497463792562485 0.560186147689819 0.576040208339691 0.481276035308838 0.313647150993347 0.387493669986725
0.526800394058228 0.355386763811111 0.43597799539566 0.296124637126923 0.354210913181305 0.261800438165665 0.264060378074646 0.243551701307297 0.0882018730044365 0.113789610564709 0.155405476689339 0.406747817993164 0.397554963827133 0.225524619221687 0.474545478820801 0.439737498760223 0.291618227958679 0.217057392001152 0.146016582846642 0.113829411566257 0.101530477404594 0.0817053690552711 0.143495753407478 0.151513531804085 0.13977786898613 0.102675803005695 0.113701492547989 0.125530943274498 0.130927562713623 0.206883952021599 0.315106242895126 0.279433876276016 0.17732660472393 0.304866164922714 0.429001450538635 0.388131618499756 0.485714226961136 0.397836714982986 0.596219599246979 0.563164710998535 0.573420166969299 0.46967402100563 0.411144614219666 0.489646643400192 0.410913407802582 0.320766180753708
0.786846995353699 0.440681397914886 0.346666365861893 0.293782740831375 0.365370392799377 0.26211154460907 0.227342650294304 0.21332360804081 0.0866653248667717 0.161384806036949 0.242710888385773 0.404288589954376 0.330946654081345 0.275059044361115 0.376079648733139 0.329827100038528 0.227415710687637 0.13613460958004 0.117794133722782 0.0972531735897064 0.0863785222172737 0.104586362838745 0.181722402572632 0.148422628641129 0.113292530179024 0.115510329604149 0.121119409799576 0.11394639313221 0.146475598216057 0.347864776849747 0.411122411489487 0.224813014268875 0.264163732528687 0.273202627897263 0.342057555913925 0.463774353265762 0.442148566246033 0.625019073486328 0.573093235492706 0.447547763586044 0.486034482717514 0.39187279343605 0.331650465726852 0.331689804792404 0.266551464796066 0.374046087265015
0.655091226100922 0.452963352203369 0.351296633481979 0.305956959724426 0.35567781329155 0.254759132862091 0.236373201012611 0.198370382189751 0.121573261916637 0.196384713053703 0.345206707715988 0.41290608048439 0.36921039223671 0.288973689079285 0.288449555635452 0.285585910081863 0.183613553643227 0.0907732620835304 0.141458600759506 0.144795522093773 0.108892902731895 0.111837536096573 0.19239230453968 0.145199581980705 0.155926942825317 0.104043513536453 0.110303714871407 0.144480004906654 0.20393018424511 0.432878255844116 0.398114234209061 0.213811531662941 0.309210449457169 0.465345084667206 0.531095087528229 0.405845612287521 0.48254656791687 0.622086584568024 0.568766593933105 0.433651715517044 0.29102298617363 0.367951184511185 0.313427060842514 0.244256034493446 0.271551132202148 0.265034347772598
0.509252429008484 0.425028532743454 0.24756920337677 0.321866691112518 0.392986923456192 0.305684804916382 0.197419971227646 0.228718429803848 0.301282614469528 0.216540887951851 0.33774745464325 0.315313339233398 0.247244492173195 0.217262029647827 0.21618464589119 0.186105638742447 0.0902937799692154 0.0886438563466072 0.145502999424934 0.21662425994873 0.154163494706154 0.0960256606340408 0.157041445374489 0.242792576551437 0.231041342020035 0.198819532990456 0.173036515712738 0.210016697645187 0.25833860039711 0.326582133769989 0.262024611234665 0.338166952133179 0.40295135974884 0.523946344852448 0.6435187458992 0.628462970256805 0.486586660146713 0.3785500228405 0.374598801136017 0.334917634725571 0.264079093933105 0.32029402256012 0.331109642982483 0.22531758248806 0.199261218309402 0.228333815932274
0.141322940587997 0.322647154331207 0.352774411439896 0.374771177768707 0.319397807121277 0.202001929283142 0.209684446454048 0.352164447307587 0.283475279808044 0.385705590248108 0.334336936473846 0.248683229088783 0.21704988181591 0.150776162743568 0.114390663802624 0.105426035821438 0.162452727556229 0.120774440467358 0.109383657574654 0.18738479912281 0.177316695451736 0.122854962944984 0.146232008934021 0.210175111889839 0.189793258905411 0.208223402500153 0.215909823775291 0.307369232177734 0.241464674472809 0.281280934810638 0.291180700063705 0.456889480352402 0.574194252490997 0.648180782794952 0.521070897579193 0.473083019256592 0.334334641695023 0.240733623504639 0.329670429229736 0.333115488290787 0.268572270870209 0.297851353883743 0.259605646133423 0.221524313092232 0.224925085902214 0.29816535115242
0.253180265426636 0.437464386224747 0.51310408115387 0.430979788303375 0.264291137456894 0.246258109807968 0.38832625746727 0.577372431755066 0.568378567695618 0.42751470208168 0.346361070871353 0.281701266765594 0.217140704393387 0.183789700269699 0.112244687974453 0.145525068044662 0.150881037116051 0.154908448457718 0.12089616805315 0.122715480625629 0.197943419218063 0.180006638169289 0.26223561167717 0.29076686501503 0.25208580493927 0.2108553647995 0.560327708721161 0.458968102931976 0.332101225852966 0.363430380821228 0.437031447887421 0.607465445995331 0.65368241071701 0.527982711791992 0.496870756149292 0.366692930459976 0.262782365083694 0.293259739875793 0.302199423313141 0.291386276483536 0.237994626164436 0.221856102347374 0.220099911093712 0.219739571213722 0.251749277114868 0.357807695865631
0.271752417087555 0.387885630130768 0.410022377967834 0.376982152462006 0.260030418634415 0.236851260066032 0.168480947613716 0.229137375950813 0.307061672210693 0.44855597615242 0.34177553653717 0.174110621213913 0.17748986184597 0.152469247579575 0.136046528816223 0.154680088162422 0.170205682516098 0.226283118128777 0.259482324123383 0.140972495079041 0.168114498257637 0.297666043043137 0.434871524572372 0.598206341266632 0.534402966499329 0.28595033288002 0.573469042778015 0.47958442568779 0.564335644245148 0.578656673431396 0.515738606452942 0.587839543819427 0.679464817047119 0.43579027056694 0.425387322902679 0.379041105508804 0.246554523706436 0.288082748651505 0.23719909787178 0.21543250977993 0.21184441447258 0.232693299651146 0.260916024446487 0.286435276269913 0.305641740560532 0.427946507930756
0.17466439306736 0.353001922369003 0.270258039236069 0.379390895366669 0.312931329011917 0.271510750055313 0.213346540927887 0.250415503978729 0.249053403735161 0.283148616552353 0.395129978656769 0.340521305799484 0.289634704589844 0.19746321439743 0.180659905076027 0.348820567131042 0.437532216310501 0.366563081741333 0.251900851726532 0.174949899315834 0.332349509000778 0.401040107011795 0.614631772041321 0.663123071193695 0.606443166732788 0.405631929636002 0.592922270298004 0.581237435340881 0.655967354774475 0.552116215229034 0.367593109607697 0.751112282276154 0.567518949508667 0.33300045132637 0.355151295661926 0.306864559650421 0.25822651386261 0.257579147815704 0.201536402106285 0.213060736656189 0.233558967709541 0.302890300750732 0.323551326990128 0.332228511571884 0.31861600279808 0.364652574062347
0.152613773941994 0.300324529409409 0.271413594484329 0.366141945123672 0.234235614538193 0.191348135471344 0.195263549685478 0.190099775791168 0.192128106951714 0.205624908208847 0.240668654441833 0.290238440036774 0.319116353988647 0.294930249452591 0.51689600944519 0.488524526357651 0.468485623598099 0.22936162352562 0.301058918237686 0.277461767196655 0.420205146074295 0.353853046894073 0.500031769275665 0.66170334815979 0.657407283782959 0.465450495481491 0.511598944664001 0.645537853240967 0.609788537025452 0.468800902366638 0.293217420578003 0.487677186727524 0.358309239149094 0.260342985391617 0.21589620411396 0.215540841221809 0.218211725354195 0.205449163913727 0.223617717623711 0.245297580957413 0.352273672819138 0.318852961063385 0.247589856386185 0.281661927700043 0.33000835776329 0.322039812803268
0.260568767786026 0.257120221853256 0.265342712402344 0.415175765752792 0.443343102931976 0.171308398246765 0.195263549685478 0.218441978096962 0.147515535354614 0.167465016245842 0.556856513023376 0.486005932092667 0.295776188373566 0.445087462663651 0.482795059680939 0.333161026239395 0.342106938362122 0.171420931816101 0.421541541814804 0.277333289384842 0.323148548603058 0.553522825241089 0.642789542675018 0.696621835231781 0.828501343727112 0.443400681018829 0.6275395154953 0.564371705055237 0.433270126581192 0.364842087030411 0.314276069402695 0.224174574017525 0.190133452415466 0.169217973947525 0.188323467969894 0.202768236398697 0.276053011417389 0.282244473695755 0.238702923059464 0.273471236228943 0.287627249956131 0.253366351127625 0.249012976884842 0.298473924398422 0.41913241147995 0.404071271419525
0.269212990999222 0.294952899217606 0.27930548787117 0.344372689723969 0.422476083040237 0.459306865930557 0.140858501195908 0.214102819561958 0.137983381748199 0.173112779855728 0.323175072669983 0.389645457267761 0.311101585626602 0.46881839632988 0.346426516771317 0.330071449279785 0.263763874769211 0.168857842683792 0.279308497905731 0.398932218551636 0.39851376414299 0.803449332714081 0.660545527935028 0.809423267841339 0.88589483499527 0.628710269927979 0.584317922592163 0.534062385559082 0.380933851003647 0.343871057033539 0.211805656552315 0.190307900309563 0.188818141818047 0.277188360691071 0.284651726484299 0.447672814130783 0.416597485542297 0.313632875680923 0.292127639055252 0.246625661849976 0.260135769844055 0.264524936676025 0.281306207180023 0.372158110141754 0.64770370721817 0.501716494560242
