output/projections/03_MH/Myrcia silvatica.asc
NCOLS 168 
NROWS 144 
XLLCORNER -41.0000000002598 
YLLCORNER -7.99999999976785 
CELLSIZE 0.0416666666664048 
NODATA_value -3.4e+38 
[rows 100 to 119 of 144, columns 46 to 91 of 168]
0.0152956740930676 0.0176596269011497 0.0572319142520428 0.0189006086438894 0.047348327934742 0.0336364880204201 0.0381365790963173 0.0224716402590275 0.0108184758573771 0.0204268880188465 0.010208809748292 0.0236709136515856 0.0960812419652939 0.280730605125427 0.233124047517776 0.173917055130005 0.150557667016983 0.0737155675888062 0.0571476854383945 0.060273040086031 0.0331299044191837 0.0260594077408314 0.0222035646438599 0.0224049240350723 0.0221825614571571 0.0310288462787867 0.0287888646125793 0.0283268801867962 0.0775352790951729 0.0486703775823116 0.049281507730484 0.105302579700947 0.073265440762043 0.0524368695914745 0.0516769960522652 0.0425430908799171 0.0369560718536377 0.0343730002641678 0.0335227325558662 0.029952846467495 0.0295094437897205 0.0304131675511599 0.0293333977460861 0.0321048945188522 0.0337128266692162 0.0314369797706604
0.0171034000813961 0.01889125443995 0.0258951708674431 0.0197258368134499 0.0277150887995958 0.0242330208420753 0.0389882102608681 0.0192214027047157 0.0123147647827864 0.0163370817899704 0.0106948288157582 0.145240232348442 0.141006961464882 0.267030745744705 0.180234298110008 0.128086075186729 0.0908463001251221 0.114014640450478 0.0427262410521507 0.0344795361161232 0.0350119695067406 0.0345331467688084 0.0263031683862209 0.0249802898615599 0.0256560910493135 0.0237264335155487 0.0253547374159098 0.027357904240489 0.0378810949623585 0.133301287889481 0.122114524245262 0.138121634721756 0.0699276328086853 0.0531667321920395 0.043020635843277 0.0425430908799171 0.0383239574730396 0.0367788262665272 0.0323016978800297 0.0317390449345112 0.0348281301558018 0.034697700291872 0.0373978987336159 0.0373978987336159 0.0225737299770117 0.0242585055530071
0.021795405074954 0.0263196174055338 0.0188947841525078 0.0226509086787701 0.0430987924337387 0.0280756894499063 0.024206256493926 0.0149579662829638 0.0117150396108627 0.0110748177394271 0.025942362844944 0.305550545454025 0.272813647985458 0.108621783554554 0.0704484209418297 0.0821032598614693 0.168133154511452 0.0529857575893402 0.0425820089876652 0.0435356609523296 0.027326688170433 0.0637586563825607 0.0263661295175552 0.0284774135798216 0.0282679907977581 0.0263871550559998 0.0235922243446112 0.0240524373948574 0.0643147230148315 0.0960207134485245 0.14258000254631 0.14605239033699 0.110334947705269 0.0728352814912796 0.0491729602217674 0.0389011278748512 0.0405385717749596 0.0379616767168045 0.0394070520997047 0.0406012050807476 0.0329147763550282 0.0349590331315994 0.031994454562664 0.0327247157692909 0.0215979609638453 0.0233960300683975
0.0320270247757435 0.0309453178197145 0.0226720590144396 0.0328306816518307 0.0531735382974148 0.0443256758153439 0.0278731882572174 0.0151722831651568 0.0106417080387473 0.0132405078038573 0.151377841830254 0.204161033034325 0.148750990629196 0.0989594832062721 0.138452649116516 0.179105743765831 0.0521718636155128 0.054746363312006 0.0972962751984596 0.0308248586952686 0.0354360789060593 0.0502508617937565 0.0296476297080517 0.0334490090608597 0.031659085303545 0.0300377812236547 0.0236819330602884 0.0323371328413486 0.0418311059474945 0.0903563722968102 0.22324800491333 0.141653090715408 0.0987617373466492 0.069527730345726 0.0444917194545269 0.0437816753983498 0.038401935249567 0.0359000340104103 0.0379736237227917 0.0424055233597755 0.0379148833453655 0.0295649468898773 0.0224599577486515 0.0224067214876413 0.0235743205994368 0.0229888036847115
0.0338214449584484 0.0329947881400585 0.0193072315305471 0.0393132455646992 0.0450872369110584 0.0352630876004696 0.0169465839862823 0.013483596034348 0.0122679127380252 0.0202316045761108 0.0667993426322937 0.236976608633995 0.283817738294601 0.22744981944561 0.189254626631737 0.0627422481775284 0.0563265904784203 0.175759628415108 0.0808824226260185 0.0345877707004547 0.0309080947190523 0.0573847778141499 0.0294758602976799 0.0364306010305882 0.0415776111185551 0.0340149290859699 0.0281625408679247 0.0309530813246965 0.0478007048368454 0.101924180984497 0.0845111384987831 0.0714172720909119 0.0583941750228405 0.0560776628553867 0.046081367880106 0.0347086600959301 0.0261030755937099 0.0472653098404408 0.0611703991889954 0.0405512936413288 0.0274229180067778 0.021053995937109 0.0220410022884607 0.0286370925605297 0.0289993453770876 0.0268885977566242
0.0434627085924149 0.0273906067013741 0.0211455710232258 0.0376585461199284 0.0280667655169964 0.0178491901606321 0.0166287235915661 0.0147264432162046 0.0152722708880901 0.0340315662324429 0.114703275263309 0.300147384405136 0.309886187314987 0.114331126213074 0.138796284794807 0.1091578155756 0.222354680299759 0.11860141903162 0.0405560918152332 0.0430672839283943 0.0262874756008387 0.0698744282126427 0.0307345408946276 0.0368257388472557 0.104943364858627 0.0425836890935898 0.0429146811366081 0.0710536614060402 0.106290735304356 0.107977755367756 0.0714172720909119 0.05684494972229 0.05684494972229 0.0530199930071831 0.0348882414400578 0.0348942168056965 0.0579860433936119 0.0531028993427753 0.043545313179493 0.0359903052449226 0.0306679680943489 0.0186668168753386 0.0242824051529169 0.0346073694527149 0.036791879683733 0.0275801587849855
0.0413824357092381 0.0392766892910004 0.0465340055525303 0.0321834087371826 0.0196823664009571 0.0259861554950476 0.0241531673818827 0.015621985308826 0.0463248640298843 0.0201482381671667 0.0807972326874733 0.244439765810966 0.180593907833099 0.163700386881828 0.0599884353578091 0.106395862996578 0.16974288225174 0.0692345127463341 0.0416483320295811 0.0401310250163078 0.0359837003052235 0.0379851050674915 0.0401878021657467 0.0697513669729233 0.124178290367126 0.0753715187311172 0.0660086646676064 0.0517258383333683 0.0445126257836819 0.068230576813221 0.0683850720524788 0.0539222024381161 0.0466761365532875 0.0441836901009083 0.0308122392743826 0.0383123941719532 0.05854582041502 0.0384982489049435 0.0361254140734673 0.0314872600138187 0.0238785427063704 0.0224749390035868 0.0224216673523188 0.0284265279769897 0.0299366153776646 0.0415298193693161
0.0586099289357662 0.0529735684394836 0.0451937913894653 0.030116580426693 0.0221825763583183 0.0334914103150368 0.0255306083709002 0.0153846740722656 0.0489630438387394 0.0336604975163937 0.121528014540672 0.0539403967559338 0.222984373569489 0.120458237826824 0.0457266308367252 0.116213448345661 0.0595507062971592 0.0456065088510513 0.0619940906763077 0.061823807656765 0.0933240056037903 0.0484077483415604 0.046656172722578 0.11543545126915 0.105782195925713 0.0887961387634277 0.0658398345112801 0.0511727072298527 0.0481539107859135 0.0450605005025864 0.0588231086730957 0.0473950766026974 0.0371829494833946 0.0416303612291813 0.0447901152074337 0.0340319387614727 0.0331487022340298 0.0345577038824558 0.0250102058053017 0.0205593891441822 0.022964296862483 0.0240386594086885 0.0253533888608217 0.0232128668576479 0.0400785095989704 0.0480246506631374
0.0611212141811848 0.051707923412323 0.0407380163669586 0.0325181558728218 0.018742436543107 0.0676881372928619 0.0831679925322533 0.0362034328281879 0.0329248160123825 0.044115848839283 0.0520069450139999 0.20663820207119 0.111440405249596 0.0612143911421299 0.0635929852724075 0.0624733045697212 0.0305801443755627 0.0371883623301983 0.0781964063644409 0.123203679919243 0.0513139814138412 0.0472193025052547 0.0812632888555527 0.119134403765202 0.0543384179472923 0.0563026331365108 0.0846272930502892 0.0662402585148811 0.0475060567259789 0.0427234806120396 0.0417928285896778 0.0485877171158791 0.0473372228443623 0.0254475828260183 0.031850304454565 0.0578097030520439 0.0355991274118423 0.023014834150672 0.0218606181442738 0.0248378477990627 0.0286105386912823 0.0224046315997839 0.034082654863596 0.0327432900667191 0.0467386990785599 0.0313768237829208
0.0503212995827198 0.0526561625301838 0.0461648441851139 0.0367426611483097 0.0208793245255947 0.0293878633528948 0.0959405303001404 0.0653441995382309 0.101571574807167 0.149063095450401 0.0995167121291161 0.106607057154179 0.0644667595624924 0.0433549173176289 0.0515342019498348 0.0280556175857782 0.0307008698582649 0.116474814713001 0.104217499494553 0.0620488710701466 0.0516222566366196 0.0520041920244694 0.0630847811698914 0.0455584526062012 0.0569349750876427 0.0423286370933056 0.0914292335510254 0.0829977244138718 0.0588231086730957 0.0395803786814213 0.0318007208406925 0.0319758765399456 0.059446856379509 0.044624101370573 0.0334401875734329 0.0283362399786711 0.0199488420039415 0.0180286653339863 0.0395824387669563 0.0387052707374096 0.034890066832304 0.0213241428136826 0.0305837541818619 0.0635823234915733 0.0435561239719391 0.0273357722908258
0.0564009621739388 0.0605422891676426 0.0551931299269199 0.0350498408079147 0.0275031104683876 0.0274040643125772 0.0302115622907877 0.0708388909697533 0.0830634981393814 0.0645638853311539 0.0498353280127048 0.0630832016468048 0.0582317002117634 0.0406384691596031 0.0347947105765343 0.0310690831393003 0.0532568283379078 0.10553115606308 0.0893056243658066 0.0555222369730473 0.0567580200731754 0.0464817509055138 0.0477107763290405 0.049652848392725 0.0345304682850838 0.0646199285984039 0.242126628756523 0.16652874648571 0.0960076972842216 0.0482897646725178 0.0282612610608339 0.128252908587456 0.0710121989250183 0.0534951724112034 0.0299916975200176 0.022960314527154 0.0235944129526615 0.0244988761842251 0.0532780550420284 0.0448216274380684 0.0351264327764511 0.0239670816808939 0.026100991293788 0.0406634174287319 0.0439160503447056 0.0308118425309658
0.135816186666489 0.0599642060697079 0.0457319729030132 0.0406629368662834 0.0342000871896744 0.0338754169642925 0.0332292802631855 0.0369964428246021 0.0577095784246922 0.0378602333366871 0.0564543157815933 0.0558363534510136 0.0497056655585766 0.0344859324395657 0.032084159553051 0.0640493184328079 0.0559817738831043 0.080398216843605 0.0722045972943306 0.0642621889710426 0.051590871065855 0.0372411236166954 0.0950695499777794 0.0476296655833721 0.0385523736476898 0.044246006757021 0.152375653386116 0.201484546065331 0.13480432331562 0.0718718022108078 0.0288946945220232 0.0946367979049683 0.0403379909694195 0.0348020046949387 0.0230476763099432 0.0245066955685616 0.0225433576852083 0.0295817852020264 0.0354468077421188 0.0517311580479145 0.0650938153266907 0.031396709382534 0.0305174980312586 0.0510622002184391 0.0404749438166618 0.0292461477220058
0.13008426129818 0.124146863818169 0.045676052570343 0.0491953641176224 0.0535754151642323 0.0478572510182858 0.0380200445652008 0.0333754792809486 0.0442442409694195 0.049370426684618 0.0669423267245293 0.056696705520153 0.0426087342202663 0.0404998995363712 0.0556059814989567 0.0699501559138298 0.061438899487257 0.0562215447425842 0.048847533762455 0.0512495972216129 0.0381329320371151 0.0844473615288734 0.0858394876122475 0.0743279382586479 0.0304369255900383 0.0450259260833263 0.0938887521624565 0.0840144604444504 0.0630573704838753 0.0517432354390621 0.0377030298113823 0.0457140691578388 0.0285023357719183 0.0278502814471722 0.0229569580405951 0.0250112116336823 0.0237220134586096 0.094355009496212 0.111215598881245 0.0650722160935402 0.0321036167442799 0.0320384129881859 0.042808324098587 0.058563120663166 0.0378616787493229 0.0343530923128128
0.154139712452888 0.123592868447304 0.0481745935976505 0.0454234629869461 0.0475622899830341 0.0644320026040077 0.0643571764230728 0.0388160943984985 0.0439029261469841 0.0528989508748055 0.0686373636126518 0.0670213475823402 0.06004773452878 0.0479231402277946 0.0500203259289265 0.049286637455225 0.0539792999625206 0.0467113740742207 0.0426220782101154 0.0423983633518219 0.0446287877857685 0.0463157892227173 0.03966448828578 0.0372406430542469 0.0469293110072613 0.0549230948090553 0.0758587047457695 0.0641081631183624 0.0618151053786278 0.0442869365215302 0.0352561175823212 0.0290001183748245 0.0315622240304947 0.0377981439232826 0.0238493271172047 0.0285265184938908 0.0499581396579742 0.089314691722393 0.0868292972445488 0.0533358603715897 0.0289337374269962 0.0321192964911461 0.0388532243669033 0.0621918365359306 0.0433096177875996 0.036211010068655
0.135077893733978 0.128368929028511 0.101028978824615 0.0449204966425896 0.0627580061554909 0.0451786555349827 0.064010888338089 0.0653652548789978 0.0419992506504059 0.0439241118729115 0.0635474771261215 0.0938658267259598 0.0683090910315514 0.0597595945000648 0.0603361651301384 0.0534034296870232 0.0514722019433975 0.0520606674253941 0.0500514209270477 0.0484140031039715 0.0508044473826885 0.0506789684295654 0.0415455736219883 0.0319737866520882 0.0540211275219917 0.0492649339139462 0.0797418504953384 0.051251582801342 0.0363913774490356 0.0305954907089472 0.0307939276099205 0.0309735350310802 0.0520001277327538 0.0403839536011219 0.0306838024407625 0.0367769077420235 0.0611587017774582 0.0937749966979027 0.0677853152155876 0.04506516456604 0.0320384129881859 0.0387083254754543 0.0399015136063099 0.0499917715787888 0.051933579146862 0.0341442301869392
0.141927778720856 0.129371792078018 0.109872117638588 0.0907732248306274 0.126101031899452 0.0492349043488503 0.0516636818647385 0.0746502801775932 0.0550655573606491 0.0499529726803303 0.0698124617338181 0.0678405687212944 0.072312094271183 0.0888902246952057 0.0849439352750778 0.0689642950892448 0.0544372908771038 0.0542375519871712 0.052470751106739 0.0505714491009712 0.0478441528975964 0.0481845512986183 0.0419608429074287 0.04134726151824 0.0493186116218567 0.0495011806488037 0.0447067730128765 0.0351842939853668 0.0451168864965439 0.0499924570322037 0.0319809578359127 0.0347539447247982 0.0628312975168228 0.0482170730829239 0.0455115884542465 0.0304683223366737 0.0308831948786974 0.0851251780986786 0.0951046943664551 0.0600252225995064 0.0436044260859489 0.0362319573760033 0.0376323163509369 0.057791892439127 0.0710220783948898 0.0348079688847065
0.152822390198708 0.144747152924538 0.118265487253666 0.0851320251822472 0.115935169160366 0.0950604155659676 0.0920301899313927 0.122639775276184 0.068873330950737 0.0789597481489182 0.0722713321447372 0.0787074118852615 0.0819195285439491 0.0732594728469849 0.0707886889576912 0.0696220695972443 0.066152848303318 0.0699534490704536 0.0506815761327744 0.0698720365762711 0.0540733821690083 0.068713590502739 0.0580397322773933 0.0602017343044281 0.0672701001167297 0.0442327037453651 0.0561390928924084 0.0545307695865631 0.0606430880725384 0.0488963425159454 0.0382963381707668 0.0409779734909534 0.0588631443679333 0.0889691635966301 0.0543832704424858 0.0371400117874146 0.0401362739503384 0.0841088816523552 0.0626732632517815 0.0765306651592255 0.0491047650575638 0.042808324098587 0.0369347259402275 0.0475356727838516 0.0544309690594673 0.045314721763134
0.181718811392784 0.193569839000702 0.146165549755096 0.0593258216977119 0.0653933808207512 0.049906425178051 0.0627054050564766 0.150034755468369 0.0936423093080521 0.0951697453856468 0.0732457712292671 0.0792744234204292 0.075249008834362 0.0780743807554245 0.0818257182836533 0.0766171365976334 0.0752765685319901 0.0543475188314915 0.0555508434772491 0.108581498265266 0.140401318669319 0.108085490763187 0.115166544914246 0.107106164097786 0.0614971183240414 0.065543532371521 0.0904524773359299 0.0817273259162903 0.0733995586633682 0.0442540422081947 0.0496567040681839 0.0481201596558094 0.0619512684643269 0.078283853828907 0.0635052397847176 0.044044516980648 0.042286079376936 0.0782415345311165 0.0601538754999638 0.0690790787339211 0.0469225496053696 0.0541962794959545 0.0413212962448597 0.043223824352026 0.0695445314049721 0.0762852281332016
0.220335483551025 0.185158669948578 0.15052741765976 0.126261964440346 0.128186792135239 0.0550499893724918 0.0682124570012093 0.0996502637863159 0.100916847586632 0.0909297466278076 0.0793165639042854 0.0962770059704781 0.0842515006661415 0.0828858464956284 0.0900352150201797 0.0759000703692436 0.0604971796274185 0.0577852390706539 0.0637824237346649 0.0806634873151779 0.0770858451724052 0.0712059512734413 0.0689266845583916 0.0660717785358429 0.0700146704912186 0.0712907910346985 0.0860444307327271 0.0750992149114609 0.0546229593455791 0.050659291446209 0.06296556442976 0.0656454861164093 0.0634266063570976 0.072365514934063 0.0853644460439682 0.0634865835309029 0.0529549904167652 0.0789100751280785 0.096017099916935 0.0831805467605591 0.0485795140266418 0.0655626878142357 0.0679846927523613 0.0438714250922203 0.0500864647328854 0.075467549264431
0.269254922866821 0.215130850672722 0.170439153909683 0.136022344231606 0.176649197936058 0.0907561704516411 0.0639937594532967 0.106729276478291 0.0918061658740044 0.120184332132339 0.0929060354828835 0.131546974182129 0.0976143404841423 0.09477898478508 0.132585465908051 0.0963963121175766 0.104577764868736 0.112599119544029 0.08547742664814 0.130112484097481 0.121694467961788 0.0777237787842751 0.0755008980631828 0.0872519463300705 0.0856402367353439 0.0777992531657219 0.0708836913108826 0.0531200803816319 0.0533248968422413 0.0647758468985558 0.0701862201094627 0.0915516242384911 0.0722886621952057 0.0978702232241631 0.187325775623322 0.112632289528847 0.0998948588967323 0.138369470834732 0.120010003447533 0.0893190950155258 0.0672914683818817 0.0727197229862213 0.0732679069042206 0.0425331145524979 0.0443377606570721 0.047959242016077
