output/projections/03_MH/Myrcia silvatica.asc
NCOLS 168 
NROWS 144 
XLLCORNER -41.0000000002598 
YLLCORNER -7.99999999976785 
CELLSIZE 0.0416666666664048 
NODATA_value -3.4e+38 
[rows 20 to 39 of 144, columns 0 to 45 of 168]
-3.4e+38 -3.4e+38 -3.4e+38 -3.4e+38 -3.4e+38 0.0716691538691521 0.070405937731266 0.070322073996067 0.074167400598526 0.0760259628295898 0.0799683108925819 0.0920845195651054 0.0961055085062981 0.0932620093226433 0.102726928889751 0.105103507637978 0.102257899940014 0.104744508862495 0.119183495640755 0.122158855199814 0.114570192992687 0.130022287368774 0.131619155406952 0.131907239556313 0.136044293642044 0.136044293642044 -3.4e+38 -3.4e+38 -3.4e+38 -3.4e+38 -3.4e+38 -3.4e+38 -3.4e+38 -3.4e+38 -3.4e+38 -3.4e+38 -3.4e+38 -3.4e+38 -3.4e+38 -3.4e+38 -3.4e+38 -3.4e+38 -3.4e+38 -3.4e+38 -3.4e+38 -3.4e+38
0.0581648759543896 0.0644743293523788 0.0657949820160866 0.0699901133775711 0.0629488602280617 0.0726060718297958 0.0713276118040085 0.072950541973114 0.0683436766266823 0.0767462477087975 0.0766558647155762 0.0828277245163918 0.0863854065537453 0.0858804509043694 0.0930463969707489 0.103909209370613 0.0936950892210007 0.103198952972889 0.115613460540771 0.11509296298027 0.0976634547114372 0.112898536026478 0.12959049642086 0.126738637685776 0.13800536096096 0.135894373059273 0.133515104651451 0.137698650360107 -3.4e+38 -3.4e+38 -3.4e+38 -3.4e+38 -3.4e+38 -3.4e+38 -3.4e+38 -3.4e+38 -3.4e+38 -3.4e+38 -3.4e+38 -3.4e+38 -3.4e+38 -3.4e+38 -3.4e+38 -3.4e+38 -3.4e+38 -3.4e+38
0.0593648217618465 0.0595075078308582 0.0654819086194038 0.0671407431364059 0.0546340011060238 0.0656351968646049 0.0746955946087837 0.0709060952067375 0.0705705359578133 0.0662609934806824 0.0784820541739464 0.0750457048416138 0.0851844027638435 0.0871913880109787 0.092616505920887 0.0938030108809471 0.0945651307702065 0.101673610508442 0.10703631490469 0.110124178230762 0.0874917283654213 0.109992079436779 0.116917662322521 0.113663643598557 0.129155412316322 0.134254336357117 0.131460979580879 0.138001993298531 0.140907660126686 -3.4e+38 -3.4e+38 -3.4e+38 -3.4e+38 -3.4e+38 -3.4e+38 -3.4e+38 -3.4e+38 -3.4e+38 -3.4e+38 -3.4e+38 -3.4e+38 -3.4e+38 -3.4e+38 -3.4e+38 -3.4e+38 -3.4e+38
0.0561050176620483 0.0587266944348812 0.0615387707948685 0.0698244273662567 0.0565092191100121 0.0600783005356789 0.0694104805588722 0.0665802732110023 0.0736440122127533 0.0686698034405708 0.0670549497008324 0.0772905573248863 0.0745159238576889 0.0844908282160759 0.0852812379598618 0.0931541472673416 0.0944559127092361 0.0920821577310562 0.108016051352024 0.0997094959020615 0.0838926732540131 0.0976629331707954 0.109742470085621 0.114308066666126 0.115476652979851 0.117042422294617 0.12957826256752 0.128431782126427 0.129430547356606 0.139216870069504 0.13558691740036 -3.4e+38 -3.4e+38 -3.4e+38 -3.4e+38 -3.4e+38 -3.4e+38 -3.4e+38 -3.4e+38 -3.4e+38 -3.4e+38 -3.4e+38 -3.4e+38 -3.4e+38 -3.4e+38 -3.4e+38
0.0554330050945282 0.0566459931433201 0.0656385198235512 0.0704910904169083 0.0515553131699562 0.0600783005356789 0.071415513753891 0.0643171742558479 0.0743435472249985 0.0742557719349861 0.0608733929693699 0.0751347467303276 0.0751343369483948 0.0820554420351982 0.0855803713202477 0.0920816585421562 0.0939115434885025 0.0903892368078232 0.0998241156339645 0.0966587737202644 0.074070155620575 0.0943406224250793 0.100623160600662 0.110865689814091 0.109863869845867 0.115082092583179 0.120646312832832 0.110353425145149 0.126445099711418 0.134245708584785 0.134394779801369 0.139059916138649 0.155210599303246 -3.4e+38 -3.4e+38 -3.4e+38 -3.4e+38 -3.4e+38 -3.4e+38 -3.4e+38 -3.4e+38 -3.4e+38 -3.4e+38 -3.4e+38 -3.4e+38 -3.4e+38
0.0594363547861576 0.063632994890213 0.078671932220459 0.0654824152588844 0.0481730252504349 0.0534596219658852 0.0734734907746315 0.0673781558871269 0.0699901133775711 0.0702393427491188 0.0581618025898933 0.0680193603038788 0.0676964670419693 0.0758444666862488 0.0848838686943054 0.0868876278400421 0.0829221308231354 0.0911259204149246 0.0955531448125839 0.0985692143440247 0.0669684931635857 0.0910142809152603 0.0999317988753319 0.101430840790272 0.108375169336796 0.10874567180872 0.104847639799118 0.103182204067707 0.114944636821747 0.125597327947617 0.133358255028725 0.131744846701622 0.135732546448708 0.167988136410713 -3.4e+38 -3.4e+38 -3.4e+38 -3.4e+38 -3.4e+38 -3.4e+38 -3.4e+38 -3.4e+38 -3.4e+38 -3.4e+38 -3.4e+38 -3.4e+38
0.0697426199913025 0.0726104006171227 0.0775693580508232 0.0565117970108986 0.0464493855834007 0.0550308339297771 0.0730402916669846 0.0654034987092018 0.0724373683333397 0.0654815435409546 0.0590063966810703 0.0627230554819107 0.0687514618039131 0.0668162107467651 0.0744256004691124 0.0838977918028831 0.0832137390971184 0.0913375318050385 0.0967702642083168 0.0967702642083168 0.0668091922998428 0.0804286152124405 0.0973225384950638 0.0975475162267685 0.100388795137405 0.100850746035576 0.10015544295311 0.0935714170336723 0.112373471260071 0.126158356666565 0.123372413218021 0.110726483166218 0.127711594104767 0.154370546340942 0.170856565237045 0.175603598356247 -3.4e+38 -3.4e+38 -3.4e+38 -3.4e+38 -3.4e+38 -3.4e+38 -3.4e+38 -3.4e+38 -3.4e+38 -3.4e+38
0.0646289438009262 0.0742604732513428 0.0625768452882767 0.0583049841225147 0.0489410534501076 0.0505681894719601 0.0676998943090439 0.068673275411129 0.0817723572254181 0.0628007277846336 0.0583718828856945 0.069163590669632 0.0662637278437614 0.0650091618299484 0.0709012001752853 0.0779219642281532 0.0858804509043694 0.0892452597618103 0.0780168920755386 0.0732018426060677 0.0671281516551971 0.0701433122158051 0.0941193550825119 0.0964293107390404 0.0972110033035278 0.0984464138746262 0.0986696109175682 0.0918533951044083 0.110481552779675 0.117959819734097 0.0995721071958542 0.110474832355976 0.131594359874725 0.142758414149284 0.163222432136536 0.164447024464607 0.1728495657444 -3.4e+38 -3.4e+38 -3.4e+38 -3.4e+38 -3.4e+38 -3.4e+38 -3.4e+38 -3.4e+38 -3.4e+38
0.0585862211883068 0.0712479203939438 0.0583753176033497 0.0548347979784012 0.0509389340877533 0.0479996167123318 0.064318023622036 0.0768388584256172 0.0650123506784439 0.0634777545928955 0.0640108957886696 0.0680225417017937 0.073381207883358 0.0600041151046753 0.0699820071458817 0.0708146542310715 0.0848843306303024 0.0913412049412727 0.0696480199694633 0.0871891379356384 0.0641219466924667 0.0607938952744007 0.0910142809152603 0.0948837772011757 0.0952130854129791 0.0996988564729691 0.0830111056566238 0.0952066853642464 0.113655559718609 0.0901646092534065 0.101650133728981 0.117956876754761 0.123783364892006 0.131445825099945 0.142598122358322 0.146219596266747 0.162870272994041 0.181956678628922 0.162348955869675 0.201920047402382 -3.4e+38 -3.4e+38 -3.4e+38 -3.4e+38 -3.4e+38 -3.4e+38
0.0612427927553654 0.0705752968788147 0.0621294155716896 0.0554999858140945 0.0487041845917702 0.0509987212717533 0.0630246698856354 0.0829329788684845 0.0676976218819618 0.0604379288852215 0.0710727125406265 0.0638585016131401 0.0770165324211121 0.0593594498932362 0.0571887195110321 0.0727701187133789 0.0802453979849815 0.086685337126255 0.0800576508045197 0.0774654448032379 0.0517137050628662 0.0521138124167919 0.0882035344839096 0.0957642048597336 0.0992451831698418 0.0904880985617638 0.0690851658582687 0.100384637713432 0.0937874689698219 0.0829114094376564 0.111484915018082 0.121725060045719 0.120909459888935 0.122955895960331 0.131882861256599 0.133052870631218 0.148948833346367 0.149105593562126 0.156197667121887 0.185207635164261 0.192036777734756 0.209842264652252 0.207314342260361 -3.4e+38 -3.4e+38 -3.4e+38
0.0667408332228661 0.0616847351193428 0.0592917203903198 0.058233305811882 0.0511209331452847 0.0523730963468552 0.059360571205616 0.0711599364876747 0.0605852082371712 0.0610199421644211 0.0830262750387192 0.0747820511460304 0.0670536980032921 0.0669736489653587 0.0580181814730167 0.0845844373106956 0.0752152279019356 0.0756598636507988 0.114439360797405 0.0865816548466682 0.0392879210412502 0.0502267479896545 0.0959850922226906 0.107517674565315 0.0919693112373352 0.0789316147565842 0.0711120739579201 0.0908003747463226 0.074500672519207 0.0814674347639084 0.116773553192616 0.122683331370354 0.102001361548901 0.126292034983635 0.133793905377388 0.12770377099514 0.140735268592834 0.146378993988037 0.155023097991943 0.170119315385818 0.177069813013077 0.191444367170334 0.207740694284439 -3.4e+38 -3.4e+38 -3.4e+38
0.0550980940461159 0.0530102141201496 0.0613895952701569 0.0601516738533974 0.0558333061635494 0.050019983202219 0.0527544245123863 0.0671363472938538 0.0568484589457512 0.0790361613035202 0.0888382345438004 0.0762071534991264 0.0693235620856285 0.0726873204112053 0.0637010559439659 0.0618222318589687 0.0588169768452644 0.0769625678658485 0.188742280006409 0.0789373219013214 0.0365014933049679 0.0463494695723057 0.0929326415061951 0.0838925316929817 0.0752131342887878 0.0679288357496262 0.072250172495842 0.0712303593754768 0.0729978904128075 0.0814674347639084 0.108367815613747 0.0941106081008911 0.101650133728981 0.121316984295845 0.142913207411766 0.124751798808575 0.135270670056343 0.142129957675934 0.15270234644413 0.15976171195507 0.148459330201149 0.206487238407135 0.19243311882019 0.199674665927887 -3.4e+38 -3.4e+38
0.0495348237454891 0.0704043880105019 0.0759410411119461 0.0707396045327187 0.0792293325066566 0.0541100203990936 0.0478814765810966 0.0532664321362972 0.0792243406176567 0.115360982716084 0.0972279757261276 0.0903995111584663 0.0768352970480919 0.0696507692337036 0.0766517370939255 0.0814763009548187 0.0747764706611633 0.0660973936319351 0.0917597264051437 0.0572402589023113 0.0356900617480278 0.0742453932762146 0.0811898037791252 0.066731683909893 0.0618215464055538 0.0626384094357491 0.0707277059555054 0.064885713160038 0.0752988681197166 0.0795805901288986 0.0816586315631866 0.0810837149620056 0.104959547519684 0.123924471437931 0.139512673020363 0.129278913140297 0.113899730145931 0.13905031979084 0.156369671225548 0.136921837925911 0.13980795443058 0.178198605775833 0.173026353120804 0.163567468523979 0.196034461259842 0.19643796980381
0.0909200683236122 0.0661050006747246 0.0534560717642307 0.238055869936943 0.0786753073334694 0.0552977547049522 0.0473607592284679 0.0475317910313606 0.0597890019416809 0.0644691288471222 0.105224549770355 0.147071972489357 0.0997174382209778 0.0825393199920654 0.091021940112114 0.0764717012643814 0.0716599375009537 0.0659443736076355 0.0529822483658791 0.0314789116382599 0.0645900666713715 0.0742476209998131 0.0643865168094635 0.0573908388614655 0.0525636412203312 0.070309080183506 0.0709793567657471 0.0539694577455521 0.0745934322476387 0.0793934017419815 0.0725597888231277 0.0852671191096306 0.0797447711229324 0.118225827813148 0.131015986204147 0.120233491063118 0.0979827046394348 0.128701090812683 0.138136178255081 0.127845540642738 0.137980461120605 0.147337839007378 0.176894143223763 0.163567468523979 0.184066981077194 0.158402904868126
0.0633276253938675 0.0442912429571152 0.0630183666944504 0.191126614809036 0.0781220719218254 0.0533979460597038 0.061758641153574 0.0513691194355488 0.0516162775456905 0.0685050934553146 0.0825359672307968 0.153419882059097 0.094133585691452 0.127318114042282 0.0739886164665222 0.0687469691038132 0.0667323097586632 0.0654739290475845 0.0368672907352448 0.0353020243346691 0.079963281750679 0.0650818943977356 0.0630164816975594 0.0502800866961479 0.0521144531667233 0.0726809576153755 0.0598223060369492 0.0478558912873268 0.0740665942430496 0.0722494944930077 0.0632452964782715 0.0824270695447922 0.0790187418460846 0.0933512672781944 0.108486905694008 0.111103445291519 0.109849914908409 0.107378892600536 0.118886098265648 0.121854431927204 0.113899908959866 0.1550322920084 0.157726541161537 0.156039327383041 0.140428334474564 0.123224847018719
0.0465593710541725 0.0569153092801571 0.0654021576046944 0.07252237200737 0.0585159994661808 0.056782566010952 0.0637091100215912 0.0516203194856644 0.0516806654632092 0.0506258383393288 0.0543671250343323 0.11303349584341 0.122711256146431 0.086589440703392 0.0663391202688217 0.0573251880705357 0.0661782175302505 0.0666553750634193 0.0323695093393326 0.0620443150401115 0.054307471960783 0.0647716224193573 0.0536631494760513 0.055681087076664 0.0590431056916714 0.0625675320625305 0.045681856572628 0.0457890182733536 0.066488042473793 0.0537803694605827 0.0591713413596153 0.0628159716725349 0.0607690140604973 0.0746286883950233 0.127281486988068 0.120637364685535 0.109849341213703 0.102465823292732 0.1131322234869 0.119690537452698 0.0973046720027924 0.15221594274044 0.156205907464027 0.142286345362663 0.112619832158089 0.11768589168787
0.046050209552050 0.0727740600705147 0.118121348321438 0.108025766909122 0.0679427236318588 0.0729523375630379 0.0588681995868683 0.0487022437155247 0.0609492920339108 0.0499550923705101 0.0576007999479771 0.26637390255928 0.579288303852081 0.457948535680771 0.106068998575211 0.0601467750966549 0.0548282265663147 0.0463327430188656 0.0308183021843433 0.0364554487168789 0.0388745628297329 0.0634701102972031 0.048830933868885 0.0515487119555473 0.0594987571239471 0.0498041734099388 0.0408088490366936 0.0401109866797924 0.0500506944954395 0.0407080911099911 0.0399501137435436 0.0660506561398506 0.0440743900835514 0.224164813756943 0.2586949467659 0.204634875059128 0.099689282476902 0.109475128352642 0.108607836067677 0.10424030572176 0.107375785708427 0.138592123985291 0.136478096246719 0.115064680576324 0.101179949939251 0.117157489061356
0.0507451593875885 0.107768625020981 0.160497710108757 0.0765658840537071 0.07593934237957 0.0590787678956985 0.0517454147338867 0.0473029464483261 0.0419241078197956 0.0625662207603455 0.26885262131691 0.588247776031494 0.713598787784576 0.57679957151413 0.349735379219055 0.129306718707085 0.0541708394885063 0.0339365154504776 0.0328648239374161 0.0318565629422665 0.0360655710101128 0.0491180755198002 0.0493754185736179 0.0536797642707825 0.0399056300520897 0.0520672984421253 0.0351388789713383 0.0331368744373322 0.0330182276666164 0.0316055826842785 0.0274575017392635 0.247319623827934 0.133304432034492 0.265054911375046 0.479470044374466 0.306166172027588 0.136479273438454 0.121724180877209 0.0971945971250534 0.0995722636580467 0.116504326462746 0.10848143696785 0.0994588062167168 0.0908922925591469 0.101877890527248 0.122948080301285
0.227315962314606 0.127595484256744 0.0727729871869087 0.061167735606432 0.0506894513964653 0.0525635480880737 0.0526291392743587 0.0455519407987595 0.0378079824149609 0.11664355546236 0.471854209899902 0.504995286464691 0.615139424800873 0.528898179531097 0.478249281644821 0.0994811430573463 0.043219905346632 0.0268379170447588 0.0317763164639473 0.0334524847567081 0.0360831171274185 0.0574259981513023 0.0552913434803486 0.0395222790539265 0.0328934565186501 0.0385456904768944 0.0279679261147976 0.0368256941437721 0.0282032489776611 0.0977715328335762 0.194018796086311 0.23813009262085 0.406147420406342 0.642178654670715 0.589747786521912 0.200920417904854 0.17690934240818 0.0739122703671455 0.104597397148609 0.109724789857864 0.108607657253742 0.0970835536718369 0.0760682970285416 0.07481449842453 0.0995697304606438 0.11702786386013
0.513611018657684 0.171617239713669 0.0592167712748051 0.046957541257143 0.0467279143631458 0.11905150860548 0.0799714401364326 0.043595939874649 0.0416181683540344 0.0394700355827808 0.204439535737038 0.306208789348602 0.172693803906441 0.168725565075874 0.109249040484428 0.0515536405146122 0.0291590895503759 0.0271441712975502 0.0244174841791391 0.0360655710101128 0.0359926223754883 0.059214074164629 0.0401661433279514 0.0299706384539604 0.0262958183884621 0.0314859785139561 0.0195807572454214 0.0767429918050766 0.0372719280421734 0.074192002415657 0.203350365161896 0.196128353476524 0.543739020824432 0.564535558223724 0.346504509449005 0.28806334733963 0.140744969248772 0.0858641639351845 0.0766048729419708 0.0663052126765251 0.100953198969364 0.0827128067612648 0.0550116002559662 0.0728660970926285 0.0939757153391838 0.11210910230875
