output/projections/03_MH/Myrcia silvatica.asc
NCOLS 168 
NROWS 144 
XLLCORNER -41.0000000002598 
YLLCORNER -7.99999999976785 
CELLSIZE 0.0416666666664048 
NODATA_value -3.4e+38 
[rows 120 to 139 of 144, columns 0 to 45 of 168]
0.0284378100186586 0.0321655496954918 0.0301664043217897 0.0513870380818844 0.0486180074512959 0.0449860468506813 0.0466937944293022 0.0479281432926655 0.0547513253986835 0.0927577912807465 0.0908136516809464 0.0696302652359009 0.0704127475619316 0.118965528905392 0.103609457612038 0.0991847515106201 0.162239238619804 0.18369747698307 0.215001195669174 0.184543594717979 0.151942789554596 0.0769182071089745 0.140347376465797 0.153494015336037 0.118610054254532 0.156999811530113 0.153435721993446 0.214240431785583 0.369846493005753 0.456850677728653 0.47907942533493 0.396719962358475 0.260606616735458 0.169584050774574 0.125285610556602 0.170114979147911 0.261736989021301 0.385135650634766 0.405868828296661 0.463777095079422 0.591165721416473 0.568781077861786 0.445413380861282 0.538854360580444 0.360973417758942 0.259827613830566
0.0697929114103317 0.0580397173762321 0.0702565759420395 0.0401389077305794 0.050472017377615 0.0459066592156887 0.0622237287461758 0.0714327022433281 0.0655761361122131 0.0638517290353775 0.0573221817612648 0.0722028166055679 0.10582660138607 0.131614997982979 0.112229593098164 0.121904149651527 0.178557440638542 0.225772112607956 0.181134462356567 0.14009416103363 0.11561344563961 0.136161834001541 0.158660382032394 0.146760508418083 0.196946859359741 0.232609987258911 0.193233221769333 0.215635135769844 0.349592059850693 0.48065248131752 0.454944878816605 0.359837263822556 0.300720989704132 0.249932199716568 0.194698095321655 0.284333944320679 0.31151357293129 0.375206649303436 0.405833959579468 0.434096485376358 0.427203834056854 0.402448236942291 0.318906724452972 0.366558134555817 0.390262514352798 0.381813168525696
0.0838288068771362 0.0985939130187035 0.0565698929131031 0.0482828579843044 0.0472880788147449 0.0553565248847008 0.053826991468668 0.0650324746966362 0.0601230971515179 0.0810029879212379 0.0844468846917152 0.09902273863554 0.147205039858818 0.148986041545868 0.205005869269371 0.128284350037575 0.168524637818336 0.22242359817028 0.228903368115425 0.146560788154602 0.235168680548668 0.175981521606445 0.188755050301552 0.159944549202919 0.30013781785965 0.274925321340561 0.276611536741257 0.323941767215729 0.293604254722595 0.231712803244591 0.252445548772812 0.192799746990204 0.227387830615044 0.297514677047729 0.28827491402626 0.295114368200302 0.306098401546478 0.263545304536819 0.263523906469345 0.311500281095505 0.288734197616577 0.324787110090256 0.277612209320068 0.274536728858948 0.281187474727631 0.361544281244278
0.0938770994544029 0.0647750198841095 0.0723728761076927 0.0689065307378769 0.0491022765636444 0.0707078650593758 0.0886183232069016 0.09117691218853 0.100052028894424 0.163802340626717 0.153935775160789 0.138444498181343 0.215985685586929 0.159658789634705 0.212092131376266 0.173714593052864 0.161209359765053 0.221112504601479 0.233109444379807 0.216848567128181 0.246272906661034 0.17886982858181 0.278564423322678 0.181720018386841 0.305204212665558 0.268111228942871 0.342778861522675 0.393270879983902 0.497550129890442 0.255767554044724 0.25069186091423 0.510950744152069 0.557571947574615 0.639195621013641 0.625861525535583 0.399475485086441 0.349917411804199 0.492438137531281 0.34988734126091 0.27636244893074 0.281991213560104 0.254216015338898 0.288479208946228 0.330126613378525 0.250858008861542 0.218372762203217
0.058101661503315 0.0627438426017761 0.0451398193836212 0.0724828615784645 0.0663053169846535 0.0680531039834023 0.153221309185028 0.173939764499664 0.147468909621239 0.156507551670074 0.191641226410866 0.175369143486023 0.211443290114403 0.206568494439125 0.192931368947029 0.214761912822723 0.228193998336792 0.230658292770386 0.278600096702576 0.24010306596756 0.249203622341156 0.222180902957916 0.295335590839386 0.181169062852859 0.288583368062973 0.428410172462463 0.565860211849213 0.660065114498138 0.668587505817413 0.396520346403122 0.198493927717209 0.425040364265442 0.691887855529785 0.74949699640274 0.789893090724945 0.753312289714813 0.764040529727936 0.6302769780159 0.324242115020752 0.360391676425934 0.304723531007767 0.24351005256176 0.241097465157509 0.303898125886917 0.310961365699768 0.218813866376877
0.041727889329195 0.0373062118887901 0.0433854535222054 0.0602959878742695 0.057592511177063 0.0642794594168663 0.0907754078507423 0.178667411208153 0.141878083348274 0.170917376875877 0.194725811481476 0.240685671567917 0.243571385741234 0.207264631986618 0.204118251800537 0.263562083244324 0.32790595293045 0.288608372211456 0.339685320854187 0.301135838031769 0.216853305697441 0.259941071271896 0.359620720148087 0.327491670846939 0.364004790782928 0.547359585762024 0.693511784076691 0.744664192199707 0.710053503513336 0.432084530591965 0.356010496616364 0.524238705635071 0.677765309810638 0.749476969242096 0.800874292850494 0.834282100200653 0.804709911346436 0.455886036157608 0.303127348423004 0.287985593080521 0.2977554500103 0.291655510663986 0.271786242723465 0.234701499342918 0.230992510914803 0.185010120272636
0.0378805808722973 0.0473458729684353 0.0552033968269825 0.0490405447781086 0.06061827018857 0.0686183795332909 0.083040364086628 0.112792015075684 0.0885688289999962 0.154195412993431 0.219026669859886 0.375675439834595 0.321291863918304 0.222621843218803 0.196852043271065 0.391437083482742 0.519824504852295 0.552281260490417 0.594919443130493 0.523129343986511 0.210975557565689 0.332727611064911 0.509236633777618 0.539244532585144 0.510007202625275 0.608057141304016 0.714067697525024 0.735085308551788 0.747081220149994 0.568164229393005 0.5478835105896 0.734977543354034 0.741942703723907 0.733049631118774 0.785380601882935 0.81607061624527 0.842569410800934 0.658068776130676 0.475560247898102 0.336665213108063 0.347281038761139 0.32732680439949 0.237149327993393 0.279169738292694 0.218830853700638 0.336091488599777
0.0463260114192963 0.0526337586343288 0.0449649468064308 0.0493441969156265 0.0529351867735386 0.0606470108032227 0.0777023434638977 0.0748164653778076 0.108587510883808 0.180469915270805 0.347764372825623 0.553430795669556 0.572647213935852 0.484998375177383 0.277305424213409 0.354046016931534 0.487400740385056 0.570391416549683 0.643273830413818 0.578190624713898 0.248732194304466 0.447874993085861 0.558058261871338 0.5814009308815 0.61644321680069 0.633672952651978 0.678967714309692 0.702760100364685 0.743913292884827 0.748505175113678 0.754692196846008 0.75256073474884 0.752078771591187 0.724112093448639 0.783643126487732 0.793429434299469 0.831604242324829 0.872532248497009 0.719416439533234 0.358955800533295 0.307728826999664 0.288508385419846 0.234641849994659 0.222367167472839 0.211477667093277 0.609833121299744
0.0451309643685818 0.0419038534164429 0.0421190373599529 0.0465785637497902 0.0517867840826511 0.0618776567280293 0.0986485853791237 0.238917917013168 0.218581393361092 0.188636094331741 0.336678564548492 0.454750895500183 0.508769333362579 0.587228953838348 0.479100584983826 0.393600016832352 0.408624202013016 0.519586503505707 0.618192434310913 0.603911459445953 0.461407780647278 0.505149483680725 0.562369585037231 0.633451282978058 0.39746105670929 0.403758972883224 0.409818083047867 0.464483499526978 0.487026333808899 0.755961775779724 0.783643126487732 0.785374820232391 0.778632760047913 0.75421416759491 0.765587568283081 0.801253795623779 0.802885413169861 0.846745848655701 0.627032518386841 0.455265283584595 0.583184540271759 0.398226916790009 0.285549104213715 0.216297969222069 0.2704758644104 0.658869326114655
0.0394700989127159 0.0403707474470139 0.0444882661104202 0.0430847406387329 0.0588820800185204 0.101301752030849 0.114329747855663 0.329368501901627 0.360085368156433 0.248538225889206 0.355591356754303 0.370008707046509 0.393518477678299 0.522972762584686 0.593310058116913 0.500552952289581 0.34242907166481 0.470914334058762 0.579421162605286 0.622849464416504 0.267948269844055 0.235377684235573 0.315502971410751 0.375724196434021 0.652632713317871 0.462790906429291 0.477470904588699 0.494828671216965 0.526959776878357 0.579978764057159 0.778484165668488 0.791535317897797 0.8062903881073 0.795514225959778 0.771514892578125 0.775748074054718 0.794671416282654 0.785590887069702 0.8314208984375 0.803489029407501 0.859519481658936 0.762199282646179 0.54289186000824 0.57325005531311 0.692403197288513 0.505475401878357
0.0408249497413635 0.0544977262616158 0.0573803894221783 0.0451262965798378 0.052540011703968 0.0903384685516357 0.186880499124527 0.36458232998848 0.395326316356659 0.403718888759613 0.333967000246048 0.359275251626968 0.315299481153488 0.469330728054047 0.582050919532776 0.610699534416199 0.436675637960434 0.371081203222275 0.559726059436798 0.386759221553802 0.327684104442596 0.192556098103523 0.27332466840744 0.349158257246017 0.408215761184692 0.512133419513702 0.561858594417572 0.477691888809204 0.256526917219162 0.371039927005768 0.188972756266594 0.593702375888824 0.838424384593964 0.837572872638702 0.839302122592926 0.793424844741821 0.769024729728699 0.540789663791656 0.605546236038208 0.804679393768311 0.8057941198349 0.860877513885498 0.825606346130371 0.82996666431427 0.869788527488708 0.713402152061462
0.0502469874918461 0.0610319562256336 0.0418136119842529 0.0426794551312923 0.0732421055436134 0.25258469581604 0.375909149646759 0.428660303354263 0.353690207004547 0.32972726225853 0.3534035384655 0.301201969385147 0.324178099632263 0.415953993797302 0.534476339817047 0.643415093421936 0.594721436500549 0.366066157817841 0.283076673746109 0.407148510217667 0.394968152046204 0.165638029575348 0.253717184066772 0.334222346544266 0.409587115049362 0.535980761051178 0.582773208618164 0.50764662027359 0.180474326014519 0.202446579933167 0.148768708109856 0.30470484495163 0.537218570709229 0.60124808549881 0.64903324842453 0.818337500095367 0.824508368968964 0.810031771659851 0.548819243907928 0.477358639240265 0.567287683486938 0.652211904525757 0.66311901807785 0.71390688419342 0.721909821033478 0.674130380153656
0.0443626083433628 0.0432305969297886 0.0424931570887566 0.0425731465220451 0.06552854180336 0.101567827165127 0.290707528591156 0.441202759742737 0.432552725076675 0.347090244293213 0.239777311682701 0.280589133501053 0.334947824478149 0.361073225736618 0.47038409113884 0.606033325195312 0.651971042156219 0.218160405755043 0.214755430817604 0.401410073041916 0.391768783330917 0.0936351865530014 0.156706094741821 0.268751800060272 0.39680153131485 0.52931946516037 0.584633827209473 0.39814031124115 0.232739478349686 0.189581766724586 0.154963970184326 0.102463893592358 0.192136764526367 0.243471562862396 0.212165653705597 0.507829189300537 0.696694850921631 0.8416867852211 0.821705460548401 0.551668107509613 0.493175178766251 0.569629848003387 0.660549759864807 0.682761371135712 0.404259920120239 0.305747658014297
0.0386495143175125 0.0445428006350994 0.0478833317756653 0.0597113221883774 0.0603895708918571 0.0650648921728134 0.172999322414398 0.385078012943268 0.444685995578766 0.523241400718689 0.344048976898193 0.258275777101517 0.237307459115982 0.254365772008896 0.458619356155396 0.591090381145477 0.670538544654846 0.639404118061066 0.162805780768394 0.324967622756958 0.319749683141708 0.0811830908060074 0.165410116314888 0.313439071178436 0.426177740097046 0.524867475032806 0.592350661754608 0.509240329265594 0.257582783699036 0.180183991789818 0.152707487344742 0.110266461968422 0.162952750921249 0.144892081618309 0.142305746674538 0.160611212253571 0.507829189300537 0.648167490959167 0.65654993057251 0.61704808473587 0.555190682411194 0.451574593782425 0.662543177604675 0.689903378486633 0.396312713623047 0.198478862643242
0.0559262707829475 0.0436351932585239 0.0662749111652374 0.0803656429052353 0.0619624368846416 0.0854306742548943 0.20961631834507 0.157180517911911 0.381325721740723 0.509045362472534 0.52994292974472 0.362326204776764 0.242385029792786 0.258033037185669 0.366803735494614 0.334480345249176 0.663371205329895 0.644691169261932 0.349893301725388 0.127479881048203 0.244218245148659 0.0890468955039978 0.111980028450489 0.168582364916801 0.221750229597092 0.679710626602173 0.571260452270508 0.357696145772934 0.313111901283264 0.404613077640533 0.319427877664566 0.121684096753597 0.157010987401009 0.124357685446739 0.135561630129814 0.162692457437515 0.238172829151154 0.242019921541214 0.489531129598618 0.664845287799835 0.663699746131897 0.431880444288254 0.341051578521729 0.376365333795547 0.270075142383575 0.200423523783684
0.112764753401279 0.0570493452250957 0.058611337095499 0.0563323982059956 0.0891319513320923 0.135305806994438 0.121158592402935 0.139284566044807 0.416891843080521 0.483741462230682 0.419719308614731 0.202646702528 0.377273440361023 0.325512111186981 0.230682760477066 0.223830699920654 0.265201807022095 0.457288801670074 0.541876494884491 0.381210297346115 0.322146713733673 0.27367702126503 0.108093604445457 0.0782575756311417 0.0646299719810486 0.183671280741692 0.565955102443695 0.483115196228027 0.21812330186367 0.40973573923111 0.347935229539871 0.114778220653534 0.335693031549454 0.108561314642429 0.105420961976051 0.120634078979492 0.117156572639942 0.136747062206268 0.199389681220055 0.456192463636398 0.642617464065552 0.412617951631546 0.354206621646881 0.304710298776627 0.238615930080414 0.22861260175705
0.128249272704124 0.0525060668587685 0.0584249794483185 0.0566078200936317 0.0757068693637848 0.0741031020879745 0.0770248398184776 0.166743442416191 0.432040810585022 0.383690267801285 0.266295194625854 0.189474642276764 0.231776088476181 0.255863696336746 0.286604940891266 0.218500182032585 0.179751172661781 0.253226786851883 0.386154502630234 0.396412968635559 0.346763104200363 0.347239047288895 0.259957075119019 0.0795641094446182 0.0648239925503731 0.0777807831764221 0.327828615903854 0.568435251712799 0.447966247797012 0.327044606208801 0.289800524711609 0.297797322273254 0.288135975599289 0.0896795392036438 0.115804895758629 0.119657970964909 0.127444997429848 0.152546852827072 0.144837945699692 0.16558712720871 0.250133961439133 0.335723072290421 0.293209493160248 0.208403363823891 0.153347238898277 0.141818523406982
0.0427318699657917 0.0470062494277954 0.058648981153965 0.0755276381969452 0.0853028520941734 0.0634396821260452 0.109536468982697 0.171686202287674 0.315470159053802 0.282462179660797 0.273457050323486 0.335911363363266 0.245246529579163 0.182728141546249 0.1850615888834 0.210018992424011 0.163259789347649 0.181864231824875 0.172769397497177 0.345370948314667 0.330152630805969 0.286209225654602 0.247683554887772 0.217231392860413 0.0639261081814766 0.0640135034918785 0.081254355609417 0.146772757172585 0.424904108047485 0.334942132234573 0.360013902187347 0.370530754327774 0.289001166820526 0.0850575044751167 0.0921857208013535 0.101369015872478 0.11347234994173 0.122244901955128 0.132633373141289 0.122909396886826 0.241514578461647 0.217944011092186 0.219687849283218 0.183037966489792 0.175649613142014 0.345241516828537
0.0497488528490067 0.0573568418622017 0.0711987987160683 0.0794990882277489 0.121312670409679 0.0901000946760178 0.138741031289101 0.254611551761627 0.383664637804031 0.43260669708252 0.471790850162506 0.439411550760269 0.220275208353996 0.231547877192497 0.198335543274879 0.16239520907402 0.167010948061943 0.14299288392067 0.172722652554512 0.305271089076996 0.299531191587448 0.329688280820847 0.276254504919052 0.238388001918793 0.201312482357025 0.16389998793602 0.172627285122871 0.210830539464951 0.29983776807785 0.330050438642502 0.334434896707535 0.324593931436539 0.34449291229248 0.284596145153046 0.2413499802351 0.129951626062393 0.101207591593266 0.111052922904491 0.120073765516281 0.119034357368946 0.155846357345581 0.112602591514587 0.211880519986153 0.420773029327393 0.32237896323204 0.346599280834198
0.0480016469955444 0.0633780881762505 0.0576369650661945 0.0656481012701988 0.0847469046711922 0.0780776217579842 0.126320734620094 0.162547335028648 0.163632676005363 0.235930219292641 0.160293146967888 0.231433868408203 0.203644677996635 0.252976387739182 0.205856561660767 0.154154643416405 0.173227936029434 0.133015125989914 0.219500988721848 0.261673957109451 0.182923853397369 0.214461043477058 0.269414216279984 0.256076842546463 0.211582466959953 0.152765691280365 0.16773334145546 0.24045704305172 0.266303718090057 0.200355961918831 0.251361489295959 0.315709263086319 0.309860616922379 0.290772706270218 0.224343031644821 0.218095391988754 0.103230200707912 0.10839506238699 0.0924474075436592 0.105306476354599 0.185671269893646 0.11041896045208 0.149419054389 0.22312518954277 0.275083482265472 0.31182387471199
