output/projections/03_MH/Scinax nebulosus.asc
NCOLS 168 
NROWS 144 
XLLCORNER -41.0000000002598 
YLLCORNER -7.99999999976785 
CELLSIZE 0.0416666666664048 
NODATA_value -3.4e+38 
[rows 63 to 83 of 144, columns 46 to 91 of 168]
0.119356073439121 0.149427309632301 0.173685878515244 0.117354430258274 0.102770552039146 0.139397785067558 0.110932894051075 0.198129326105118 0.130673006176949 0.160950765013695 0.108964577317238 0.0947485342621803 0.124368578195572 0.0787585377693176 0.0736590102314949 0.057106900960207 0.0557120218873024 0.0509819090366364 0.0497287474572659 0.0793397203087807 0.0971056297421455 0.0654773265123367 0.0715836212038994 0.0793072879314423 0.0973687916994095 0.0567428097128868 0.0807227864861488 0.120947770774364 0.134986773133278 0.143596976995468 0.100688561797142 0.0706876069307327 0.0976269021630287 0.107350915670395 0.127925649285316 0.12987220287323 0.13100928068161 0.155987977981567 0.227762013673782 -3.4e+38 -3.4e+38 -3.4e+38 0.115891456604004 -3.4e+38 -3.4e+38 -3.4e+38
0.195218592882156 0.16380400955677 0.110045857727528 0.101015605032444 0.14905259013176 0.157052516937256 0.148835867643356 0.132397890090942 0.112300410866737 0.109620988368988 0.0954005345702171 0.0721053779125214 0.0773289278149605 0.0639446377754211 0.067013144493103 0.0633290782570839 0.0524761378765106 0.0747742354869843 0.0774527192115784 0.0599907636642456 0.0832403749227524 0.0826131924986839 0.0684315040707588 0.0692101195454597 0.0668334886431694 0.0766125619411469 0.086789533495903 0.0814943909645081 0.118143156170845 0.0813187062740326 0.0613391622900963 0.0555237233638763 0.110603645443916 0.0935540124773979 0.114213824272156 0.086600586771965 0.0828661620616913 0.107484593987465 0.260154336690903 0.299032092094421 0.207672044634819 0.136948928236961 0.0946921184659004 0.0982163846492767 -3.4e+38 -3.4e+38
0.265427023172379 0.153671190142632 0.0903270393610001 0.181970193982124 0.183746203780174 0.132887557148933 0.125393703579903 0.107288464903831 0.0993643030524254 0.0982900038361549 0.0925538092851639 0.094647079706192 0.0927455797791481 0.0546850450336933 0.080756813287735 0.0820350646972656 0.0801874473690987 0.104716643691063 0.0597921311855316 0.0528568141162395 0.0817950740456581 0.0827712193131447 0.0612355954945087 0.0681663081049919 0.0438427217304707 0.0784182921051979 0.0774511769413948 0.0565106682479382 0.0628966465592384 0.0833183005452156 0.0668850541114807 0.065019428730011 0.0755807757377625 0.101921759545803 0.0771968439221382 0.0805998370051384 0.0716269761323929 0.119771793484688 0.233456537127495 0.220733821392059 0.176742792129517 0.166488736867905 0.117808155715466 0.0791975110769272 -3.4e+38 -3.4e+38
0.172878608107567 0.11486741900444 0.118498392403126 0.227802947163582 0.151706114411354 0.124653436243534 0.0984827429056168 0.0836708396673203 0.129465609788895 0.10001889616251 0.112638473510742 0.103077076375484 0.0725636929273605 0.0489598363637924 0.0633656978607178 0.102997198700905 0.113345265388489 0.0713157504796982 0.0600757151842117 0.0614756867289543 0.0671758502721786 0.0676356554031372 0.0526152215898037 0.046093326061964 0.049368541687727 0.0554699078202248 0.0470512472093105 0.0584333166480064 0.0923864990472794 0.100073181092739 0.0521007217466831 0.0550212226808071 0.0741147100925446 0.0803582966327667 0.0715309828519821 0.0711285173892975 0.0602691471576691 0.177504166960716 0.153827309608459 0.146475166082382 0.109967760741711 0.102542243897915 0.124156542122364 0.0891480222344398 -3.4e+38 -3.4e+38
0.125116348266602 0.148625001311302 0.141073361039162 0.17354142665863 0.111172936856747 0.119711980223656 0.06697978079319 0.150683179497719 0.212859958410263 0.108500182628632 0.109505534172058 0.0792180821299553 0.0528619401156902 0.0591506659984589 0.127168700098991 0.126102387905121 0.0885752514004707 0.0751833766698837 0.0544803403317928 0.0590547472238541 0.0635348632931709 0.0652972236275673 0.0528710447251797 0.0412625148892403 0.0371319130063057 0.0456362925469875 0.0684977546334267 0.0735336691141129 0.10266625136137 0.0685857981443405 0.0590907968580723 0.0430668257176876 0.0524533092975616 0.0465105324983597 0.0626567900180817 0.0634874850511551 0.068580225110054 0.118146941065788 0.131218865513802 0.103927537798882 0.0664763227105141 0.0817800834774971 0.0854906365275383 0.0831454694271088 -3.4e+38 -3.4e+38
0.171531587839127 0.182955324649811 0.151580959558487 0.141606584191322 0.118317559361458 0.109622471034527 0.0638954564929008 0.231542721390724 0.190495640039444 0.126876413822174 0.0617275536060333 0.0608688779175282 0.0955591052770615 0.109811060130596 0.125482857227325 0.0908144935965538 0.0793655663728714 0.0668236762285233 0.065626747906208 0.0567591786384583 0.077794037759304 0.0502698384225368 0.057806920260191 0.0359678789973259 0.0437302552163601 0.0630050301551819 0.0708281025290489 0.0866203978657722 0.0562309399247169 0.046526100486517 0.0434116087853909 0.0505961403250694 0.0374776646494865 0.0708198770880699 0.0448538139462471 0.0958034321665764 0.072717621922493 0.064607672393322 0.070770151913166 0.0645796954631805 0.0623668469488621 0.0883213207125664 0.0816132053732872 0.0876663774251938 0.0627788752317429 0.0440390594303608
0.193738281726837 0.123607270419598 0.101237088441849 0.0892704650759697 0.0781639292836189 0.0811131522059441 0.0954596921801567 0.164368242025375 0.146737575531006 0.0704670697450638 0.0675918236374855 0.155805096030235 0.119532078504562 0.0961452499032021 0.0895969420671463 0.0861881226301193 0.0720087960362434 0.0731162279844284 0.0604574717581272 0.0521660856902599 0.0534772127866745 0.0545830726623535 0.0495089069008827 0.041479654610157 0.0528842583298683 0.0623237043619156 0.0898812115192413 0.0446289964020252 0.0450851134955883 0.0414999797940254 0.0346464812755585 0.0310024619102478 0.0429206863045692 0.0459219254553318 0.0862230062484741 0.104318462312222 0.0678652673959732 0.0640802681446075 0.0591891631484032 0.0584063269197941 0.0520039796829224 0.068200945854187 0.0881211683154106 0.0491946749389172 0.0594390146434307 -3.4e+38
0.161148354411125 0.138450786471367 0.12620310485363 0.115592963993549 0.0962265133857727 0.0768526792526245 0.0783747211098671 0.106510750949383 0.104894705116749 0.0793794766068459 0.15511429309845 0.136345088481903 0.116595529019833 0.120255172252655 0.09064981341362 0.0717059224843979 0.0670298114418983 0.0631595626473427 0.0391928814351559 0.0557595267891884 0.0723398551344872 0.0808357372879982 0.0470441952347755 0.051155649125576 0.0633459389209747 0.100108325481415 0.0598793178796768 0.0439812690019608 0.0367705561220646 0.028191551566124 0.0268033593893051 0.0310210473835468 0.123522356152534 0.100656867027283 0.130974933505058 0.0882336050271988 0.0541942939162254 0.0698970407247543 0.0641533359885216 0.0766513422131538 0.061012577265501 0.0452809631824493 0.0426163300871849 0.0426789224147797 0.0481780171394348 0.0315395668148994
0.132117554545403 0.11115375161171 0.134301424026489 0.140031740069389 0.158838748931885 0.102802917361259 0.0665530264377594 0.0875015258789062 0.0797843039035797 0.112917765974998 0.179418385028839 0.129998415708542 0.104693256318569 0.101531527936459 0.100781552493572 0.0748767331242561 0.0494972728192806 0.0780756920576096 0.0698363706469536 0.0763035342097282 0.0603753924369812 0.0496728755533695 0.0524516329169273 0.0606615655124187 0.0978796035051346 0.0821298733353615 0.0421960316598415 0.0347979739308357 0.027234610170126 0.0242956634610891 0.030152440071106 0.061690017580986 0.108591504395008 0.115192137658596 0.099757082760334 0.0740879103541374 0.0393835753202438 0.0652478113770485 0.0485032647848129 0.080581933259964 0.0608904585242271 0.0535543598234653 0.0362648665904999 0.0404206328094006 0.0443009585142136 -3.4e+38
0.180773973464966 0.19598513841629 0.160983830690384 0.0935065969824791 0.115746818482876 0.11186958104372 0.0743122100830078 0.0749537572264671 0.0834654048085213 0.174139842391014 0.115456454455853 0.098262295126915 0.11315156519413 0.0906716734170914 0.0800663977861404 0.0814706385135651 0.071521632373333 0.0771706625819206 0.0698248967528343 0.0614828504621983 0.0535757951438427 0.0609045401215553 0.0732949152588844 0.0867518931627274 0.0960180386900902 0.0437811650335789 0.0330577455461025 0.0245493091642857 0.03620370849967 0.0521008148789406 0.0669140815734863 0.104898527264595 0.08374984562397 0.0772522985935211 0.085651233792305 0.0495022684335709 0.0420784950256348 0.0546697489917278 0.0588303133845329 0.0828679576516151 0.0598178394138813 0.0634918808937073 0.0388757325708866 0.0492007173597813 -3.4e+38 -3.4e+38
0.287821859121323 0.185511007905006 0.113123051822186 0.0694676861166954 0.114040523767471 0.0992614924907684 0.0799413025379181 0.0967407524585724 0.111568324267864 0.170205950737 0.086120180785656 0.113657630980015 0.0949080064892769 0.0885126441717148 0.0858676880598068 0.0701790228486061 0.0579797364771366 0.0650091916322708 0.0914757326245308 0.0551776625216007 0.0733598172664642 0.080812506377697 0.0720607787370682 0.101873688399792 0.0432981178164482 0.0276314206421375 0.0191600359976292 0.0284188706427813 0.0561326704919338 0.0624787583947182 0.0744669735431671 0.0735568329691887 0.0718601420521736 0.0684969052672386 0.0586769431829453 0.0376205928623676 0.0402914918959141 0.0681015402078629 0.107371687889099 0.106467939913273 0.0771782249212265 0.0699615702033043 0.0573768652975559 0.0262381602078676 -3.4e+38 -3.4e+38
0.163211911916733 0.144929453730583 0.1293064057827 0.0991684570908546 0.0691317096352577 0.0843435972929001 0.112674064934254 0.130713045597076 0.105777397751808 0.122538171708584 0.0799704492092133 0.0714851915836334 0.108217619359493 0.108981780707836 0.0792831107974052 0.0525755770504475 0.0538964122533798 0.0530021972954273 0.0582406595349312 0.0443849191069603 0.0633000135421753 0.074094332754612 0.0684338957071304 0.0527454800903797 0.0277950912714005 0.0219382736831903 0.02571084164083 0.0513222627341747 0.0734135434031487 0.0611352398991585 0.0663047060370445 0.0679457187652588 0.0567951425909996 0.0617104172706604 0.0530605651438236 0.0348735377192497 0.0505004934966564 0.0736184269189835 0.0890673100948334 0.069822870194912 0.0629783272743225 0.0544877871870995 0.0349403209984303 0.0177601706236601 0.0129423793405294 0.011171423830092
0.132655099034309 0.132515072822571 0.101257652044296 0.0965030714869499 0.131341993808746 0.130089774727821 0.0939999297261238 0.104341097176075 0.109417863190174 0.0880561321973801 0.0794648304581642 0.0732203871011734 0.0708327740430832 0.0641108676791191 0.0655152127146721 0.0793525949120522 0.0648438259959221 0.0762462094426155 0.055055383592844 0.0676343515515327 0.0494641736149788 0.0540127381682396 0.044319786131382 0.0375534556806087 0.0251913126558065 0.0314981006085873 0.0551932007074356 0.0559859164059162 0.059323113411665 0.0565203316509724 0.0543085187673569 0.0728332102298737 0.0652189031243324 0.0596531592309475 0.04072330519557 0.0394512452185154 0.0457245036959648 0.05193991959095 0.086963877081871 0.0510832108557224 0.0611417032778263 0.0398737974464893 0.0214526504278183 0.0173679944127798 0.0127265769988298 0.00828816369175911
0.131015822291374 0.117127358913422 0.095194511115551 0.135821893811226 0.18256488442421 0.136822149157524 0.107972122728825 0.0986289530992508 0.089445672929287 0.0742040649056435 0.111816719174385 0.0799360126256943 0.094818189740181 0.102429054677486 0.101871952414513 0.110746689140797 0.103615686297417 0.0942187607288361 0.071725033223629 0.0520476996898651 0.0660450607538223 0.0889353379607201 0.0599778741598129 0.0254017189145088 0.0200387965887785 0.0479148738086224 0.0571155734360218 0.0458648726344109 0.0552974566817284 0.043042216449976 0.0424245372414589 0.0809963345527649 0.0562265552580357 0.0442960187792778 0.0429100953042507 0.0458572655916214 0.0500874817371368 0.0508611053228378 0.064534492790699 0.0567301772534847 0.0353289358317852 0.0287037510424852 0.0165126528590918 0.0172931719571352 0.0111303264275193 0.00871011149138212
0.136376202106476 0.147031918168068 0.114876419305801 0.179337590932846 0.192384749650955 0.164744690060616 0.0942044258117676 0.0852069109678268 0.0805382952094078 0.0935795456171036 0.120942369103432 0.0847705602645874 0.0989483371376991 0.115772180259228 0.0855478420853615 0.083506278693676 0.082436703145504 0.0648087859153748 0.052305418998003 0.0745244026184082 0.0633514449000359 0.0486438162624836 0.0349980667233467 0.0236421693116426 0.0188869796693325 0.0453198961913586 0.062154732644558 0.0588890500366688 0.05385597422719 0.0571299344301224 0.0602453574538231 0.0506271012127399 0.0558807328343391 0.0415727458894253 0.0445946156978607 0.0452423989772797 0.0356749221682549 0.05188013240695 0.0449655689299107 0.0310267638415098 0.024923637509346 0.0147283542901278 0.0217524636536837 0.0134825389832258 0.00877626240253448 0.00961878709495068
0.0899770557880402 0.100340351462364 0.14920000731945 0.18485552072525 0.183290779590607 0.0897408276796341 0.0661919713020325 0.107780016958714 0.0982057526707649 0.103299327194691 0.0969523563981056 0.0770510584115982 0.0796006396412849 0.0829106569290161 0.0816981419920921 0.086427666246891 0.0863315761089325 0.068815290927887 0.0956954583525658 0.0550599172711372 0.0542306192219257 0.0536386743187904 0.0521033890545368 0.0247609242796898 0.018849603831768 0.0395952351391315 0.062154732644558 0.055048830807209 0.0521872788667679 0.0554157085716724 0.0580578297376633 0.0452537350356579 0.04961908608675 0.0391075238585472 0.03773233294487 0.0382109992206097 0.0399807952344418 0.0436539053916931 0.0317071042954922 0.0263630989938974 0.0212648715823889 0.0166590474545956 0.0198467168956995 0.0118459668010473 0.00999365653842688 0.0104798702523112
0.134475901722908 0.120589561760426 0.122725449502468 0.158895775675774 0.0971626564860344 0.0612765178084373 0.104268491268158 0.101094044744968 0.0912145301699638 0.138453125953674 0.0914591699838638 0.0671115443110466 0.116157919168472 0.0993203222751617 0.102245807647705 0.0887649580836296 0.045748233795166 0.11267601698637 0.111006312072277 0.0420180782675743 0.0539333038032055 0.0646513625979424 0.0546342469751835 0.0251836013048887 0.020387876778841 0.0593526400625706 0.0493497587740421 0.0425588972866535 0.0417842604219913 0.0434265285730362 0.0438903495669365 0.0487829931080341 0.0517056994140148 0.0386599823832512 0.0318852849304676 0.0265158787369728 0.0274963229894638 0.0272766537964344 0.0230774972587824 0.0177670512348413 0.0146155320107937 0.0200078096240759 0.0164009444415569 0.0119675016030669 0.0123690851032734 0.0115283224731684
0.123371496796608 0.150692507624626 0.0897363424301147 0.0989745259284973 0.130640372633934 0.0871594026684761 0.135403752326965 0.104793719947338 0.114781409502029 0.108181215822697 0.103138968348503 0.0862091183662415 0.116315543651581 0.0847840830683708 0.0971830561757088 0.0733463689684868 0.0696336328983307 0.149786859750748 0.0502412691712379 0.0347927361726761 0.0604003369808197 0.0747765749692917 0.0531041510403156 0.0344745256006718 0.0208096895366907 0.0337374098598957 0.0556842759251595 0.0500864014029503 0.0421891734004021 0.0441020503640175 0.049582451581955 0.0418155007064342 0.0251279100775719 0.040822122246027 0.031231202185154 0.0287363156676292 0.027741014957428 0.0247521623969078 0.0152680994942784 0.0168291218578815 0.0223268251866102 0.0232012551277876 0.0134972529485822 0.0124467685818672 0.014277939684689 0.0131258303299546
0.117813788354397 0.152500495314598 0.121423475444317 0.0958092510700226 0.150211825966835 0.149449199438095 0.107660807669163 0.097117505967617 0.152171984314919 0.123015195131302 0.120859622955322 0.111138090491295 0.124095603823662 0.0956033319234848 0.0629394724965096 0.0783343985676765 0.145603224635124 0.0680644884705544 0.0420180782675743 0.0339574180543423 0.0392880477011204 0.0503010340034962 0.0636684447526932 0.0332372635602951 0.0337258949875832 0.0252543278038502 0.0566041879355907 0.0388638749718666 0.040514100342989 0.048226285725832 0.0486340820789337 0.0345771610736847 0.025816548615694 0.0267175827175379 0.0305660218000412 0.0324101410806179 0.0315610021352768 0.0215668566524982 0.012233080342412 0.0189732648432255 0.0226205158978701 0.0222229827195406 0.0150788947939873 0.0116216847673059 0.0123787578195333 0.0134455189108849
0.122735075652599 0.158610209822655 0.118446715176105 0.100348137319088 0.18036125600338 0.144027873873711 0.112818479537964 0.126604691147804 0.132687970995903 0.10427663475275 0.125317797064781 0.118718229234219 0.083699531853199 0.0805855169892311 0.100522667169571 0.124353423714638 0.0664261355996132 0.0535274110734463 0.0522151216864586 0.0357194840908051 0.0348015502095222 0.0436056181788445 0.0844325944781303 0.0376398004591465 0.0315088964998722 0.025205235928297 0.057144146412611 0.0401245914399624 0.0362095013260841 0.0450070984661579 0.036679707467556 0.0382239036262035 0.0277739129960537 0.0236378684639931 0.02415606752038 0.0253735091537237 0.0235479418188334 0.0135783897712827 0.0139781478792429 0.0228208918124437 0.0203961487859488 0.023120928555727 0.0160712171345949 0.0119645353406668 0.0126273268833756 0.0143454037606716
0.148682907223701 0.192834958434105 0.0978992506861687 0.12619324028492 0.157982051372528 0.129981875419617 0.130099639296532 0.146538689732552 0.127986252307892 0.0940961763262749 0.0781302154064178 0.0885479971766472 0.128228694200516 0.12164843082428 0.0980542451143265 0.0668509528040886 0.0619385540485382 0.0713504999876022 0.0747643560171127 0.0382307507097721 0.0317897200584412 0.0337995737791061 0.0776129812002182 0.0432738959789276 0.0372489728033543 0.02026585675776 0.0469171777367592 0.0429746210575104 0.0348302721977234 0.0369557924568653 0.031667422503233 0.0328319258987904 0.0282964799553156 0.0248615052551031 0.0287994984537363 0.0286300871521235 0.0210672747343779 0.013052892871201 0.0199231319129467 0.0207247361540794 0.0229159966111183 0.0244774017482996 0.0146778495982289 0.0126403290778399 0.0138118313625455 0.0158406104892492
