output/projections/03_MH/Scinax nebulosus.asc
NCOLS 168 
NROWS 144 
XLLCORNER -41.0000000002598 
YLLCORNER -7.99999999976785 
CELLSIZE 0.0416666666664048 
NODATA_value -3.4e+38 
[rows 42 to 62 of 144, columns 46 to 91 of 168]
0.148853182792664 0.166049093008041 0.188696727156639 0.20906226336956 0.179457575082779 0.221461206674576 0.279376924037933 0.921158850193024 0.611868023872375 0.419758409261703 0.432753056287766 0.463482230901718 0.672080993652344 0.641096830368042 0.711782276630402 0.766605734825134 -3.4e+38 -3.4e+38 -3.4e+38 -3.4e+38 -3.4e+38 -3.4e+38 -3.4e+38 -3.4e+38 -3.4e+38 -3.4e+38 -3.4e+38 -3.4e+38 -3.4e+38 -3.4e+38 -3.4e+38 -3.4e+38 -3.4e+38 -3.4e+38 -3.4e+38 -3.4e+38 -3.4e+38 -3.4e+38 -3.4e+38 -3.4e+38 -3.4e+38 -3.4e+38 -3.4e+38 -3.4e+38 -3.4e+38 -3.4e+38
0.1419957280159 0.167472392320633 0.11424083262682 0.16509048640728 0.174745470285416 0.483090430498123 0.378327161073685 0.577551484107971 0.293279886245728 0.439559906721115 0.638053119182587 0.517847299575806 0.654538929462433 0.57276439666748 0.708353936672211 0.682239830493927 0.748063087463379 -3.4e+38 -3.4e+38 -3.4e+38 -3.4e+38 -3.4e+38 -3.4e+38 -3.4e+38 -3.4e+38 -3.4e+38 -3.4e+38 -3.4e+38 -3.4e+38 -3.4e+38 -3.4e+38 -3.4e+38 -3.4e+38 -3.4e+38 -3.4e+38 -3.4e+38 -3.4e+38 -3.4e+38 -3.4e+38 -3.4e+38 -3.4e+38 -3.4e+38 -3.4e+38 -3.4e+38 -3.4e+38 -3.4e+38
0.159674048423767 0.150410696864128 0.100949659943581 0.229085996747017 0.27783414721489 0.593941032886505 0.213577389717102 0.186949223279953 0.303270250558853 0.842634081840515 0.639854669570923 0.574847340583801 0.522017478942871 0.583785891532898 0.604227602481842 0.621997535228729 0.739721417427063 -3.4e+38 -3.4e+38 -3.4e+38 -3.4e+38 -3.4e+38 -3.4e+38 -3.4e+38 -3.4e+38 -3.4e+38 -3.4e+38 -3.4e+38 -3.4e+38 -3.4e+38 -3.4e+38 -3.4e+38 -3.4e+38 -3.4e+38 -3.4e+38 -3.4e+38 -3.4e+38 -3.4e+38 -3.4e+38 -3.4e+38 -3.4e+38 -3.4e+38 -3.4e+38 -3.4e+38 -3.4e+38 -3.4e+38
0.174734964966774 0.154866755008698 0.123049631714821 0.384838789701462 0.348259061574936 0.184343874454498 0.135392367839813 0.149885788559914 0.88922131061554 0.823916435241699 0.49792069196701 0.479289978742599 0.450073003768921 0.60955673456192 0.551386535167694 0.653986215591431 0.573320090770721 0.744990170001984 -3.4e+38 -3.4e+38 -3.4e+38 -3.4e+38 -3.4e+38 -3.4e+38 -3.4e+38 -3.4e+38 -3.4e+38 -3.4e+38 -3.4e+38 -3.4e+38 -3.4e+38 -3.4e+38 -3.4e+38 -3.4e+38 -3.4e+38 -3.4e+38 -3.4e+38 -3.4e+38 -3.4e+38 -3.4e+38 -3.4e+38 -3.4e+38 -3.4e+38 -3.4e+38 -3.4e+38 -3.4e+38
0.106576956808567 0.165068417787552 0.346185714006424 0.262502431869507 0.209054782986641 0.145283222198486 0.121040567755699 0.337344586849213 0.803012609481812 0.446959853172302 0.490716636180878 0.671546280384064 0.472051411867142 0.580583214759827 0.55681586265564 0.539427697658539 0.467208743095398 0.60327535867691 0.697554647922516 -3.4e+38 -3.4e+38 -3.4e+38 -3.4e+38 -3.4e+38 -3.4e+38 -3.4e+38 -3.4e+38 -3.4e+38 -3.4e+38 -3.4e+38 -3.4e+38 -3.4e+38 -3.4e+38 -3.4e+38 -3.4e+38 -3.4e+38 -3.4e+38 -3.4e+38 -3.4e+38 -3.4e+38 -3.4e+38 -3.4e+38 -3.4e+38 -3.4e+38 -3.4e+38 -3.4e+38
0.130247950553894 0.165931925177574 0.356146156787872 0.1875951141119 0.190143197774887 0.180258125066757 0.222609221935272 0.260548114776611 0.384848684072495 0.270681023597717 0.934894740581512 0.551923811435699 0.508131623268127 0.565806865692139 0.449119865894318 0.444438099861145 0.447714060544968 0.541614890098572 0.594484388828278 0.726461350917816 -3.4e+38 -3.4e+38 -3.4e+38 -3.4e+38 -3.4e+38 -3.4e+38 -3.4e+38 -3.4e+38 -3.4e+38 -3.4e+38 -3.4e+38 -3.4e+38 -3.4e+38 -3.4e+38 -3.4e+38 -3.4e+38 -3.4e+38 -3.4e+38 -3.4e+38 -3.4e+38 -3.4e+38 -3.4e+38 -3.4e+38 -3.4e+38 -3.4e+38 -3.4e+38
0.147989481687546 0.162502199411392 0.299977689981461 0.245029672980309 0.219918996095657 0.269438892602921 0.316540509462357 0.240689188241959 0.16994521021843 0.638418674468994 0.891283988952637 0.442674845457077 0.561226308345795 0.325708240270615 0.468649327754974 0.419406056404114 0.46387791633606 0.50812166929245 0.532513737678528 0.602819681167603 0.668075025081635 -3.4e+38 -3.4e+38 -3.4e+38 -3.4e+38 -3.4e+38 -3.4e+38 -3.4e+38 -3.4e+38 -3.4e+38 -3.4e+38 -3.4e+38 -3.4e+38 -3.4e+38 -3.4e+38 -3.4e+38 -3.4e+38 -3.4e+38 -3.4e+38 -3.4e+38 -3.4e+38 -3.4e+38 -3.4e+38 -3.4e+38 -3.4e+38 -3.4e+38
0.136578574776649 0.137194111943245 0.191809549927711 0.631371378898621 0.334439754486084 0.60078090429306 0.436999768018723 0.222744226455688 0.364860951900482 0.600081384181976 0.483479797840118 0.319817095994949 0.297766536474228 0.302795857191086 0.400473028421402 0.392077267169952 0.442436069250107 0.461892783641815 0.504437625408173 0.519761085510254 0.585004925727844 0.607664883136749 -3.4e+38 -3.4e+38 -3.4e+38 -3.4e+38 -3.4e+38 -3.4e+38 -3.4e+38 -3.4e+38 -3.4e+38 -3.4e+38 -3.4e+38 -3.4e+38 -3.4e+38 -3.4e+38 -3.4e+38 -3.4e+38 -3.4e+38 -3.4e+38 -3.4e+38 -3.4e+38 -3.4e+38 -3.4e+38 -3.4e+38 -3.4e+38
0.138038694858551 0.123963445425034 0.126425608992577 0.723652720451355 0.698606312274933 0.516498446464539 0.60139673948288 0.399334579706192 0.355612456798553 0.374749511480331 0.311807006597519 0.376797378063202 0.203498244285583 0.286034524440765 0.382639348506927 0.409082978963852 0.374963939189911 0.358261853456497 0.413658976554871 0.477023273706436 0.456167608499527 0.537787139415741 0.539478123188019 -3.4e+38 -3.4e+38 -3.4e+38 -3.4e+38 -3.4e+38 -3.4e+38 -3.4e+38 -3.4e+38 -3.4e+38 -3.4e+38 -3.4e+38 -3.4e+38 -3.4e+38 -3.4e+38 -3.4e+38 -3.4e+38 -3.4e+38 -3.4e+38 -3.4e+38 -3.4e+38 -3.4e+38 -3.4e+38 -3.4e+38
0.127840578556061 0.136693209409714 0.175958499312401 0.796367406845093 0.663414061069489 0.847371160984039 0.774782717227936 0.745361506938934 0.522468328475952 0.347256809473038 0.336489468812943 0.194549515843391 0.247179254889488 0.259369969367981 0.306155264377594 0.330722391605377 0.287212908267975 0.352008372545242 0.308853566646576 0.466449439525604 0.440140545368195 0.510897278785706 0.424751281738281 0.510914444923401 -3.4e+38 -3.4e+38 -3.4e+38 -3.4e+38 -3.4e+38 -3.4e+38 -3.4e+38 -3.4e+38 -3.4e+38 -3.4e+38 -3.4e+38 -3.4e+38 -3.4e+38 -3.4e+38 -3.4e+38 -3.4e+38 -3.4e+38 -3.4e+38 -3.4e+38 -3.4e+38 -3.4e+38 -3.4e+38
0.120115138590336 0.186450183391571 0.317365050315857 0.851676642894745 0.866718947887421 0.774306416511536 0.618544936180115 0.612246990203857 0.716014683246613 0.38118514418602 0.20955765247345 0.216481983661652 0.264101445674896 0.264255583286285 0.333104938268661 0.208592429757118 0.20394803583622 0.277010262012482 0.332457333803177 0.341688394546509 0.306846112012863 0.265497356653214 0.311826884746552 0.446254014968872 -3.4e+38 -3.4e+38 -3.4e+38 -3.4e+38 -3.4e+38 -3.4e+38 -3.4e+38 -3.4e+38 -3.4e+38 -3.4e+38 -3.4e+38 -3.4e+38 -3.4e+38 -3.4e+38 -3.4e+38 -3.4e+38 -3.4e+38 -3.4e+38 -3.4e+38 -3.4e+38 -3.4e+38 -3.4e+38
0.176199451088905 0.236878946423531 0.743189036846161 0.893327951431274 0.911491930484772 0.82992696762085 0.853440701961517 0.837844967842102 0.324733108282089 0.160527363419533 0.395280331373215 0.319695025682449 0.307040691375732 0.258444964885712 0.251249015331268 0.196445912122726 0.128359600901604 0.193973213434219 0.192524969577789 0.236168801784515 0.249298140406609 0.265940606594086 0.294013470411301 0.283221811056137 0.371303647756577 -3.4e+38 -3.4e+38 -3.4e+38 -3.4e+38 -3.4e+38 -3.4e+38 -3.4e+38 -3.4e+38 -3.4e+38 -3.4e+38 -3.4e+38 -3.4e+38 -3.4e+38 -3.4e+38 -3.4e+38 -3.4e+38 -3.4e+38 -3.4e+38 -3.4e+38 -3.4e+38 -3.4e+38
0.125405490398407 0.231093138456345 0.682571947574615 0.911718904972076 0.857824742794037 0.465325027704239 0.320891529321671 0.707768619060516 0.324390858411789 0.334120452404022 0.558578073978424 0.336130440235138 0.262788623571396 0.243870064616203 0.174445316195488 0.0976582318544388 0.179816320538521 0.14243982732296 0.216135755181313 0.22961887717247 0.214712992310524 0.163705751299858 0.24793903529644 0.215487852692604 0.304070502519608 0.358566403388977 0.36597090959549 -3.4e+38 -3.4e+38 -3.4e+38 -3.4e+38 -3.4e+38 -3.4e+38 -3.4e+38 -3.4e+38 -3.4e+38 -3.4e+38 -3.4e+38 -3.4e+38 -3.4e+38 -3.4e+38 -3.4e+38 -3.4e+38 -3.4e+38 -3.4e+38 -3.4e+38
0.148851782083511 0.56189489364624 0.826476275920868 0.894475102424622 0.826887190341949 0.371220469474792 0.162409871816635 0.600371897220612 0.49055090546608 0.384425908327103 0.30082294344902 0.255639404058456 0.223890870809555 0.136780768632889 0.107136338949203 0.149393573403358 0.154820889234543 0.107685178518295 0.226018875837326 0.214963108301163 0.181820794939995 0.143822342157364 0.199014753103256 0.21173295378685 0.226692944765091 0.240467637777328 0.307728856801987 0.342939466238022 -3.4e+38 -3.4e+38 -3.4e+38 -3.4e+38 -3.4e+38 -3.4e+38 -3.4e+38 -3.4e+38 -3.4e+38 -3.4e+38 -3.4e+38 -3.4e+38 -3.4e+38 -3.4e+38 -3.4e+38 -3.4e+38 -3.4e+38 -3.4e+38
0.288335591554642 0.810119211673737 0.852743804454803 0.757527947425842 0.668318331241608 0.302259236574173 0.222912982106209 0.377315253019333 0.287117332220078 0.32172042131424 0.209013998508453 0.149630099534988 0.138919934630394 0.0886977091431618 0.171948999166489 0.154061928391457 0.142833009362221 0.125952631235123 0.140113428235054 0.143641605973244 0.130350187420845 0.109871543943882 0.132333338260651 0.158738359808922 0.188818544149399 0.199150174856186 0.241915330290794 0.24363973736763 0.287126809358597 -3.4e+38 -3.4e+38 -3.4e+38 -3.4e+38 -3.4e+38 -3.4e+38 -3.4e+38 -3.4e+38 -3.4e+38 -3.4e+38 -3.4e+38 -3.4e+38 -3.4e+38 -3.4e+38 -3.4e+38 -3.4e+38 -3.4e+38
0.546875476837158 0.871442854404449 0.855859041213989 0.779071092605591 0.541513919830322 0.414158582687378 0.319882839918137 0.252065926790237 0.256243467330933 0.226372212171555 0.153983861207962 0.13321527838707 0.0962387546896935 0.109340220689774 0.19300588965416 0.146733716130257 0.123152643442154 0.127431616187096 0.108130723237991 0.0875948965549469 0.113618746399879 0.122534409165382 0.141403555870056 0.146471172571182 0.149817988276482 0.148553088307381 0.180766671895981 0.185896813869476 0.209163159132004 0.270059168338776 0.286852270364761 0.368111550807953 -3.4e+38 -3.4e+38 -3.4e+38 -3.4e+38 -3.4e+38 -3.4e+38 -3.4e+38 -3.4e+38 -3.4e+38 -3.4e+38 -3.4e+38 -3.4e+38 -3.4e+38 -3.4e+38
0.439725548028946 0.76252555847168 0.473216563463211 0.387454301118851 0.432911515235901 0.342556267976761 0.279567748308182 0.186550363898277 0.16931064426899 0.126624837517738 0.145210161805153 0.0999731943011284 0.126634329557419 0.159617245197296 0.122166581451893 0.130080118775368 0.135627627372742 0.0902837812900543 0.0624839402735233 0.0624839402735233 0.0930286571383476 0.117665804922581 0.133785516023636 0.129617482423782 0.145159676671028 0.127207979559898 0.128481492400169 0.119040183722973 0.199196502566338 0.289544880390167 0.346944510936737 0.343493193387985 -3.4e+38 -3.4e+38 -3.4e+38 -3.4e+38 -3.4e+38 -3.4e+38 -3.4e+38 -3.4e+38 -3.4e+38 -3.4e+38 -3.4e+38 -3.4e+38 -3.4e+38 -3.4e+38
0.172080904245377 0.372560441493988 0.610865652561188 0.576634407043457 0.336298495531082 0.293925732374191 0.304882317781448 0.197989419102669 0.154721572995186 0.100307263433933 0.130632564425468 0.11797783523798 0.189064726233482 0.148855343461037 0.114096187055111 0.0945489183068275 0.0901416018605232 0.0776419639587402 0.0738338604569435 0.0697408840060234 0.0741786882281303 0.0910348072648048 0.152058735489845 0.103480994701385 0.131862610578537 0.111881919205189 0.106472492218018 0.123625926673412 0.163677975535393 0.262668490409851 0.360928446054459 0.281604945659637 0.300184398889542 -3.4e+38 -3.4e+38 -3.4e+38 -3.4e+38 -3.4e+38 -3.4e+38 -3.4e+38 -3.4e+38 -3.4e+38 -3.4e+38 -3.4e+38 -3.4e+38 -3.4e+38
0.21841986477375 0.21923516690731 0.251542866230011 0.44684711098671 0.342458456754684 0.239837363362312 0.222627267241478 0.164891213178635 0.106393702328205 0.104138165712357 0.126984626054764 0.141555190086365 0.175991326570511 0.128887593746185 0.103180103003979 0.0956766903400421 0.0725177451968193 0.0568640120327473 0.0604223981499672 0.0570535808801651 0.0584226027131081 0.140229925513268 0.151444792747498 0.0958232879638672 0.104915022850037 0.116382740437984 0.0911823511123657 0.137124538421631 0.152815639972687 0.2431520819664 0.249181002378464 0.194823265075684 0.213338792324066 0.302139490842819 -3.4e+38 -3.4e+38 -3.4e+38 -3.4e+38 -3.4e+38 -3.4e+38 -3.4e+38 -3.4e+38 -3.4e+38 -3.4e+38 -3.4e+38 -3.4e+38
0.223392054438591 0.20056813955307 0.187317684292793 0.207258626818657 0.208057716488838 0.180031076073647 0.165058955550194 0.0952785238623619 0.125279277563095 0.118222676217556 0.139386892318726 0.131774142384529 0.189411476254463 0.0955421701073647 0.107281669974327 0.0896026566624641 0.0765639320015907 0.0507176592946053 0.0569711588323116 0.0410082787275314 0.0484005510807037 0.187155216932297 0.0957286655902863 0.0838705003261566 0.0841640383005142 0.0816240534186363 0.0544819347560406 0.104711160063744 0.135523796081543 0.173092305660248 0.261436253786087 0.15706579387188 0.143860295414925 0.205476716160774 0.266309469938278 -3.4e+38 -3.4e+38 -3.4e+38 -3.4e+38 -3.4e+38 -3.4e+38 -3.4e+38 -3.4e+38 -3.4e+38 -3.4e+38 -3.4e+38
0.173574894666672 0.182945892214775 0.288725435733795 0.18109729886055 0.158262506127357 0.118700079619884 0.10944352298975 0.13173171877861 0.160155907273293 0.151318401098251 0.0912163630127907 0.0979466438293457 0.128820180892944 0.0989166721701622 0.0941565781831741 0.0788906589150429 0.0548057667911053 0.0525534749031067 0.0562299750745296 0.0437147282063961 0.0996146723628044 0.0942078083753586 0.0815208405256271 0.0636272355914116 0.0709396675229073 0.0519082434475422 0.0575842037796974 0.102838717401028 0.115564271807671 0.205260038375854 0.198909401893616 0.119630172848701 0.133308678865433 0.172673121094704 0.227822288870811 0.233983799815178 -3.4e+38 -3.4e+38 -3.4e+38 -3.4e+38 -3.4e+38 -3.4e+38 -3.4e+38 -3.4e+38 -3.4e+38 -3.4e+38
