output/projections/03_MH/Scinax nebulosus.asc
NCOLS 168 
NROWS 144 
XLLCORNER -41.0000000002598 
YLLCORNER -7.99999999976785 
CELLSIZE 0.0416666666664048 
NODATA_value -3.4e+38 
[rows 84 to 104 of 144, columns 92 to 137 of 168]
0.0346396453678608 0.0371057204902172 0.0249988231807947 0.0227920990437269 0.0166621804237366 0.01269999332726 0.0131393391638994 0.0103484615683556 0.00973777938634157 0.00898415967822075 0.00892333872616291 0.00955383386462927 0.0110852420330048 0.0122228609398007 0.0162865035235882 0.0131035326048732 0.00910869240760803 0.00918341707438231 0.009130684658885 0.00875767134130001 0.00875320378690958 0.00886917393654585 0.00915829092264175 0.0156340189278126 0.0175146609544754 0.0150223700329661 0.0184932854026556 0.020112119615078 0.0285123940557241 0.0260871257632971 0.0262085739523172 0.0256930124014616 0.0263238120824099 0.0345894210040569 0.0349093712866306 0.048380684107542 0.0495277531445026 0.0460805371403694 0.0538760758936405 0.0548979081213474 0.0942091643810272 0.175222292542458 0.182990521192551 0.202808901667595 0.258402973413467 0.404513895511627
0.0396774858236313 0.0225747860968113 0.0136753832921386 0.0134731996804476 0.0197445061057806 0.0260301176458597 0.0123173743486404 0.0100359674543142 0.0140382703393698 0.0174488052725792 0.0121455350890756 0.0118259685114026 0.0132377976551652 0.0164528377354145 0.0203811228275299 0.0151991499587893 0.0107738431543112 0.0107120787724853 0.00978578068315983 0.00948032271116972 0.00910255312919617 0.00998117215931416 0.0137426452711225 0.0203219689428806 0.0177763979882002 0.0162574984133244 0.0153152411803603 0.0184884965419769 0.0222928412258625 0.0214263517409563 0.021954758092761 0.0196885801851749 0.0246913451701403 0.0306170955300331 0.0370118282735348 0.0668400302529335 0.0703427568078041 0.0652229785919189 0.0992205291986465 0.152366206049919 0.183373466134071 0.251326382160187 0.295144289731979 0.241956368088722 0.246746554970741 0.441276758909225
0.0202582031488419 0.0167487859725952 0.0192289613187313 0.0262779351323843 0.0371183454990387 0.0335367396473885 0.0134731996804476 0.0120655475184321 0.0122984452173114 0.0111252358183265 0.0120284827426076 0.011838155798614 0.0130554223433137 0.0146080600097775 0.0158801302313805 0.0178643390536308 0.012439614161849 0.0111502166837454 0.0102778133004904 0.00967378728091717 0.0100413877516985 0.0153271816670895 0.0182259082794189 0.0162617173045874 0.0162617173045874 0.0151681099087 0.0147197032347322 0.0160136017948389 0.0164922028779984 0.0158475209027529 0.0182924866676331 0.0174011737108231 0.0210956763476133 0.0260536335408688 0.032770749181509 0.0566556863486767 0.0609024539589882 0.0811218544840813 0.118583045899868 0.0813043937087059 0.0950146690011024 0.140430867671967 0.194875717163086 0.212125822901726 0.249953880906105 0.39640137553215
0.0163393411785364 0.0290120113641024 0.0376649685204029 0.0352512858808041 0.0345382317900658 0.0233694538474083 0.0138699049130082 0.0126112122088671 0.0145381577312946 0.0152811342850327 0.0124544631689787 0.0149428062140942 0.0142757901921868 0.0141239790245891 0.0149633018299937 0.0154031962156296 0.0136744724586606 0.0123070850968361 0.0105923609808087 0.0108398413285613 0.0102946646511555 0.0164278037846088 0.0170069001615047 0.0136441541835666 0.0116930203512311 0.0124119985848665 0.0131317395716906 0.0117099955677986 0.012806230224669 0.0131283216178417 0.0131249036639929 0.0199924781918526 0.0181928928941488 0.0196834877133369 0.0237338915467262 0.0273547265678644 0.0410939641296864 0.0577126704156399 0.0539709702134132 0.0677213668823242 0.0990964472293854 0.13405179977417 0.107701629400253 0.153797000646591 0.183548614382744 0.342057168483734
0.0239102803170681 0.0440491735935211 0.035494115203619 0.0292006731033325 0.0187710821628571 0.0278659574687481 0.0176753494888544 0.0142111498862505 0.018800487741828 0.019292963668704 0.0161081254482269 0.0143615389242768 0.0141239790245891 0.016953133046627 0.01474236138165 0.0132730817422271 0.0129375401884317 0.0129786264151335 0.0115762827917933 0.0094283651560545 0.0125425346195698 0.0169273503124714 0.0129864802584052 0.0105352634564042 0.0105588408187032 0.0182353518903255 0.0149480756372213 0.0135997915640473 0.0128733702003956 0.0121279954910278 0.0166606027632952 0.0259595513343811 0.0196936726570129 0.0223854836076498 0.0273687671869993 0.032619908452034 0.0466545559465885 0.0875373929738998 0.072450652718544 0.0919972434639931 0.106211364269257 0.127983748912811 0.214609742164612 0.268106073141098 0.288354724645615 0.416149199008942
0.032391719520092 0.0338760390877724 0.0242610517889261 0.0188127532601357 0.0261206459254026 0.0350834652781487 0.017852496355772 0.0159236788749695 0.0150710381567478 0.020966075360775 0.0281070116907358 0.0151667036116123 0.0142648387700319 0.0156659968197346 0.0175235886126757 0.015089244581759 0.0118211014196277 0.014832304790616 0.0123918829485774 0.0104004517197609 0.0121167358011007 0.0157978981733322 0.0115515813231468 0.010561597533524 0.0125082237645984 0.0145173966884613 0.0133392801508307 0.0120142409577966 0.0107121728360653 0.0139451865106821 0.0268861744552851 0.0271299090236425 0.0262085739523172 0.0272420924156904 0.0315423421561718 0.0413769222795963 0.057568971067667 0.0799556598067284 0.0927872434258461 0.140857353806496 0.137347683310509 0.169599264860153 0.241027817130089 0.224571749567986 0.28175288438797 0.392337769269943
0.0312134698033333 0.0210336837917566 0.0173987485468388 0.0211466625332832 0.0711579918861389 0.0379172749817371 0.020124327391386 0.0231978576630354 0.0231291055679321 0.0204121861606836 0.0202756114304066 0.017085237428546 0.0161509364843369 0.0165261179208755 0.017437145113945 0.0168307609856129 0.0118800411000848 0.0130914943292737 0.015611445531249 0.0112455235794187 0.0118486704304814 0.0123925618827343 0.0122091099619865 0.017022343352437 0.0112750828266144 0.017022343352437 0.0156462043523788 0.0107712643221021 0.0115515813231468 0.0204329770058393 0.0353489331901073 0.0219660922884941 0.0214263517409563 0.0235199294984341 0.0296036656945944 0.0344217382371426 0.0487112663686275 0.0575403496623039 0.0711104422807693 0.0835237428545952 0.184500262141228 0.191712781786919 0.291418969631195 0.400300770998001 0.392591267824173 0.39048182964325
0.0239812973886728 0.0200645532459021 0.0193488392978907 0.0476546697318554 0.0974176526069641 0.0344428531825542 0.0198878310620785 0.0229474622756243 0.036108460277319 0.0247822161763906 0.0184196978807449 0.0162562765181065 0.0179626494646072 0.0187092088162899 0.018306776881218 0.0163257494568825 0.0135754402726889 0.0113307097926736 0.0123295048251748 0.0151898004114628 0.0114446626976132 0.0156482346355915 0.016938328742981 0.011107986792922 0.0154173402115703 0.0214678756892681 0.0202350746840239 0.0125163728371263 0.0273085851222277 0.0296757481992245 0.0397225208580494 0.0234166719019413 0.0243553780019283 0.0297638326883316 0.0272420924156904 0.0284612849354744 0.0357854403555393 0.0489450320601463 0.0569968707859516 0.0522921644151211 0.0564160756766796 0.106572024524212 0.113015748560429 0.184989929199219 0.154994860291481 0.169067814946175
0.0229028109461069 0.0281756594777107 0.0279061160981655 0.071774423122406 0.0661869123578072 0.0261426419019699 0.0221668481826782 0.0223027430474758 0.0378289893269539 0.0321290791034698 0.0213651619851589 0.0179060250520706 0.0231529157608747 0.0180696547031403 0.0172523036599159 0.0152318589389324 0.0133781954646111 0.0115495882928371 0.0121485572308302 0.0137551659718156 0.0200364608317614 0.0261307265609503 0.0159613955765963 0.0198397561907768 0.0265177488327026 0.0322412997484207 0.0218949113041162 0.0201355274766684 0.0279850866645575 0.0336850695312023 0.0302416551858187 0.0248447842895985 0.0227300450205803 0.0238692294806242 0.0286154542118311 0.0345982313156128 0.0384838134050369 0.0382882840931416 0.0309093799442053 0.0567410625517368 0.0946668907999992 0.167065173387527 0.221480786800385 0.13936023414135 0.195414125919342 0.353490799665451
0.0239246860146523 0.0457237139344215 0.068886935710907 0.0749654099345207 0.0262444764375687 0.0211627539247274 0.0313846990466118 0.0400531329214573 0.0282138232141733 0.0305745899677277 0.0267393812537193 0.0190758369863033 0.0197162888944149 0.020824272185564 0.0169851444661617 0.0171278100460768 0.0138845890760422 0.0140712391585112 0.0120883015915751 0.0216803662478924 0.0331172533333302 0.031082347035408 0.0242766477167606 0.0214678756892681 0.0289595946669579 0.0256232414394617 0.0234559178352356 0.0206354390829802 0.0217873807996511 0.0277018938213587 0.0205127503722906 0.018032630905509 0.0168219655752182 0.0167345814406872 0.0221719592809677 0.0226068459451199 0.0219434313476086 0.0261883828788996 0.042386744171381 0.102987110614777 0.125051379203796 0.173298746347427 0.15658788383007 0.141487464308739 0.331898361444473 0.321027547121048
0.0452497228980064 0.206998690962791 0.108980312943459 0.064271479845047 0.0238596219569445 0.0221049301326275 0.0404118299484253 0.032096765935421 0.0291739981621504 0.031860489398241 0.0280053019523621 0.0213363170623779 0.0217904634773731 0.0318047925829887 0.0170738156884909 0.012355849146843 0.0136870518326759 0.014891549013555 0.0165243279188871 0.0457151457667351 0.0412745736539364 0.0256232414394617 0.0313122123479843 0.0261307265609503 0.0257492065429688 0.0179669801145792 0.0194444619119167 0.0191536843776703 0.0167562998831272 0.0157075896859169 0.0184021461755037 0.0140109229832888 0.0201069209724665 0.0221833996474743 0.0211120266467333 0.0200913324952126 0.0321796201169491 0.0398291125893593 0.0846752822399139 0.11583523452282 0.10350064188242 0.0971118584275246 0.112314499914646 0.23522575199604 0.240499883890152 0.329925149679184
0.175852492451668 0.244036078453064 0.108954831957817 0.037696361541748 0.0307342801243067 0.0240566004067659 0.0211287494748831 0.0248643197119236 0.0270049944519997 0.0258465241640806 0.0292480234056711 0.0180921610444784 0.0204123016446829 0.0166565589606762 0.0139787485823035 0.0133371530100703 0.0162003040313721 0.0245162416249514 0.0266479905694723 0.0476418621838093 0.0454057417809963 0.0248799622058868 0.0229991525411606 0.0198397561907768 0.0170201361179352 0.0152593292295933 0.0121406447142363 0.0114912549033761 0.0118394084274769 0.0177856143563986 0.0127527145668864 0.0168350599706173 0.0154718132689595 0.0212272573262453 0.0188525281846523 0.0294820517301559 0.0388974696397781 0.0398291125893593 0.0478107742965221 0.0612386539578438 0.0541065149009228 0.0876810178160667 0.17223696410656 0.18485763669014 0.234991103410721 0.270459860563278
0.27237007021904 0.218975335359573 0.0795546993613243 0.0250160284340382 0.0254472922533751 0.0226363949477673 0.0165330991148949 0.0415413975715637 0.0222175680100918 0.0556741170585155 0.0279099494218826 0.036539364606142 0.0188048183917999 0.0161051712930202 0.016938328742981 0.0173625182360411 0.02277403883636 0.0370343513786793 0.0470508337020874 0.047823328524828 0.0352422520518303 0.0253731105476618 0.0171916037797928 0.0152652766555548 0.0273085851222277 0.0133497007191181 0.0101011991500854 0.0143122468143702 0.0154173402115703 0.0207374058663845 0.0134056871756911 0.0136745925992727 0.0145098501816392 0.0233138557523489 0.0189507603645325 0.0233018435537815 0.0271299090236425 0.0333036817610264 0.0514061823487282 0.0606775246560574 0.100614994764328 0.14912249147892 0.211524471640587 0.250156879425049 0.248883306980133 0.255367755889893
0.213176757097244 0.17098169028759 0.0349868051707745 0.0255724154412746 0.019096365198493 0.0206332765519619 0.0382619611918926 0.0393643938004971 0.0301136504858732 0.0675723925232887 0.0726976916193962 0.0301279406994581 0.0212574247270823 0.0209455247968435 0.0377621985971928 0.0357981398701668 0.0368552654981613 0.0493597537279129 0.0463746190071106 0.0461525358259678 0.0243961587548256 0.0212574247270823 0.0132194776087999 0.0317734703421593 0.0154173402115703 0.0130239455029368 0.0142414141446352 0.020435618236661 0.0186986643821001 0.0238042902201414 0.0128229167312384 0.01488574501127 0.0245130881667137 0.0276947896927595 0.0218695029616356 0.0237767193466425 0.0378032512962818 0.0568399839103222 0.0764106065034866 0.0945423319935799 0.111190594732761 0.141979157924652 0.139720588922501 0.131284728646278 0.221691057085991 0.421558201313019
0.0834257677197456 0.0574344135820866 0.0222612656652927 0.0282115079462528 0.0182521045207977 0.0232882834970951 0.0603452511131763 0.0288682021200657 0.0289595946669579 0.0285379812121391 0.0315721035003662 0.0470546819269657 0.0622650012373924 0.0579428970813751 0.067392073571682 0.0440743304789066 0.0475042499601841 0.0496906451880932 0.0228863246738911 0.0279850866645575 0.0345139242708683 0.0198397561907768 0.0184236019849777 0.0382147319614887 0.0277125556021929 0.0348509475588799 0.0295311566442251 0.0211529564112425 0.0295311566442251 0.0257492065429688 0.0154919186607003 0.0252489373087883 0.029817208647728 0.0262422617524862 0.0241359509527683 0.0302339196205139 0.0396772623062134 0.0480887182056904 0.0584517493844032 0.0698936879634857 0.0920244306325912 0.0884947255253792 0.0620817616581917 0.140441939234734 0.104659713804722 0.155080705881119
0.0409842021763325 0.0228621289134026 0.0227538850158453 0.0261718593537807 0.0214520487934351 0.0277229808270931 0.0685300603508949 0.0641039609909058 0.0268853958696127 0.0241577085107565 0.0643490180373192 0.101448267698288 0.0435255356132984 0.0662610679864883 0.0457605794072151 0.0355206169188023 0.0257492065429688 0.0198397561907768 0.020842557772994 0.0161202792078257 0.0251253563910723 0.0168547201901674 0.0260029472410679 0.0483637787401676 0.038773600012064 0.033521618694067 0.0271752048283815 0.019742114469409 0.0296757481992245 0.0198397561907768 0.0250023659318686 0.0271752048283815 0.028118722140789 0.0242610294371843 0.0266308877617121 0.0326865762472153 0.0353219583630562 0.042645338922739 0.0447369478642941 0.0509047657251358 0.0551874563097954 0.0546512827277184 0.0584082081913948 0.153761580586433 0.101866945624352 0.378561913967133
0.0226153042167425 0.0232788529247046 0.0231235716491938 0.0532632805407047 0.038892786949873 0.0806727558374405 0.10853223502636 0.0841101482510567 0.0360416360199451 0.0289595946669579 0.0831060260534286 0.0456697531044483 0.0292579121887684 0.0597792007029057 0.0316970236599445 0.027577256783843 0.0176220238208771 0.0176220238208771 0.0154173402115703 0.0171067677438259 0.0161202792078257 0.0206381063908339 0.0393403097987175 0.048829197883606 0.027577256783843 0.0336850695312023 0.0278484970331192 0.0192609280347824 0.0279850866645575 0.0269103422760963 0.0285379812121391 0.0273085851222277 0.0258724484592676 0.0185944922268391 0.0194344036281109 0.0271508060395718 0.0315826609730721 0.0368890427052975 0.0480887182056904 0.0584517493844032 0.0633270144462585 0.0657416805624962 0.0718650072813034 0.177307888865471 0.203914001584053 0.447604209184647
0.0227770432829857 0.0239065103232861 0.0207194294780493 0.056286346167326 0.0353678055107594 0.0627331286668777 0.099433459341526 0.0660094991326332 0.048938125371933 0.0348694957792759 0.0341638401150703 0.0241577085107565 0.0183327998965979 0.0243961587548256 0.0279850866645575 0.020335104316473 0.0151146901771426 0.0159613955765963 0.0160406436771154 0.0154173402115703 0.0162003040313721 0.0261307265609503 0.0430548638105392 0.047811608761549 0.0521607510745525 0.0391505286097527 0.0260029472410679 0.0195482429116964 0.0212574247270823 0.0296757481992245 0.0254978761076927 0.0269103422760963 0.0198320634663105 0.0169317405670881 0.0323987156152725 0.0365702211856842 0.0361987873911858 0.0447595007717609 0.0519122667610645 0.0686130002140999 0.0966301113367081 0.11068569868803 0.123691856861115 0.250992238521576 0.383101403713226 0.418443769216537
0.0200613681226969 0.0297098811715841 0.0290591437369585 0.0300523452460766 0.0427359715104103 0.0739298686385155 0.141175031661987 0.065327987074852 0.0471405722200871 0.028962105512619 0.025725306943059 0.0168216861784458 0.0157259535044432 0.0260029472410679 0.0339981243014336 0.0160406436771154 0.0158040523529053 0.0206381063908339 0.0138236144557595 0.0127676697447896 0.019071688875556 0.0376813337206841 0.0477681420743465 0.0503505393862724 0.0384001545608044 0.0346820391714573 0.0286778528243303 0.022002961486578 0.0236876085400581 0.0343465954065323 0.0242766477167606 0.0205339640378952 0.0203324761241674 0.0222177617251873 0.0427046157419682 0.0424832254648209 0.038739200681448 0.0396772623062134 0.0449525378644466 0.0576119236648083 0.0778044685721397 0.0918189957737923 0.107914470136166 0.19084370136261 0.237787425518036 0.240993738174438
0.0266426876187325 0.0302398651838303 0.055131558328867 0.0540388189256191 0.0316346809267998 0.116171419620514 0.153318673372269 0.081435538828373 0.0400143265724182 0.0240628030151129 0.0178845878690481 0.0163615271449089 0.0387584716081619 0.0475474894046783 0.0361442416906357 0.0150399468839169 0.0253731105476618 0.0176220238208771 0.0151146901771426 0.0141709260642529 0.0198397561907768 0.0426455028355122 0.033521618694067 0.0235714856535196 0.0365841686725616 0.0365841686725616 0.0262591205537319 0.0245162416249514 0.0216803662478924 0.0289595946669579 0.0187912434339523 0.0181525107473135 0.0235714856535196 0.0254945997148752 0.0343334712088108 0.0335002541542053 0.0296415816992521 0.0374387875199318 0.047175444662571 0.0590082332491875 0.0749640092253685 0.0877071842551231 0.0947769284248352 0.0860472992062569 0.0908957719802856 0.0973302200436592
0.0262759979814291 0.0267486106604338 0.0395200923085213 0.0290297865867615 0.0546746477484703 0.0646529421210289 0.105366162955761 0.0647132098674774 0.0365255363285542 0.0204503536224365 0.0177804864943027 0.0175351016223431 0.0390602685511112 0.0270424578338861 0.0171067677438259 0.0157259535044432 0.0295311566442251 0.0166063234210014 0.0132852960377932 0.0125163728371263 0.0133514385670424 0.0310083124786615 0.0229991525411606 0.0266479905694723 0.0473123341798782 0.0251253563910723 0.0266479905694723 0.0182424373924732 0.0194520074874163 0.0183327998965979 0.0186986643821001 0.0236876085400581 0.0192609280347824 0.0233409032225609 0.0256199482828379 0.0351777039468288 0.0306797977536917 0.039115808904171 0.0576549097895622 0.0712488070130348 0.0788948237895966 0.0897418633103371 0.0728608816862106 0.0688845738768578 0.130270957946777 0.297288656234741
