output/projections/03_MH/Scinax nebulosus.asc
NCOLS 168 
NROWS 144 
XLLCORNER -41.0000000002598 
YLLCORNER -7.99999999976785 
CELLSIZE 0.0416666666664048 
NODATA_value -3.4e+38 
[rows 63 to 83 of 144, columns 0 to 45 of 168]
0.180533289909363 0.236815422773361 0.404327571392059 0.592120230197906 0.661176025867462 0.385753184556961 0.451907366514206 0.524915814399719 0.452375441789627 0.341646760702133 0.221385210752487 0.184781670570374 0.196002393960953 0.184861168265343 0.176576212048531 0.332847893238068 0.505638241767883 0.45708817243576 0.230200484395027 0.145495146512985 0.107766397297382 0.265415549278259 0.111525781452656 0.129764154553413 0.228205874562263 0.345875561237335 0.0926793664693832 0.0957648456096649 0.172920703887939 0.332995802164078 0.320587456226349 0.241409614682198 0.132686898112297 0.112632587552071 0.249054819345474 0.120908007025719 0.167808145284653 0.251516193151474 0.131147846579552 0.222570046782494 0.193997293710709 0.163936764001846 0.126990079879761 0.155095726251602 0.163840636610985 0.154379978775978
0.185044229030609 0.25092613697052 0.512191593647003 0.710283756256104 0.520414352416992 0.321841150522232 0.28238108754158 0.488533109426498 0.528082191944122 0.302535802125931 0.210139334201813 0.211988911032677 0.172263652086258 0.174753069877625 0.205810785293579 0.247809678316116 0.482341080904007 0.312218844890594 0.192823633551598 0.111906439065933 0.177307605743408 0.43255290389061 0.298214048147202 0.108196623623371 0.181446403264999 0.383673191070557 0.226970165967941 0.107191249728203 0.13091816008091 0.159388959407806 0.239934772253036 0.219968318939209 0.219781845808029 0.128312095999718 0.176504597067833 0.10522998124361 0.181529507040977 0.159440085291862 0.223720088601112 0.214755848050117 0.150472715497017 0.134342342615128 0.137779980897903 0.138471692800522 0.150135114789009 0.160573855042458
0.178297609090805 0.240822494029999 0.49403589963913 0.678949296474457 0.432261526584625 0.301899701356888 0.23559682071209 0.309783607721329 0.484910517930984 0.331590592861176 0.189108446240425 0.292902618646622 0.180455937981606 0.177384123206139 0.190270021557808 0.187690243124962 0.321045219898224 0.325507372617722 0.197831064462662 0.120960012078285 0.214844912290573 0.327448695898056 0.30630287528038 0.253988444805145 0.24012465775013 0.366668939590454 0.329209506511688 0.178615406155586 0.14471909403801 0.123651422560215 0.222915709018707 0.284279584884644 0.264021635055542 0.154751375317574 0.14019612967968 0.112527161836624 0.124698989093304 0.084002822637558 0.1295235902071 0.1895941644907 0.230886921286583 0.242047220468521 0.285038739442825 0.132256910204887 0.153826490044594 0.174098774790764
0.180379331111908 0.257606536149979 0.596259355545044 0.625846922397614 0.370753645896912 0.256663590669632 0.204156309366226 0.210329860448837 0.3966244161129 0.374463707208633 0.245486184954643 0.338162928819656 0.227976962924004 0.213428765535355 0.178909137845039 0.181358128786087 0.181578382849693 0.284516990184784 0.233800977468491 0.284314513206482 0.317326068878174 0.4664246737957 0.219968318939209 0.20333793759346 0.275759667158127 0.388445049524307 0.363631308078766 0.242699265480042 0.129167154431343 0.120401985943317 0.30180424451828 0.249744147062302 0.196281045675278 0.169916927814484 0.121816471219063 0.114266142249107 0.0912200808525085 0.100105918943882 0.095250278711319 0.138924732804298 0.256672918796539 0.286458820104599 0.179417923092842 0.269290506839752 0.235904291272163 0.284823715686798
0.187332153320312 0.328520268201828 0.65964537858963 0.580222845077515 0.319759637117386 0.266790509223938 0.180958300828934 0.196730226278305 0.223504856228828 0.355381935834885 0.297889828681946 0.351257532835007 0.352405369281769 0.257441192865372 0.158438578248024 0.148806318640709 0.133955031633377 0.175843968987465 0.143487975001335 0.233397528529167 0.448185056447983 0.463165014982224 0.321476340293884 0.215680658817291 0.221012324094772 0.323239266872406 0.423905402421951 0.292130053043365 0.137447476387024 0.156291574239731 0.276957243680954 0.19867405295372 0.225411027669907 0.140017479658127 0.112321600317955 0.133242011070251 0.132193267345428 0.106131516396999 0.10565496981144 0.174128174781799 0.184389308094978 0.157758072018623 0.110240653157234 0.143827334046364 0.217341020703316 0.175840064883232
0.19831046462059 0.301584929227829 0.666808605194092 0.532354116439819 0.33479318022728 0.23497086763382 0.183024719357491 0.177118971943855 0.203677207231522 0.303381890058517 0.246275380253792 0.227352678775787 0.242381870746613 0.258888483047485 0.250700652599335 0.187294885516167 0.128640055656433 0.105206809937954 0.130973815917969 0.221880093216896 0.540492832660675 0.217565566301346 0.346582442522049 0.192161336541176 0.197373703122139 0.358765602111816 0.283679485321045 0.361084699630737 0.251079708337784 0.165412157773972 0.138923957943916 0.122030176222324 0.272227734327316 0.135888829827309 0.10905022919178 0.16744564473629 0.124922029674053 0.103718541562557 0.142416670918465 0.108491718769073 0.159062519669533 0.197771489620209 0.174925208091736 0.0948276445269585 0.116931676864624 0.244969293475151
0.219269379973412 0.314475744962692 0.676200151443481 0.617146611213684 0.32495179772377 0.246532127261162 0.176197111606598 0.160824686288834 0.230708673596382 0.2323297560215 0.254599004983902 0.169205278158188 0.184183195233345 0.181358128786087 0.168986886739731 0.144549280405045 0.189859494566917 0.111769884824753 0.127522185444832 0.221027091145515 0.204987481236458 0.165984272956848 0.253807485103607 0.159400463104248 0.176713526248932 0.340437769889832 0.15107199549675 0.231771260499954 0.347703695297241 0.354127585887909 0.22908291220665 0.136983305215836 0.195691287517548 0.102341644465923 0.113206744194031 0.188500180840492 0.13491316139698 0.109683603048325 0.111969195306301 0.0982132777571678 0.117076449096203 0.268511980772018 0.115302287042141 0.0884263962507248 0.376286923885345 0.431269466876984
0.220997542142868 0.372512429952621 0.647229969501495 0.59133517742157 0.241696417331696 0.30363655090332 0.164774462580681 0.176499515771866 0.284669399261475 0.187147364020348 0.174327850341797 0.174653381109238 0.157906979322433 0.143254727125168 0.131467133760452 0.142469853162766 0.124459065496922 0.157473191618919 0.119652785360813 0.163085490465164 0.308260560035706 0.358086913824081 0.281041651964188 0.169600427150726 0.153666228055954 0.187821134924889 0.213486671447754 0.217565566301346 0.265026539564133 0.3137546479702 0.174730375409126 0.157010272145271 0.171524792909622 0.0951154828071594 0.122522950172424 0.157412678003311 0.179804146289825 0.14809250831604 0.103221297264099 0.0867750942707062 0.113458536565304 0.158760458230972 0.0968609377741814 0.1590176820755 0.391937583684921 0.195193231105804
0.278541773557663 0.604089975357056 0.606760919094086 0.270214110612869 0.192511916160583 0.244441792368889 0.148902982473373 0.198297560214996 0.321458667516708 0.174040719866753 0.216534107923508 0.187042206525803 0.14888222515583 0.137300565838814 0.125596985220909 0.104726329445839 0.115421965718269 0.114097267389297 0.113616064190865 0.124748326838017 0.210457131266594 0.406083792448044 0.342721045017242 0.281234681606293 0.192585051059723 0.222051903605461 0.226702019572258 0.165005132555962 0.228730574250221 0.166853159666061 0.152011156082153 0.128464341163635 0.123994469642639 0.0955495685338974 0.148377865552902 0.132002860307693 0.184001058340073 0.183661982417107 0.145171016454697 0.0892147272825241 0.092949166893959 0.105410702526569 0.118119925260544 0.210123181343079 0.170264899730682 0.133627146482468
0.246535986661911 0.34829980134964 0.334521770477295 0.178296193480492 0.179814696311951 0.198820576071739 0.155531704425812 0.185423672199249 0.178386077284813 0.157975256443024 0.164273753762245 0.215168118476868 0.16347761452198 0.142267063260078 0.114510864019394 0.0977916717529297 0.0969532877206802 0.0952275469899178 0.0845544338226318 0.110648974776268 0.201879784464836 0.279204308986664 0.293621361255646 0.259202390909195 0.29403555393219 0.266540944576263 0.233433932065964 0.178580433130264 0.181217312812805 0.186319038271904 0.14711032807827 0.125643938779831 0.0883838757872581 0.130164429545403 0.133974030613899 0.13500389456749 0.14209745824337 0.192432135343552 0.146674364805222 0.10044302046299 0.073983296751976 0.175483122467995 0.266556173563004 0.280917644500732 0.142393440008163 0.124614477157593
0.431215763092041 0.470274299383163 0.263877749443054 0.205453306436539 0.197991773486137 0.200080752372742 0.166983097791672 0.17037807404995 0.186658754944801 0.211743697524071 0.17288364470005 0.16111746430397 0.14888222515583 0.137300565838814 0.129292771220207 0.117133229970932 0.0987068936228752 0.0849038437008858 0.0830090120434761 0.0970688387751579 0.169925451278687 0.213311940431595 0.1843121945858 0.179956078529358 0.321041077375412 0.277774631977081 0.33342906832695 0.222739845514297 0.167022675275803 0.202596977353096 0.189350098371506 0.134064227342606 0.0950927808880806 0.141970604658127 0.10045912861824 0.139535740017891 0.13034051656723 0.158253252506256 0.155852183699608 0.0736923366785049 0.0840437114238739 0.240639477968216 0.393288433551788 0.114701144397259 0.150940790772438 0.27654042840004
0.433575212955475 0.665048778057098 0.605095326900482 0.274184286594391 0.207972645759583 0.234329521656036 0.170660406351089 0.155280962586403 0.195729553699493 0.222360074520111 0.243082985281944 0.184757009148598 0.195021241903305 0.138621553778648 0.163704857230186 0.120614320039749 0.117781348526478 0.0901492908596992 0.092256985604763 0.0873639136552811 0.15120555460453 0.190135389566422 0.177295088768005 0.160613536834717 0.187199845910072 0.267978221178055 0.30521622300148 0.21737813949585 0.181810438632965 0.161154001951218 0.14682699739933 0.128298416733742 0.117761366069317 0.113816536962986 0.100529387593269 0.0923756808042526 0.148827061057091 0.15227797627449 0.0924388915300369 0.0869951769709587 0.0890363454818726 0.283370226621628 0.290914565324783 0.121101014316082 0.173542603850365 0.141737088561058
0.346130520105362 0.588128566741943 0.747948706150055 0.389084756374359 0.225238174200058 0.20781534910202 0.224361062049866 0.188456654548645 0.16203399002552 0.170268252491951 0.17288364470005 0.200083032250404 0.170195743441582 0.131070405244827 0.129635065793991 0.125178679823875 0.12719814479351 0.0922348946332932 0.0889397785067558 0.105316951870918 0.24737061560154 0.230168119072914 0.195783853530884 0.194516271352768 0.232854560017586 0.220257773995399 0.208636805415154 0.131913840770721 0.159693494439125 0.150551155209541 0.127534121274948 0.116943873465061 0.151809066534042 0.130104705691338 0.154918387532234 0.126254618167877 0.12714758515358 0.139336690306664 0.0914965122938156 0.102348320186138 0.107839971780777 0.184979379177094 0.192309498786926 0.15169595181942 0.161398649215698 0.167599678039551
0.360604524612427 0.548574388027191 0.735337674617767 0.417984217405319 0.220011934638023 0.238560184836388 0.264333665370941 0.264924675226212 0.173391923308372 0.215592205524445 0.17853869497776 0.18547648191452 0.174190402030945 0.148245558142662 0.127804920077324 0.108738154172897 0.119999386370182 0.100082151591778 0.0897372961044312 0.102006733417511 0.115659438073635 0.105304524302483 0.148376449942589 0.248487219214439 0.165509596467018 0.184696719050407 0.127274915575981 0.109005123376846 0.23449182510376 0.11906673014164 0.139922216534615 0.131993025541306 0.166106209158897 0.153109818696976 0.133912831544876 0.155680611729622 0.121748872101307 0.119804203510284 0.112267389893532 0.106957949697971 0.139795079827309 0.1238704174757 0.123654089868069 0.144428461790085 0.158807814121246 0.149707153439522
0.58296924829483 0.728833615779877 0.577966094017029 0.392018735408783 0.287095695734024 0.254267692565918 0.261793375015259 0.265313595533371 0.216783344745636 0.207031264901161 0.236972257494926 0.20167039334774 0.233755707740784 0.196127146482468 0.142023652791977 0.144141584634781 0.139391154050827 0.107691697776318 0.0964905023574829 0.0897157490253448 0.0869006142020226 0.0997007563710213 0.139435589313507 0.209384053945541 0.107572540640831 0.0973948612809181 0.100560247898102 0.247160896658897 0.137209311127663 0.112474478781223 0.168027833104134 0.197583273053169 0.178897485136986 0.173307001590729 0.127475410699844 0.149553701281548 0.132349669933319 0.156985104084015 0.117796570062637 0.121832147240639 0.193064987659454 0.143316745758057 0.15907447040081 0.121896855533123 0.124834261834621 0.125052511692047
0.414819598197937 0.642224073410034 0.735445857048035 0.413874328136444 0.293946146965027 0.289785087108612 0.271241724491119 0.226863369345665 0.253692209720612 0.200805142521858 0.187569603323936 0.189148902893066 0.188537359237671 0.164691150188446 0.138351917266846 0.137177318334579 0.123806424438953 0.104701600968838 0.103277653455734 0.10878112912178 0.0926350057125092 0.098753847181797 0.131330370903015 0.135524213314056 0.0881062671542168 0.137347355484962 0.278960347175598 0.210491999983788 0.0896942093968391 0.201313450932503 0.239814519882202 0.150474548339844 0.244670838117599 0.179484680294991 0.180341973900795 0.121869944036007 0.182402938604355 0.137165725231171 0.121101014316082 0.164345413446426 0.210615932941437 0.161515668034554 0.163713738322258 0.161621138453484 0.144502848386765 0.134001791477203
0.640317618846893 0.57707154750824 0.745016515254974 0.416318386793137 0.290447264909744 0.340634047985077 0.286066621541977 0.243161663413048 0.208846524357796 0.267671525478363 0.195374026894569 0.207074567675591 0.244153663516045 0.168328180909157 0.152491569519043 0.159273996949196 0.112884379923344 0.1244862601161 0.122225105762482 0.100968509912491 0.0909565687179565 0.0885114967823029 0.11518594622612 0.19736011326313 0.117775797843933 0.300945609807968 0.28796660900116 0.221685618162155 0.127978175878525 0.140948861837387 0.265771418809891 0.227107673883438 0.344013214111328 0.325165897607803 0.150994762778282 0.148048415780067 0.181317791342735 0.159959703683853 0.164035275578499 0.1428382396698 0.166790440678596 0.150504589080811 0.174027428030968 0.160799771547318 0.166596964001656 0.143263027071953
0.685626745223999 0.653886735439301 0.749843239784241 0.462047666311264 0.319739580154419 0.333652675151825 0.285039782524109 0.259119689464569 0.200484991073608 0.29353204369545 0.182259574532509 0.171732664108276 0.223970502614975 0.244378685951233 0.170195743441582 0.131525754928589 0.124684549868107 0.106677882373333 0.106603935360909 0.0969301909208298 0.0803077593445778 0.0770812705159187 0.137042880058289 0.164858266711235 0.176398366689682 0.248098641633987 0.192444741725922 0.335661292076111 0.145911663770676 0.207916647195816 0.280569225549698 0.330725699663162 0.450612217187881 0.224817752838135 0.157861351966858 0.232236802577972 0.24074375629425 0.191367760300636 0.152445182204247 0.141588866710663 0.148682549595833 0.140830829739571 0.159690007567406 0.114526428282261 0.111972726881504 0.143263027071953
0.593457639217377 0.705256938934326 0.749078094959259 0.493824928998947 0.363473922014236 0.311640352010727 0.259503096342087 0.235141456127167 0.20340795814991 0.23459567129612 0.221820548176765 0.148431077599525 0.159075543284416 0.157871901988983 0.162648648023605 0.162814736366272 0.122177705168724 0.141791820526123 0.123177498579025 0.0840843394398689 0.0745754465460777 0.10579214990139 0.28716629743576 0.184299290180206 0.119883872568607 0.130346536636353 0.226407676935196 0.172325998544693 0.17814514040947 0.316181063652039 0.396079182624817 0.442890822887421 0.424742043018341 0.195431023836136 0.267199218273163 0.277080744504929 0.227702498435974 0.177991881966591 0.170427069067955 0.162741735577583 0.150737375020981 0.148660376667976 0.121312171220779 0.135977223515511 0.126119151711464 0.0955036655068398
0.377944201231003 0.639424264431 0.740497469902039 0.459849298000336 0.329901963472366 0.296927452087402 0.252447009086609 0.237506315112114 0.17990517616272 0.202636241912842 0.240251675248146 0.161622032523155 0.166911706328392 0.141347393393517 0.109453961253166 0.13282023370266 0.164490103721619 0.1061991751194 0.0951593741774559 0.0803077593445778 0.0788907632231712 0.152760222554207 0.243817433714867 0.21635676920414 0.122024454176426 0.195770338177681 0.160192966461182 0.12095008045435 0.243609756231308 0.352938026189804 0.346288472414017 0.427045613527298 0.448966979980469 0.211050614714622 0.262399852275848 0.253249555826187 0.213632509112358 0.184416204690933 0.186513334512711 0.158228471875191 0.143529742956161 0.120473243296146 0.126829251646996 0.195359721779823 0.122931122779846 0.0918428301811218
0.421935737133026 0.634722828865051 0.713494479656219 0.45285227894783 0.36768040060997 0.296927452087402 0.223216757178307 0.176953881978989 0.182596638798714 0.201210469007492 0.241951376199722 0.138651356101036 0.17435348033905 0.148332878947258 0.11581926047802 0.111655861139297 0.113896392285824 0.110508397221565 0.115270622074604 0.0784685388207436 0.0970457196235657 0.154327973723412 0.199125573039055 0.251513600349426 0.183089137077332 0.148497313261032 0.111643470823765 0.231385514140129 0.376028597354889 0.347428739070892 0.405750006437302 0.462604761123657 0.327491760253906 0.337000459432602 0.197387933731079 0.243657901883125 0.221865087747574 0.222524538636208 0.181072115898132 0.182272121310234 0.14918877184391 0.0931750163435936 0.174014896154404 0.202410593628883 0.111490853130817 0.107007525861263
