output/projections/03_MH/Sclerurus cearensis.asc
NCOLS 168 
NROWS 144 
XLLCORNER -41.0000000002598 
YLLCORNER -7.99999999976785 
CELLSIZE 0.0416666666664048 
NODATA_value -3.4e+38 
[rows 105 to 125 of 144, columns 47 to 93 of 168]
0.279041588306427 0.251974076032639 0.314606815576553 0.302259713411331 0.259357899427414 0.24279397726059 0.212225258350372 0.204947233200073 0.23518106341362 0.550962090492249 0.766137480735779 0.798906922340393 0.47576579451561 0.53670734167099 0.474019587039948 0.685330152511597 0.457165688276291 0.267265677452087 0.247296527028084 0.19676111638546 0.305249571800232 0.214297980070114 0.21754689514637 0.392764180898666 0.225173100829124 0.201796844601631 0.279008418321609 0.363643676042557 0.36204394698143 0.247277408838272 0.217450439929962 0.215911388397217 0.224056005477905 0.191199779510498 0.183488383889198 0.226761639118195 0.231436476111412 0.223203584551811 0.212234050035477 0.197423279285431 0.156245768070221 0.165617033839226 0.193840846419334 0.198969751596451 0.169714272022247 0.157681062817574 0.167929619550705
0.331382066011429 0.367532879114151 0.320383459329605 0.260102808475494 0.279112845659256 0.274108976125717 0.200986415147781 0.298760622739792 0.205257058143616 0.414573073387146 0.691149771213531 0.597792863845825 0.544542133808136 0.271171748638153 0.395029693841934 0.52950245141983 0.339820802211761 0.248707458376884 0.231873482465744 0.224965736269951 0.227021008729935 0.220823362469673 0.30179962515831 0.438229948282242 0.284812092781067 0.252432554960251 0.226786449551582 0.188869819045067 0.227492317557335 0.233189284801483 0.221785366535187 0.214152052998543 0.210895702242851 0.18378534913063 0.201446756720543 0.236915841698647 0.207955941557884 0.204541802406311 0.195782169699669 0.173864841461182 0.161263927817345 0.154881581664085 0.174221903085709 0.175268605351448 0.204048037528992 0.181979224085808 0.156707584857941
0.365650206804276 0.348593503236771 0.291980713605881 0.251767098903656 0.292139083147049 0.269041866064072 0.195818215608597 0.287280559539795 0.230975389480591 0.474977076053619 0.287759780883789 0.665628135204315 0.401330709457397 0.248012453317642 0.436797678470612 0.300979137420654 0.280975967645645 0.293975979089737 0.272143632173538 0.328584611415863 0.226380988955498 0.224775552749634 0.365361422300339 0.369669675827026 0.316516876220703 0.270971357822418 0.230745419859886 0.206731379032135 0.204275459051132 0.227755472064018 0.217438474297523 0.192915841937065 0.204995945096016 0.216202184557915 0.196115031838417 0.195800423622131 0.206743478775024 0.181082084774971 0.166344657540321 0.166412219405174 0.166412949562073 0.163822889328003 0.155956134200096 0.194796785712242 0.220939695835114 0.172566682100296 0.181239247322083
0.342647820711136 0.319110333919525 0.289332538843155 0.228965818881989 0.346909493207932 0.414147794246674 0.275712728500366 0.248681664466858 0.268607437610626 0.277157574892044 0.623346626758575 0.408173501491547 0.292317301034927 0.2670077085495 0.314170032739639 0.201641604304314 0.211084142327309 0.288121253252029 0.412572532892227 0.226030379533768 0.224029242992401 0.308194935321808 0.398046910762787 0.245712876319885 0.259770005941391 0.321304708719254 0.273998141288757 0.208731070160866 0.197187334299088 0.197081431746483 0.213594898581505 0.216878786683083 0.169785276055336 0.182682111859322 0.236437395215034 0.206962168216705 0.176291525363922 0.168941706418991 0.173580497503281 0.182905107736588 0.154246613383293 0.186090618371964 0.181881994009018 0.220482990145683 0.17981806397438 0.177690550684929 0.19205479323864
0.336578130722046 0.3167445063591 0.277420848608017 0.212839394807816 0.234695479273796 0.381149768829346 0.33556666970253 0.382955491542816 0.4752117395401 0.333889931440353 0.362919300794601 0.308011651039124 0.239608854055405 0.270274430513382 0.20873986184597 0.196178212761879 0.374435514211655 0.340005576610565 0.253108620643616 0.232723206281662 0.229967728257179 0.257993370294571 0.228328168392181 0.254696696996689 0.22465668618679 0.347789853811264 0.290050595998764 0.232473477721214 0.202559038996696 0.186191976070404 0.183145210146904 0.23038774728775 0.214446693658829 0.19327412545681 0.193755239248276 0.166412949562073 0.152752339839935 0.204704836010933 0.20310141146183 0.19698141515255 0.149155005812645 0.176175758242607 0.271005690097809 0.214836344122887 0.161019757390022 0.202319473028183 0.204110145568848
0.344590067863464 0.340505570173264 0.266608774662018 0.232166260480881 0.226626306772232 0.225151032209396 0.293343245983124 0.321862161159515 0.311725527048111 0.283706784248352 0.325021415948868 0.315461039543152 0.241792783141136 0.230265721678734 0.211157217621803 0.23285223543644 0.338231772184372 0.324769079685211 0.254529774188995 0.253708183765411 0.232641413807869 0.229094162583351 0.229464367032051 0.19620119035244 0.308555722236633 0.659645736217499 0.484147071838379 0.301437497138977 0.191713243722916 0.158843904733658 0.361359983682632 0.242717102169991 0.232114002108574 0.192240387201309 0.170808464288712 0.163758352398872 0.166808366775513 0.23994804918766 0.225122675299644 0.200464814901352 0.167396873235703 0.164856672286987 0.206391558051109 0.229131892323494 0.1735630184412 0.19145205616951 0.234886273741722
0.333885163068771 0.295047104358673 0.284384101629257 0.257710367441177 0.250533401966095 0.244695290923119 0.248804271221161 0.314630508422852 0.267511546611786 0.31074246764183 0.306407690048218 0.296364516019821 0.237112239003181 0.219402477145195 0.270014107227325 0.250570356845856 0.300084620714188 0.288345396518707 0.279994130134583 0.257754236459732 0.212592735886574 0.322347283363342 0.230090752243996 0.187888652086258 0.198446601629257 0.405881404876709 0.54260516166687 0.355156272649765 0.227072685956955 0.1632389575243 0.266791343688965 0.204671576619148 0.191060617566109 0.169550105929375 0.169176548719406 0.162431493401527 0.177926927804947 0.191457718610764 0.235264658927917 0.282325506210327 0.190011158585548 0.188366428017616 0.243565380573273 0.225212395191193 0.1868606954813 0.187849700450897 0.213780730962753
0.332557737827301 0.299913793802261 0.30296516418457 0.317169100046158 0.297796815633774 0.267611742019653 0.261104643344879 0.295666068792343 0.310025572776794 0.354759901762009 0.321498781442642 0.283314615488052 0.238676801323891 0.269582182168961 0.295281857252121 0.27484267950058 0.256906270980835 0.243483632802963 0.251655012369156 0.215740844607353 0.285601943731308 0.292965561151505 0.277637153863907 0.187013179063797 0.206478968262672 0.246551349759102 0.239034980535507 0.222852066159248 0.211686849594116 0.191879957914352 0.207851856946945 0.177114695310593 0.177104532718658 0.159836173057556 0.164234906435013 0.152293637394905 0.361398369073868 0.402560442686081 0.272456109523773 0.184422180056572 0.188529089093208 0.225051447749138 0.27043479681015 0.215939685702324 0.204936549067497 0.223715305328369 0.224961146712303
0.323050528764725 0.295472532510757 0.280426532030106 0.294149935245514 0.335630685091019 0.344377845525742 0.269496351480484 0.284599334001541 0.313344359397888 0.331694751977921 0.326402246952057 0.302026957273483 0.273120582103729 0.271679311990738 0.267898261547089 0.2841477394104 0.264014810323715 0.243546515703201 0.23711434006691 0.234673380851746 0.240420207381248 0.221772894263268 0.211486786603928 0.202344745397568 0.226833358407021 0.242563873529434 0.231437355279922 0.22756439447403 0.202823534607887 0.189354419708252 0.174017861485481 0.178836792707443 0.191781461238861 0.153758928179741 0.160180300474167 0.216916248202324 0.306253969669342 0.314684450626373 0.23493105173111 0.175422072410583 0.186843812465668 0.206615582108498 0.281716495752335 0.235930636525154 0.213840812444687 0.228707313537598 0.239635974168777
0.321173995733261 0.283448487520218 0.279222786426544 0.325620710849762 0.28084009885788 0.328580021858215 0.345873773097992 0.283924043178558 0.255612701177597 0.333305418491364 0.401367336511612 0.341096788644791 0.308121234178543 0.306855469942093 0.294370383024216 0.28613606095314 0.29117152094841 0.277015686035156 0.27321395277977 0.267767727375031 0.264745563268661 0.238364458084106 0.185045421123505 0.218211129307747 0.205165207386017 0.256944060325623 0.222858443856239 0.19264218211174 0.180264070630074 0.175897032022476 0.175709307193756 0.217387616634369 0.1959268450737 0.170608475804329 0.17059288918972 0.262111723423004 0.335766524076462 0.27723690867424 0.216772526502609 0.178350910544395 0.206398040056229 0.218623578548431 0.255558371543884 0.274382174015045 0.204194858670235 0.240881368517876 0.260537266731262
0.33105057477951 0.299231261014938 0.271700739860535 0.318407952785492 0.303268641233444 0.305370301008224 0.371297210454941 0.314673990011215 0.269081890583038 0.299807608127594 0.30537685751915 0.328560709953308 0.3780916929245 0.381538987159729 0.35144317150116 0.301442950963974 0.297459334135056 0.291260838508606 0.28136283159256 0.271089643239975 0.268113046884537 0.247333377599716 0.211948409676552 0.223073735833168 0.223187893629074 0.216224685311317 0.19200187921524 0.207008987665176 0.215554535388947 0.177214562892914 0.183257356286049 0.234728753566742 0.210190802812576 0.209133848547935 0.167411133646965 0.162808924913406 0.310865432024002 0.333851307630539 0.26488396525383 0.211046248674393 0.190920814871788 0.20414637029171 0.277757942676544 0.314775288105011 0.209943026304245 0.216866537928581 0.38059863448143
0.346922904253006 0.303556472063065 0.33864414691925 0.426977634429932 0.391035914421082 0.384885758161545 0.46354416012764 0.305057376623154 0.308676987886429 0.300908029079437 0.305762588977814 0.322530925273895 0.317598164081573 0.34591081738472 0.338327050209045 0.324433714151382 0.342844843864441 0.282901108264923 0.330764055252075 0.291682094335556 0.314444214105606 0.275703847408295 0.252242296934128 0.256273806095123 0.220455229282379 0.229597851634026 0.223351910710335 0.232848390936852 0.218521684408188 0.194072604179382 0.1988894790411 0.225642621517181 0.276472449302673 0.220487907528877 0.183262422680855 0.183800637722015 0.277809530496597 0.249567046761513 0.299870163202286 0.230678856372833 0.213091343641281 0.20050074160099 0.24532550573349 0.274618208408356 0.248775616288185 0.251838088035583 0.247376009821892
0.402622818946838 0.318567782640457 0.285551071166992 0.296543389558792 0.247686475515366 0.266987770795822 0.438883304595947 0.353417724370956 0.356815278530121 0.29900398850441 0.325919181108475 0.314548909664154 0.33083376288414 0.345332056283951 0.350476264953613 0.344537287950516 0.278093963861465 0.270329684019089 0.347080022096634 0.440206229686737 0.347398698329926 0.32686710357666 0.317773282527924 0.235163122415543 0.227510079741478 0.282781600952148 0.260984659194946 0.25118362903595 0.211286172270775 0.21477073431015 0.219876334071159 0.239502280950546 0.260294497013092 0.234936162829399 0.196198210120201 0.19120866060257 0.295401573181152 0.259249925613403 0.269219875335693 0.232739478349686 0.256219238042831 0.21996296942234 0.23395100235939 0.336058795452118 0.351369559764862 0.331687897443771 0.248618170619011
0.39603778719902 0.305081248283386 0.266405910253525 0.267268419265747 0.252160966396332 0.273696631193161 0.336932718753815 0.345933705568314 0.317937284708023 0.309474050998688 0.355005294084549 0.33723396062851 0.339807242155075 0.380483388900757 0.338097661733627 0.303343504667282 0.281172215938568 0.27872297167778 0.29970183968544 0.289281129837036 0.257958471775055 0.254560321569443 0.247667655348778 0.245373412966728 0.242764264345169 0.275799155235291 0.252000272274017 0.216177806258202 0.213023692369461 0.235548883676529 0.235788986086845 0.228466913104057 0.249436989426613 0.283508330583572 0.229607403278351 0.214694440364838 0.287138193845749 0.323837488889694 0.319266617298126 0.237645655870438 0.294236660003662 0.296238958835602 0.222299590706825 0.252824246883392 0.357789218425751 0.304230391979218 0.290858596563339
0.429576635360718 0.334884762763977 0.27160969376564 0.302484929561615 0.309456169605255 0.270193785429001 0.326974123716354 0.319290995597839 0.358306407928467 0.303163826465607 0.384892225265503 0.332692116498947 0.340358853340149 0.468694537878036 0.360349178314209 0.388436138629913 0.406883478164673 0.3389932513237 0.444077253341675 0.412901699542999 0.291082888841629 0.276138365268707 0.285030603408813 0.280646294355392 0.266536474227905 0.247980698943138 0.2193793207407 0.211211815476418 0.221942767500877 0.232438623905182 0.264950633049011 0.244515806436539 0.307796001434326 0.50800222158432 0.340759515762329 0.330366581678391 0.411244928836823 0.389342099428177 0.343864589929581 0.280319541692734 0.301983267068863 0.308123588562012 0.238617360591888 0.25868758559227 0.293718725442886 0.315162718296051 0.311944186687469
0.38102999329567 0.352266639471054 0.283490508794785 0.270456165075302 0.265143722295761 0.28432759642601 0.282405376434326 0.29474338889122 0.443567872047424 0.45240905880928 0.376162648200989 0.318776875734329 0.346193373203278 0.291170030832291 0.268298774957657 0.297014266252518 0.356956303119659 0.52304744720459 0.719377338886261 0.702043533325195 0.560251533985138 0.410505324602127 0.308978378772736 0.3357974588871 0.30406865477562 0.253652453422546 0.213627994060516 0.238772660493851 0.351129859685898 0.427495062351227 0.500696301460266 0.579568207263947 0.658820867538452 0.473784923553467 0.427996754646301 0.407375156879425 0.42678701877594 0.428006261587143 0.380023986101151 0.351548284292221 0.34678041934967 0.330884903669357 0.25626340508461 0.269437491893768 0.273903548717499 0.317439168691635 0.341583043336868
0.389293223619461 0.327025890350342 0.281438589096069 0.316060036420822 0.27495950460434 0.27027353644371 0.263627856969833 0.260035336017609 0.286223590373993 0.324291497468948 0.560779511928558 0.540315926074982 0.306274056434631 0.280539900064468 0.297234714031219 0.294857829809189 0.35598161816597 0.507727801799774 0.388661772012711 0.389984041452408 0.350728780031204 0.278027325868607 0.266797631978989 0.294973820447922 0.24832458794117 0.258943527936935 0.262281596660614 0.284987419843674 0.318879842758179 0.315991580486298 0.376249462366104 0.4360591173172 0.425275415182114 0.3592788875103 0.354827731847763 0.350878536701202 0.353693693876266 0.413139194250107 0.402413308620453 0.358533680438995 0.33960485458374 0.300301074981689 0.262120813131332 0.267657369375229 0.260573357343674 0.289229273796082 0.550827383995056
0.334795475006104 0.327019482851028 0.296190977096558 0.384643375873566 0.306759566068649 0.329769968986511 0.314652174711227 0.303970098495483 0.294331431388855 0.306063055992126 0.36130428314209 0.331264346837997 0.310137778520584 0.256367027759552 0.344594120979309 0.40064150094986 0.328213065862656 0.299429565668106 0.260938555002213 0.307888567447662 0.296626955270767 0.289993226528168 0.255651712417603 0.246963635087013 0.259503811597824 0.29376083612442 0.33339586853981 0.304729461669922 0.341046214103699 0.432493507862091 0.433885633945465 0.397379696369171 0.331030249595642 0.310062259435654 0.443674087524414 0.489469289779663 0.447484135627747 0.439939111471176 0.436514645814896 0.383978098630905 0.316680192947388 0.291271775960922 0.289647251367569 0.276752501726151 0.267837375402451 0.315952509641647 0.327170103788376
0.304943233728409 0.364110469818115 0.310927748680115 0.414619743824005 0.317964971065521 0.285341620445251 0.289443254470825 0.417890518903732 0.349692612886429 0.331230998039246 0.393313437700272 0.556699752807617 0.525148749351501 0.455494076013565 0.388627886772156 0.6307532787323 0.662247836589813 0.392911195755005 0.302055388689041 0.543914973735809 0.456411123275757 0.293547213077545 0.276810377836227 0.249100267887115 0.299077451229095 0.311075150966644 0.367581129074097 0.325521260499954 0.345315665006638 0.416616022586823 0.374248415231705 0.373559445142746 0.362604588270187 0.383260130882263 0.325895875692368 0.335101336240768 0.385609149932861 0.516390025615692 0.419541120529175 0.351705729961395 0.325230628252029 0.330492198467255 0.311078786849976 0.295412987470627 0.276076227426529 0.269455134868622 0.357913166284561
0.306780934333801 0.315290659666061 0.337824910879135 0.406303763389587 0.338653057813644 0.313496619462967 0.258485168218613 0.352363258600235 0.336263686418533 0.519521355628967 0.811797618865967 0.815062463283539 0.795680344104767 0.646166503429413 0.488164186477661 0.695038974285126 0.580093801021576 0.411067545413971 0.621336877346039 0.518224895000458 0.316070944070816 0.272445052862167 0.318892002105713 0.25257596373558 0.324150204658508 0.348424822092056 0.286134302616119 0.381946921348572 0.391498148441315 0.49677786231041 0.373680233955383 0.363672345876694 0.363952338695526 0.354815155267715 0.351661115884781 0.345993876457214 0.48160707950592 0.682443737983704 0.536109745502472 0.362942516803741 0.406574904918671 0.446585178375244 0.401354968547821 0.464989006519318 0.510728657245636 0.831266045570374 0.881666302680969
0.423345476388931 0.248361960053444 0.285064667463303 0.488627791404724 0.461371123790741 0.554974257946014 0.57360702753067 0.468975365161896 0.437368243932724 0.581794202327728 0.848356604576111 0.823886394500732 0.716520428657532 0.546636044979095 0.546361207962036 0.740782916545868 0.477874487638474 0.599647343158722 0.693511962890625 0.392989605665207 0.345280647277832 0.564495205879211 0.451799064874649 0.327323704957962 0.346136063337326 0.326240450143814 0.260347783565521 0.502279222011566 0.449929982423782 0.527040302753448 0.386730343103409 0.341741532087326 0.400566190481186 0.353381007909775 0.389443814754486 0.501490592956543 0.708760142326355 0.75512307882309 0.567488431930542 0.607387959957123 0.895556688308716 0.896383166313171 0.840646207332611 0.877090990543365 0.798943638801575 0.841630160808563 0.885041654109955
