output/projections/03_MH/Sclerurus cearensis.asc
NCOLS 168 
NROWS 144 
XLLCORNER -41.0000000002598 
YLLCORNER -7.99999999976785 
CELLSIZE 0.0416666666664048 
NODATA_value -3.4e+38 
[rows 42 to 62 of 144, columns 47 to 93 of 168]
0.373749017715454 0.365429729223251 0.391306459903717 0.377456158399582 0.421650260686874 0.49810203909874 0.886786282062531 0.56466144323349 0.484146982431412 0.506969809532166 0.532150328159332 0.608347475528717 0.582974016666412 0.625556886196136 0.64051216840744 -3.4e+38 -3.4e+38 -3.4e+38 -3.4e+38 -3.4e+38 -3.4e+38 -3.4e+38 -3.4e+38 -3.4e+38 -3.4e+38 -3.4e+38 -3.4e+38 -3.4e+38 -3.4e+38 -3.4e+38 -3.4e+38 -3.4e+38 -3.4e+38 -3.4e+38 -3.4e+38 -3.4e+38 -3.4e+38 -3.4e+38 -3.4e+38 -3.4e+38 -3.4e+38 -3.4e+38 -3.4e+38 -3.4e+38 -3.4e+38 -3.4e+38 -3.4e+38
0.370009928941727 0.316907644271851 0.374648839235306 0.417021483182907 0.586881816387177 0.511009275913239 0.585621118545532 0.427254289388657 0.521182060241699 0.57470029592514 0.539457499980927 0.578633308410645 0.553128063678741 0.619097411632538 0.607912600040436 0.63005530834198 -3.4e+38 -3.4e+38 -3.4e+38 -3.4e+38 -3.4e+38 -3.4e+38 -3.4e+38 -3.4e+38 -3.4e+38 -3.4e+38 -3.4e+38 -3.4e+38 -3.4e+38 -3.4e+38 -3.4e+38 -3.4e+38 -3.4e+38 -3.4e+38 -3.4e+38 -3.4e+38 -3.4e+38 -3.4e+38 -3.4e+38 -3.4e+38 -3.4e+38 -3.4e+38 -3.4e+38 -3.4e+38 -3.4e+38 -3.4e+38 -3.4e+38
0.346740037202835 0.299048215150833 0.447622448205948 0.485439151525497 0.609717845916748 0.389264762401581 0.35154989361763 0.499128341674805 0.780890464782715 0.58148729801178 0.548364758491516 0.538662672042847 0.550722718238831 0.559946179389954 0.584945440292358 0.625953912734985 -3.4e+38 -3.4e+38 -3.4e+38 -3.4e+38 -3.4e+38 -3.4e+38 -3.4e+38 -3.4e+38 -3.4e+38 -3.4e+38 -3.4e+38 -3.4e+38 -3.4e+38 -3.4e+38 -3.4e+38 -3.4e+38 -3.4e+38 -3.4e+38 -3.4e+38 -3.4e+38 -3.4e+38 -3.4e+38 -3.4e+38 -3.4e+38 -3.4e+38 -3.4e+38 -3.4e+38 -3.4e+38 -3.4e+38 -3.4e+38 -3.4e+38
0.350271940231323 0.315192133188248 0.512471079826355 0.457613885402679 0.352430045604706 0.332759737968445 0.352504462003708 0.920762002468109 0.711349546909332 0.515707790851593 0.503504872322083 0.496580541133881 0.557597756385803 0.536621928215027 0.590044498443604 0.546231210231781 0.626342415809631 -3.4e+38 -3.4e+38 -3.4e+38 -3.4e+38 -3.4e+38 -3.4e+38 -3.4e+38 -3.4e+38 -3.4e+38 -3.4e+38 -3.4e+38 -3.4e+38 -3.4e+38 -3.4e+38 -3.4e+38 -3.4e+38 -3.4e+38 -3.4e+38 -3.4e+38 -3.4e+38 -3.4e+38 -3.4e+38 -3.4e+38 -3.4e+38 -3.4e+38 -3.4e+38 -3.4e+38 -3.4e+38 -3.4e+38 -3.4e+38
0.361878007650375 0.490853816270828 0.401808828115463 0.362062484025955 0.320535004138947 0.313897550106049 0.570522844791412 0.751006364822388 0.519830167293549 0.571278512477875 0.599232912063599 0.484427720308304 0.550388276576996 0.525317072868347 0.511117815971375 0.501248002052307 0.574946343898773 0.609047651290894 -3.4e+38 -3.4e+38 -3.4e+38 -3.4e+38 -3.4e+38 -3.4e+38 -3.4e+38 -3.4e+38 -3.4e+38 -3.4e+38 -3.4e+38 -3.4e+38 -3.4e+38 -3.4e+38 -3.4e+38 -3.4e+38 -3.4e+38 -3.4e+38 -3.4e+38 -3.4e+38 -3.4e+38 -3.4e+38 -3.4e+38 -3.4e+38 -3.4e+38 -3.4e+38 -3.4e+38 -3.4e+38 -3.4e+38
0.353370368480682 0.485177636146545 0.365798950195312 0.357113897800446 0.367550045251846 0.418936342000961 0.452108651399612 0.504181265830994 0.473089426755905 0.938594818115234 0.533975124359131 0.503555059432983 0.539089500904083 0.461654961109161 0.475379884243011 0.480576366186142 0.532861113548279 0.574946343898773 0.620920896530151 -3.4e+38 -3.4e+38 -3.4e+38 -3.4e+38 -3.4e+38 -3.4e+38 -3.4e+38 -3.4e+38 -3.4e+38 -3.4e+38 -3.4e+38 -3.4e+38 -3.4e+38 -3.4e+38 -3.4e+38 -3.4e+38 -3.4e+38 -3.4e+38 -3.4e+38 -3.4e+38 -3.4e+38 -3.4e+38 -3.4e+38 -3.4e+38 -3.4e+38 -3.4e+38 -3.4e+38 -3.4e+38
0.34546622633934 0.437391310930252 0.394513130187988 0.39855945110321 0.422547280788422 0.44758477807045 0.412268549203873 0.391546875238419 0.795819103717804 0.821315169334412 0.469919890165329 0.520564496517181 0.424265563488007 0.490678757429123 0.471531420946121 0.513796031475067 0.525934100151062 0.530731439590454 0.561720669269562 0.592227101325989 -3.4e+38 -3.4e+38 -3.4e+38 -3.4e+38 -3.4e+38 -3.4e+38 -3.4e+38 -3.4e+38 -3.4e+38 -3.4e+38 -3.4e+38 -3.4e+38 -3.4e+38 -3.4e+38 -3.4e+38 -3.4e+38 -3.4e+38 -3.4e+38 -3.4e+38 -3.4e+38 -3.4e+38 -3.4e+38 -3.4e+38 -3.4e+38 -3.4e+38 -3.4e+38 -3.4e+38
0.319269418716431 0.411761581897736 0.733908593654633 0.501368582248688 0.605823993682861 0.482375919818878 0.37253749370575 0.470207810401917 0.603261053562164 0.500456750392914 0.414984732866287 0.415626019239426 0.41781085729599 0.45787051320076 0.474005848169327 0.493385046720505 0.507973372936249 0.52928215265274 0.538324236869812 0.573991060256958 0.571561872959137 -3.4e+38 -3.4e+38 -3.4e+38 -3.4e+38 -3.4e+38 -3.4e+38 -3.4e+38 -3.4e+38 -3.4e+38 -3.4e+38 -3.4e+38 -3.4e+38 -3.4e+38 -3.4e+38 -3.4e+38 -3.4e+38 -3.4e+38 -3.4e+38 -3.4e+38 -3.4e+38 -3.4e+38 -3.4e+38 -3.4e+38 -3.4e+38 -3.4e+38 -3.4e+38
0.301571369171143 0.341911733150482 0.886285066604614 0.797651171684265 0.645065784454346 0.571018397808075 0.444763094186783 0.410972237586975 0.423525214195251 0.403277665376663 0.43404033780098 0.354269951581955 0.413930743932724 0.463374048471451 0.47301059961319 0.460856527090073 0.461153626441956 0.486966162919998 0.513408303260803 0.506066262722015 0.555516302585602 0.536984622478485 -3.4e+38 -3.4e+38 -3.4e+38 -3.4e+38 -3.4e+38 -3.4e+38 -3.4e+38 -3.4e+38 -3.4e+38 -3.4e+38 -3.4e+38 -3.4e+38 -3.4e+38 -3.4e+38 -3.4e+38 -3.4e+38 -3.4e+38 -3.4e+38 -3.4e+38 -3.4e+38 -3.4e+38 -3.4e+38 -3.4e+38 -3.4e+38 -3.4e+38
0.328059077262878 0.435442358255386 0.888752102851868 0.797498822212219 0.855954527854919 0.782432079315186 0.728358268737793 0.521618843078613 0.394444227218628 0.402351647615433 0.349193930625916 0.369494557380676 0.421075582504272 0.423399299383163 0.444900184869766 0.430755853652954 0.480350136756897 0.447522908449173 0.529936790466309 0.513408303260803 0.530394911766052 0.503933787345886 0.530344843864441 -3.4e+38 -3.4e+38 -3.4e+38 -3.4e+38 -3.4e+38 -3.4e+38 -3.4e+38 -3.4e+38 -3.4e+38 -3.4e+38 -3.4e+38 -3.4e+38 -3.4e+38 -3.4e+38 -3.4e+38 -3.4e+38 -3.4e+38 -3.4e+38 -3.4e+38 -3.4e+38 -3.4e+38 -3.4e+38 -3.4e+38 -3.4e+38
0.436226010322571 0.686800718307495 0.959152579307556 0.912893533706665 0.783793926239014 0.654572308063507 0.670277535915375 0.718336880207062 0.418558418750763 0.341031193733215 0.361270487308502 0.405615895986557 0.412924766540527 0.422081053256989 0.389756977558136 0.398147374391556 0.444900184869766 0.449659526348114 0.454697966575623 0.442619264125824 0.430915474891663 0.440480530261993 0.509086012840271 -3.4e+38 -3.4e+38 -3.4e+38 -3.4e+38 -3.4e+38 -3.4e+38 -3.4e+38 -3.4e+38 -3.4e+38 -3.4e+38 -3.4e+38 -3.4e+38 -3.4e+38 -3.4e+38 -3.4e+38 -3.4e+38 -3.4e+38 -3.4e+38 -3.4e+38 -3.4e+38 -3.4e+38 -3.4e+38 -3.4e+38 -3.4e+38
0.609789848327637 0.955603539943695 0.969682157039642 0.95782470703125 0.886237978935242 0.860484480857849 0.793606400489807 0.406402736902237 0.300492852926254 0.511159956455231 0.426931440830231 0.43195566534996 0.392844319343567 0.395166605710983 0.374471813440323 0.309121966362 0.355695247650146 0.360614955425262 0.401523053646088 0.406206369400024 0.421649694442749 0.42853194475174 0.456519097089767 0.488021612167358 -3.4e+38 -3.4e+38 -3.4e+38 -3.4e+38 -3.4e+38 -3.4e+38 -3.4e+38 -3.4e+38 -3.4e+38 -3.4e+38 -3.4e+38 -3.4e+38 -3.4e+38 -3.4e+38 -3.4e+38 -3.4e+38 -3.4e+38 -3.4e+38 -3.4e+38 -3.4e+38 -3.4e+38 -3.4e+38 -3.4e+38
0.619667887687683 0.94295197725296 0.96945995092392 0.855493068695068 0.49762886762619 0.465073943138123 0.714790284633636 0.438744217157364 0.492955237627029 0.577273786067963 0.415863543748856 0.377766877412796 0.377941966056824 0.34633931517601 0.2678202688694 0.349649995565414 0.354530692100525 0.409051567316055 0.390336394309998 0.383031338453293 0.370853453874588 0.403262943029404 0.400924623012543 0.454836964607239 0.488757312297821 0.493332266807556 -3.4e+38 -3.4e+38 -3.4e+38 -3.4e+38 -3.4e+38 -3.4e+38 -3.4e+38 -3.4e+38 -3.4e+38 -3.4e+38 -3.4e+38 -3.4e+38 -3.4e+38 -3.4e+38 -3.4e+38 -3.4e+38 -3.4e+38 -3.4e+38 -3.4e+38 -3.4e+38 -3.4e+38
0.893657326698303 0.950440883636475 0.954839587211609 0.767435550689697 0.435467928647995 0.288050502538681 0.62735390663147 0.478550136089325 0.407786726951599 0.374815195798874 0.370932996273041 0.352062046527863 0.294443786144257 0.274697929620743 0.323637574911118 0.339256197214127 0.29572406411171 0.40440621972084 0.36052131652832 0.33845329284668 0.346001207828522 0.362422853708267 0.392042547464371 0.408383786678314 0.424930095672607 0.476564526557922 0.491365104913712 -3.4e+38 -3.4e+38 -3.4e+38 -3.4e+38 -3.4e+38 -3.4e+38 -3.4e+38 -3.4e+38 -3.4e+38 -3.4e+38 -3.4e+38 -3.4e+38 -3.4e+38 -3.4e+38 -3.4e+38 -3.4e+38 -3.4e+38 -3.4e+38 -3.4e+38 -3.4e+38
0.936625182628632 0.875792145729065 0.710238337516785 0.548508882522583 0.311795860528946 0.281914472579956 0.361649334430695 0.332622200250626 0.359496355056763 0.303809612989426 0.302402526140213 0.308666259050369 0.243940070271492 0.340902268886566 0.314646571874619 0.303388237953186 0.301156252622604 0.311214566230774 0.318464249372482 0.285916239023209 0.29111385345459 0.320635735988617 0.323468506336212 0.360999524593353 0.376848876476288 0.402284324169159 0.439356833696365 0.458803683519363 -3.4e+38 -3.4e+38 -3.4e+38 -3.4e+38 -3.4e+38 -3.4e+38 -3.4e+38 -3.4e+38 -3.4e+38 -3.4e+38 -3.4e+38 -3.4e+38 -3.4e+38 -3.4e+38 -3.4e+38 -3.4e+38 -3.4e+38 -3.4e+38 -3.4e+38
0.958789348602295 0.879648327827454 0.700451076030731 0.449768751859665 0.35765266418457 0.319294959306717 0.30268269777298 0.31340429186821 0.31524184346199 0.28802827000618 0.276719361543655 0.248668670654297 0.262533962726593 0.354183554649353 0.307809293270111 0.28281244635582 0.289567083120346 0.296689689159393 0.254430830478668 0.296824008226395 0.300451964139938 0.334560960531235 0.342504411935806 0.332238793373108 0.35758164525032 0.366567432880402 0.381923645734787 0.416725754737854 0.461410373449326 0.468669265508652 0.515842914581299 -3.4e+38 -3.4e+38 -3.4e+38 -3.4e+38 -3.4e+38 -3.4e+38 -3.4e+38 -3.4e+38 -3.4e+38 -3.4e+38 -3.4e+38 -3.4e+38 -3.4e+38 -3.4e+38 -3.4e+38 -3.4e+38
0.756607234477997 0.449339836835861 0.392644613981247 0.389409959316254 0.334589928388596 0.313632726669312 0.27192884683609 0.275653570890427 0.260881423950195 0.280536144971848 0.267496168613434 0.273770660161972 0.29979595541954 0.290981084108353 0.281441003084183 0.286402195692062 0.262590497732162 0.229806616902351 0.238135471940041 0.294537514448166 0.295431882143021 0.312862604856491 0.311577826738358 0.308940321207047 0.321213185787201 0.310562431812286 0.360968410968781 0.407805114984512 0.466298013925552 0.513823568820953 0.506532073020935 -3.4e+38 -3.4e+38 -3.4e+38 -3.4e+38 -3.4e+38 -3.4e+38 -3.4e+38 -3.4e+38 -3.4e+38 -3.4e+38 -3.4e+38 -3.4e+38 -3.4e+38 -3.4e+38 -3.4e+38 -3.4e+38
0.519305348396301 0.656229853630066 0.501598954200745 0.345940917730331 0.327145218849182 0.339785695075989 0.295084476470947 0.274015635251999 0.235922947525978 0.269053965806961 0.283855795860291 0.322204381227493 0.291233986616135 0.286831021308899 0.264996320009232 0.259058654308319 0.231296494603157 0.22545300424099 0.222817152738571 0.241111621260643 0.312344253063202 0.336514502763748 0.28260725736618 0.30315026640892 0.308742672204971 0.308881342411041 0.317950367927551 0.370297610759735 0.454571545124054 0.490513384342194 0.456761538982391 0.475699931383133 -3.4e+38 -3.4e+38 -3.4e+38 -3.4e+38 -3.4e+38 -3.4e+38 -3.4e+38 -3.4e+38 -3.4e+38 -3.4e+38 -3.4e+38 -3.4e+38 -3.4e+38 -3.4e+38 -3.4e+38
0.269554495811462 0.30950078368187 0.452615201473236 0.360409200191498 0.304645478725433 0.302511900663376 0.274724751710892 0.235922947525978 0.237589120864868 0.285215765237808 0.278762549161911 0.311425536870956 0.275700330734253 0.269963532686234 0.263567805290222 0.238157331943512 0.219771862030029 0.225536525249481 0.202430233359337 0.215858995914459 0.346370488405228 0.336371839046478 0.271549493074417 0.282990217208862 0.313372045755386 0.270451217889786 0.332177519798279 0.350119441747665 0.421809613704681 0.452740550041199 0.382804691791534 0.412302494049072 0.471041917800903 -3.4e+38 -3.4e+38 -3.4e+38 -3.4e+38 -3.4e+38 -3.4e+38 -3.4e+38 -3.4e+38 -3.4e+38 -3.4e+38 -3.4e+38 -3.4e+38 -3.4e+38 -3.4e+38
0.273546397686005 0.267886221408844 0.281319975852966 0.284007728099823 0.272678703069687 0.27591073513031 0.225328058004379 0.253771215677261 0.267574220895767 0.265633195638657 0.293221533298492 0.309952139854431 0.266011446714401 0.275620073080063 0.254571527242661 0.240289896726608 0.2102210521698 0.218246817588806 0.18934853374958 0.210740119218826 0.368112206459045 0.289370179176331 0.266713380813599 0.28113266825676 0.281354695558548 0.240381807088852 0.301454722881317 0.357668429613113 0.385457158088684 0.413086771965027 0.343219518661499 0.346222311258316 0.426341533660889 0.435882836580276 -3.4e+38 -3.4e+38 -3.4e+38 -3.4e+38 -3.4e+38 -3.4e+38 -3.4e+38 -3.4e+38 -3.4e+38 -3.4e+38 -3.4e+38 -3.4e+38 -3.4e+38
0.261736035346985 0.304493069648743 0.268780589103699 0.2652847468853 0.241380944848061 0.237108483910561 0.252058893442154 0.272586703300476 0.293277651071548 0.243395388126373 0.255689591169357 0.268384516239166 0.262398034334183 0.25486171245575 0.238498762249947 0.207379743456841 0.20872038602829 0.213062182068825 0.193047031760216 0.275247752666473 0.268404185771942 0.260554850101471 0.241298377513885 0.256279736757278 0.227816924452782 0.242797404527664 0.28835728764534 0.314147293567657 0.39688965678215 0.361143916845322 0.289359569549561 0.317182838916779 0.367005676031113 0.41939041018486 0.421573579311371 -3.4e+38 -3.4e+38 -3.4e+38 -3.4e+38 -3.4e+38 -3.4e+38 -3.4e+38 -3.4e+38 -3.4e+38 -3.4e+38 -3.4e+38 -3.4e+38
