output/projections/03_MH/Sclerurus cearensis.asc
NCOLS 168 
NROWS 144 
XLLCORNER -41.0000000002598 
YLLCORNER -7.99999999976785 
CELLSIZE 0.0416666666664048 
NODATA_value -3.4e+38 
[rows 84 to 104 of 144, columns 94 to 140 of 168]
0.165131211280823 0.157812923192978 0.143109738826752 0.139213085174561 0.1390540599823 0.13794519007206 0.137866899371147 0.137525767087936 0.137763395905495 0.137685194611549 0.138919219374657 0.143951609730721 0.161790639162064 0.152696281671524 0.151716724038124 0.16917322576046 0.178624898195267 0.198724910616875 0.209583461284637 0.237530291080475 0.282838463783264 0.340539157390594 0.360777109861374 0.356561720371246 0.382887721061707 0.399914979934692 0.439415156841278 0.404578894376755 0.401497274637222 0.382243156433105 0.40362685918808 0.401059150695801 0.365846425294876 0.348308056592941 0.332025676965714 0.332762211561203 0.328263431787491 0.334221094846725 0.374094665050507 0.404780805110931 0.388078033924103 0.398518204689026 0.386425673961639 0.470386624336243 -3.4e+38 -3.4e+38 -3.4e+38
0.138917595148087 0.138838216662407 0.146892920136452 0.163431331515312 0.139133557677269 0.138261869549751 0.13923679292202 0.139795273542404 0.138818338513374 0.138739630579948 0.152671352028847 0.161700636148453 0.172515377402306 0.161491259932518 0.160560235381126 0.17891725897789 0.188542142510414 0.209473505616188 0.222107917070389 0.265757650136948 0.306608378887177 0.342221885919571 0.323638677597046 0.337294697761536 0.338482767343521 0.359665244817734 0.362068831920624 0.358232349157333 0.35980761051178 0.341113835573196 0.358400613069534 0.3608737885952 0.352726131677628 0.370511382818222 0.352384150028229 0.334516584873199 0.374247044324875 0.390971630811691 0.436603337526321 0.442659854888916 0.45277664065361 0.413123786449432 0.417174428701401 0.481714308261871 0.474420487880707 -3.4e+38 -3.4e+38
0.14273339509964 0.157067820429802 0.178442135453224 0.175404474139214 0.138974606990814 0.138419508934021 0.138441845774651 0.138025403022766 0.138026654720306 0.138238444924355 0.144059628248215 0.161430865526199 0.17046707868576 0.180225968360901 0.1696817278862 0.178759500384331 0.198830634355545 0.209363609552383 0.237289920449257 0.302026033401489 0.303705662488937 0.303846061229706 0.304720193147659 0.322206228971481 0.3189617395401 0.334417045116425 0.335430651903152 0.321978837251663 0.338256031274796 0.315774857997894 0.341826498508453 0.330170392990112 0.332207590341568 0.334770709276199 0.337539881467819 0.340125977993011 0.353614717721939 0.315989434719086 0.315707206726074 0.368792086839676 0.357860386371613 0.380258142948151 0.407573461532593 0.484640389680862 0.53179943561554 -3.4e+38 -3.4e+38
0.18315689265728 0.181508108973503 0.178430378437042 0.153469681739807 0.138815820217133 0.13812543451786 0.138442471623421 0.138839468359947 0.13828544318676 0.139284431934357 0.143814235925674 0.152242481708527 0.161132022738457 0.179344967007637 0.178954496979713 0.18868251144886 0.198665246367455 0.222272589802742 0.237169802188873 0.284747004508972 0.289448797702789 0.284648895263672 0.284243553876877 0.285490453243256 0.317377656698227 0.29951423406601 0.319130778312683 0.333952486515045 0.335080683231354 0.358905464410782 0.335936844348907 0.336751848459244 0.330023616552353 0.327243357896805 0.328912854194641 0.331273376941681 0.332303583621979 0.334087699651718 0.351950705051422 0.379882872104645 0.355147987604141 0.35127204656601 0.362028956413269 0.419826537370682 0.515421450138092 -3.4e+38 -3.4e+38
0.183805614709854 0.172953635454178 0.147798329591751 0.167274951934814 0.14184096455574 0.13875886797905 0.139710977673531 0.140003740787506 0.13876074552536 0.139204874634743 0.143591582775116 0.161006644368172 0.160683900117874 0.178759500384331 0.188377842307091 0.198705583810806 0.209411457180977 0.219666391611099 0.26940581202507 0.301286220550537 0.283352732658386 0.282948523759842 0.300867170095444 0.37448850274086 0.335960537195206 0.336421698331833 0.332793712615967 0.337462246417999 0.359957098960876 0.380676865577698 0.3554967045784 0.358019232749939 0.366089046001434 0.352691113948822 0.370199263095856 0.388866066932678 0.373763531446457 0.373593419790268 0.354457318782806 0.392810523509979 0.41720250248909 0.418295830488205 0.439524829387665 0.475977838039398 0.499241262674332 -3.4e+38 -3.4e+38
0.161011159420013 0.145997136831284 0.163853973150253 0.184368342161179 0.144624307751656 0.139026209712029 0.13875949382782 0.143981620669365 0.161675333976746 0.138206362724304 0.143650844693184 0.160533547401428 0.179377004504204 0.179210007190704 0.187990725040436 0.222043171525002 0.221813917160034 0.236382305622101 0.281821012496948 0.318599432706833 0.299566268920898 0.299566268920898 0.333478331565857 0.33517649769783 0.334185749292374 0.349218934774399 0.335089266300201 0.372240006923676 0.419372469186783 0.380898207426071 0.362203389406204 0.359538048505783 0.347370505332947 0.369523018598557 0.372679024934769 0.398675084114075 0.390390425920486 0.422926336526871 0.454792618751526 0.435147762298584 0.441491097211838 0.416842818260193 0.419832170009613 0.45803290605545 0.517712950706482 -3.4e+38 -3.4e+38
0.142397165298462 0.150266617536545 0.228509530425072 0.191805481910706 0.149673581123352 0.156246587634087 0.157533124089241 0.148609161376953 0.145917013287544 0.139421835541725 0.151984944939613 0.160713255405426 0.179442688822746 0.18919113278389 0.198347553610802 0.236741974949837 0.281821012496948 0.268174767494202 0.316898852586746 0.354777485132217 0.370281010866165 0.434377551078796 0.370796263217926 0.414788872003555 0.388851255178452 0.353091865777969 0.393549770116806 0.455416262149811 0.462823569774628 0.349793434143066 0.355289846658707 0.35740914940834 0.346017330884933 0.348217308521271 0.350873976945877 0.352370321750641 0.353923678398132 0.357445746660233 0.450627058744431 0.470155984163284 0.48540997505188 0.496695071458817 0.478154569864273 0.475400358438492 0.431750446557999 0.471982657909393 -3.4e+38
0.1439159065485 0.19304746389389 0.255992740392685 0.186615779995918 0.150829970836639 0.155984222888947 0.181439459323883 0.159954264760017 0.143902361392975 0.138059914112091 0.152985543012619 0.172239780426025 0.179442688822746 0.199022024869919 0.209122985601425 0.22164948284626 0.294379711151123 0.374815851449966 0.354559391736984 0.475052177906036 0.476211100816727 0.431390732526779 0.476476401090622 0.563359320163727 0.458685874938965 0.413405448198318 0.543201982975006 0.53970205783844 0.501087963581085 0.360046893358231 0.357019782066345 0.353599280118942 0.345808178186417 0.346618443727493 0.34912183880806 0.351027637720108 0.351561188697815 0.33231782913208 0.33353054523468 0.336212962865829 0.35898756980896 0.383727103471756 0.353766202926636 0.371366500854492 0.474701374769211 0.574743270874023 -3.4e+38
0.165465697646141 0.225092723965645 0.225752502679825 0.169422954320908 0.156755551695824 0.155644118785858 0.185919806361198 0.176282584667206 0.152580723166466 0.146834596991539 0.177130356431007 0.16949251294136 0.188308835029602 0.198493435978889 0.20901320874691 0.232853144407272 0.298478573560715 0.415266990661621 0.481115490198135 0.522345900535583 0.492481827735901 0.582992136478424 0.62581068277359 0.583307266235352 0.434598982334137 0.455795109272003 0.479552686214447 0.482543587684631 0.420759201049805 0.374717950820923 0.355953097343445 0.347975134849548 0.345507889986038 0.348023742437363 0.349156707525253 0.349787145853043 0.3300861120224 0.371677488088608 0.400239259004593 0.472834765911102 0.460800439119339 0.378793358802795 0.402142643928528 0.479250818490982 0.522520482540131 0.562725305557251 -3.4e+38
0.214812725782394 0.233211442828178 0.167164042592049 0.152094885706902 0.169799149036407 0.187598660588264 0.164901062846184 0.170041739940643 0.164149820804596 0.150527745485306 0.167875245213509 0.176081418991089 0.188410326838493 0.220430836081505 0.232898414134979 0.277727127075195 0.354169905185699 0.581312000751495 0.598393797874451 0.52509617805481 0.459277600049973 0.458502471446991 0.586779654026031 0.435241907835007 0.419060349464417 0.394256293773651 0.43604388833046 0.418301343917847 0.357059895992279 0.353015571832657 0.338732302188873 0.339089751243591 0.343118101358414 0.325570404529572 0.326883614063263 0.346261262893677 0.369425743818283 0.41505029797554 0.430444031953812 0.419905990362167 0.410310447216034 0.411033064126968 0.477027416229248 0.485210239887238 0.51587301492691 0.545309662818909 0.549797296524048
0.258096992969513 0.223363488912582 0.161008894443512 0.151852950453758 0.184751957654953 0.170798256993294 0.164987817406654 0.176611587405205 0.170926108956337 0.163041189312935 0.178747847676277 0.240641862154007 0.198316916823387 0.208281919360161 0.311920881271362 0.430514633655548 0.558161199092865 0.744161665439606 0.660220742225647 0.496358722448349 0.524250268936157 0.413930803537369 0.392987906932831 0.351653695106506 0.372557818889618 0.373015940189362 0.368545681238174 0.354649811983109 0.371567398309708 0.34208357334137 0.364682137966156 0.371480762958527 0.343692660331726 0.362936764955521 0.365431666374207 0.383498251438141 0.422088742256165 0.447403132915497 0.414427161216736 0.382637292146683 0.372345596551895 0.477834671735764 0.492228150367737 0.506165027618408 0.480832457542419 0.516407132148743 0.530177712440491
0.252022743225098 0.18445035815239 0.168059423565865 0.154023200273514 0.145031049847603 0.149922758340836 0.153329983353615 0.166902542114258 0.18494425714016 0.160106211900711 0.187968313694 0.197895094752312 0.219292223453522 0.260038435459137 0.54030054807663 0.678495943546295 0.676409184932709 0.762414455413818 0.66761988401413 0.458288639783859 0.412276357412338 0.391041427850723 0.350860506296158 0.33173480629921 0.344465881586075 0.344641596078873 0.350151479244232 0.373409152030945 0.340708941221237 0.362210065126419 0.362670242786407 0.380441576242447 0.361310243606567 0.38418260216713 0.386071503162384 0.386765390634537 0.38418447971344 0.370933502912521 0.37039902806282 0.397418886423111 0.491718739271164 0.475016176700592 0.472517222166061 0.482508420944214 0.487380802631378 0.500783562660217 0.531705737113953
0.22881156206131 0.155468344688416 0.152846738696098 0.145112738013268 0.137604296207428 0.234455808997154 0.178855925798416 0.393503695726395 0.22061488032341 0.273625075817108 0.23273266851902 0.263837933540344 0.519087553024292 0.637931704521179 0.74741530418396 0.810886979103088 0.789280235767365 0.743454158306122 0.590486645698547 0.495741337537766 0.409705221652985 0.45094707608223 0.534549474716187 0.368195921182632 0.362382382154465 0.424741208553314 0.426851093769073 0.430343747138977 0.359961450099945 0.380062907934189 0.389557301998138 0.405598372220993 0.375938057899475 0.382935404777527 0.400042235851288 0.406237006187439 0.424705684185028 0.411013156175613 0.445832788944244 0.476982563734055 0.514574944972992 0.526605367660522 0.495678693056107 0.50981616973877 0.545388221740723 0.527438104152679 0.568928062915802
0.174135059118271 0.152760118246078 0.138221904635429 0.138315439224243 0.223940491676331 0.289506703615189 0.377053946256638 0.701023697853088 0.761337161064148 0.542049884796143 0.535359442234039 0.643143773078918 0.80491441488266 0.797593593597412 0.811299860477448 0.848913609981537 0.806374311447144 0.714693188667297 0.537258982658386 0.494726955890656 0.444937944412231 0.643461048603058 0.466602057218552 0.465941280126572 0.48837211728096 0.554819941520691 0.512290060520172 0.494216203689575 0.386529207229614 0.421417027711868 0.475832521915436 0.422191739082336 0.401627749204636 0.418535232543945 0.426932364702225 0.446280360221863 0.448759317398071 0.459084033966064 0.450627863407135 0.449894994497299 0.42111474275589 0.394044280052185 0.4554722905159 0.558218002319336 0.562920749187469 0.537926435470581 0.561104297637939
0.14396858215332 0.15580952167511 0.137985497713089 0.152112871408463 0.280709385871887 0.221993148326874 0.319294810295105 0.43269208073616 0.611612558364868 0.769107520580292 0.818664312362671 0.828409492969513 0.855411171913147 0.753660321235657 0.789385914802551 0.788545489311218 0.599346339702606 0.692892372608185 0.698179543018341 0.495077550411224 0.614673793315887 0.677506983280182 0.618760466575623 0.659637808799744 0.579249083995819 0.556295096874237 0.580176889896393 0.506824553012848 0.436031877994537 0.46133616566658 0.462982684373856 0.42677167057991 0.417952567338943 0.424793571233749 0.427257210016251 0.428690135478973 0.425837934017181 0.410917282104492 0.415398240089417 0.408561021089554 0.386344969272614 0.45450821518898 0.386682689189911 0.38252204656601 0.416121631860733 0.483798086643219 0.541397452354431
0.145172730088234 0.149893954396248 0.138824492692947 0.180285036563873 0.36098176240921 0.357116222381592 0.28383857011795 0.416463434696198 0.807796001434326 0.831449270248413 0.666337609291077 0.714824378490448 0.619258880615234 0.539811730384827 0.498672932386398 0.514022946357727 0.557023942470551 0.571633577346802 0.639652073383331 0.551019847393036 0.675061941146851 0.688853621482849 0.600608468055725 0.559346199035645 0.516043365001678 0.513948500156403 0.575331032276154 0.488020956516266 0.507758498191833 0.503105342388153 0.461992532014847 0.42112210392952 0.438576072454453 0.424443036317825 0.426877349615097 0.423215240240097 0.407981425523758 0.404503732919693 0.40572851896286 0.405639052391052 0.405675202608109 0.476189285516739 0.408223032951355 0.603728473186493 0.578864634037018 0.508040606975555 0.481532126665115
0.140652850270271 0.247398540377617 0.216894567012787 0.372739344835281 0.447634935379028 0.38705712556839 0.281529605388641 0.320618838071823 0.730718374252319 0.509323835372925 0.476551204919815 0.661085546016693 0.465162187814713 0.451303213834763 0.448811322450638 0.507923245429993 0.528355002403259 0.592215418815613 0.612610042095184 0.673311412334442 0.730849325656891 0.703210949897766 0.552048444747925 0.537557542324066 0.510967791080475 0.487086474895477 0.52808666229248 0.502845704555511 0.503359615802765 0.461594253778458 0.440865486860275 0.418345898389816 0.420529723167419 0.43865779042244 0.441175371408463 0.42237651348114 0.429351925849915 0.426472455263138 0.427349984645844 0.428925454616547 0.450266569852829 0.527698516845703 0.542324185371399 0.627142310142517 0.550819933414459 0.552396774291992 0.531057775020599
0.139102920889854 0.237178653478622 0.200283050537109 0.313094645738602 0.393692702054977 0.316294133663177 0.301867067813873 0.274474054574966 0.304770708084106 0.296095103025436 0.312719613313675 0.406943470239639 0.429012179374695 0.407139003276825 0.44223541021347 0.485438406467438 0.528189599514008 0.570332705974579 0.612294912338257 0.674326419830322 0.702085196971893 0.721753716468811 0.691785633563995 0.538598954677582 0.472620129585266 0.465785145759583 0.499806791543961 0.481658130884171 0.460197597742081 0.461264342069626 0.435475558042526 0.450328439474106 0.501059532165527 0.461275011301041 0.45715656876564 0.427389979362488 0.424708306789398 0.447323948144913 0.451080352067947 0.440745800733566 0.492225915193558 0.586478292942047 0.601936757564545 0.599402785301208 0.573953032493591 0.432314723730087 0.436185389757156
0.172891363501549 0.187945246696472 0.254902124404907 0.480458915233612 0.507645964622498 0.30719193816185 0.277913838624954 0.246383741497993 0.274357318878174 0.276713818311691 0.344538807868958 0.469095766544342 0.461606860160828 0.40545853972435 0.463663756847382 0.529209613800049 0.526829481124878 0.589103817939758 0.688630044460297 0.74150288105011 0.727031648159027 0.674871027469635 0.554215908050537 0.51047819852829 0.467610567808151 0.457987248897552 0.501081824302673 0.503174066543579 0.459781795740128 0.454167157411575 0.434124022722244 0.473037660121918 0.523663520812988 0.482930690050125 0.441604822874069 0.42143377661705 0.422601163387299 0.42463156580925 0.426849603652954 0.407346487045288 0.414305001497269 0.49808543920517 0.490111589431763 0.47013247013092 0.390367686748505 0.488639742136002 0.548721969127655
0.245859593153 0.258031159639359 0.222650572657585 0.648947358131409 0.586983919143677 0.3413105905056 0.249175265431404 0.231894314289093 0.244193553924561 0.311208963394165 0.536667227745056 0.559986472129822 0.484926700592041 0.39961439371109 0.508255064487457 0.486101686954498 0.564658343791962 0.610060095787048 0.724197804927826 0.784845173358917 0.655014395713806 0.568775415420532 0.614357769489288 0.528299331665039 0.458407819271088 0.473077654838562 0.457770198583603 0.48082771897316 0.452835083007812 0.457803875207901 0.474985301494598 0.476061433553696 0.474831521511078 0.45468658208847 0.438823908567429 0.440709978342056 0.443343669176102 0.440056681632996 0.425713181495667 0.427732616662979 0.4266217648983 0.406251013278961 0.406780570745468 0.406111568212509 0.517952084541321 0.608406543731689 0.535582065582275
0.190968587994576 0.16984635591507 0.284483671188354 0.329775601625443 0.450424373149872 0.300682902336121 0.248430848121643 0.231146946549416 0.26007553935051 0.344239056110382 0.516659140586853 0.401286989450455 0.39945513010025 0.440598636865616 0.550198554992676 0.500484585762024 0.504734039306641 0.583810269832611 0.681917607784271 0.784660875797272 0.720243573188782 0.722491025924683 0.709589779376984 0.498789370059967 0.479282766580582 0.451818943023682 0.4520523250103 0.47296467423439 0.494543015956879 0.512705028057098 0.491150557994843 0.538677990436554 0.49178746342659 0.474916964769363 0.454395473003387 0.455938160419464 0.459520548582077 0.44546914100647 0.425799578428268 0.427895098924637 0.423754811286926 0.44727897644043 0.488943427801132 0.60805207490921 0.649523138999939 0.612508893013 0.593787014484406
