output/projections/03_MH/Sclerurus cearensis.asc
NCOLS 168 
NROWS 144 
XLLCORNER -41.0000000002598 
YLLCORNER -7.99999999976785 
CELLSIZE 0.0416666666664048 
NODATA_value -3.4e+38 
[rows 105 to 125 of 144, columns 94 to 140 of 168]
0.166893839836121 0.17512121796608 0.320796847343445 0.247794389724731 0.278126150369644 0.281102985143661 0.225043669342995 0.230911076068878 0.260379910469055 0.341605544090271 0.426089465618134 0.509664416313171 0.378094404935837 0.590023517608643 0.522590339183807 0.526001989841461 0.525508105754852 0.58295065164566 0.717265486717224 0.79961746931076 0.796240925788879 0.824765980243683 0.722791492938995 0.577903747558594 0.514831066131592 0.494042247533798 0.516270637512207 0.624527335166931 0.137707486748695 0.183164224028587 0.55441290140152 0.576700448989868 0.732165515422821 0.587370216846466 0.481340974569321 0.499691039323807 0.481435626745224 0.4612095952034 0.462369829416275 0.451397687196732 0.446060478687286 0.538240849971771 0.668993830680847 0.686411142349243 0.625225067138672 0.583164691925049 0.469105660915375
0.164206653833389 0.227554991841316 0.265227198600769 0.233173593878746 0.268168687820435 0.217863395810127 0.219177693128586 0.242383986711502 0.272929340600967 0.290425628423691 0.302232593297958 0.461353451013565 0.54630845785141 0.665375769138336 0.520060122013092 0.562491059303284 0.584132850170135 0.603180646896362 0.766696810722351 0.817482650279999 0.821456074714661 0.837747395038605 0.818330407142639 0.166312381625175 0.67685079574585 0.638821244239807 0.558200597763062 0.169900447130203 0.59529185295105 0.242565467953682 0.277056008577347 0.782809495925903 0.763276338577271 0.645138502120972 0.543416798114777 0.524819135665894 0.486801236867905 0.483122795820236 0.472066313028336 0.452897280454636 0.445307224988937 0.470406770706177 0.496157646179199 0.505217790603638 0.483154267072678 0.411676436662674 0.457677274942398
0.170238181948662 0.18018439412117 0.197152689099312 0.273903578519821 0.208506390452385 0.22751958668232 0.272838920354843 0.271803081035614 0.272840827703476 0.284850597381592 0.323911607265472 0.482520222663879 0.50274533033371 0.608243405818939 0.582519352436066 0.603021800518036 0.625337660312653 0.618280470371246 0.78295910358429 0.794765174388885 0.832016348838806 0.819887459278107 0.838756024837494 0.680846035480499 0.731792032718658 0.701469600200653 0.185291931033134 0.230412870645523 0.257269501686096 0.695531606674194 0.759891450405121 0.67672073841095 0.153507187962532 0.644108355045319 0.542377948760986 0.522792100906372 0.485126942396164 0.482269674539566 0.461310714483261 0.444258153438568 0.473223000764847 0.460807919502258 0.464616179466248 0.445436894893646 0.422355711460114 0.477402180433273 0.591673731803894
0.197861924767494 0.194181799888611 0.20463939011097 0.217158481478691 0.217924296855927 0.219184264540672 0.24795389175415 0.241728559136391 0.254993140697479 0.305908858776093 0.357828587293625 0.5091512799263 0.588738322257996 0.608033359050751 0.680981755256653 0.680837512016296 0.663725733757019 0.638014674186707 0.693531513214111 0.797530829906464 0.78760153055191 0.749381959438324 0.733022928237915 0.711980164051056 0.226896494626999 0.202875465154648 0.290697306394577 0.222587153315544 0.333279848098755 0.397136837244034 0.286302328109741 0.30827060341835 0.163991019129753 0.709768116474152 0.540689945220947 0.518893599510193 0.49934309720993 0.484289944171906 0.480874329805374 0.465372323989868 0.487330913543701 0.506762981414795 0.466878056526184 0.481366187334061 0.55500715970993 0.537052631378174 0.632507860660553
0.221405565738678 0.202309936285019 0.227242887020111 0.202069208025932 0.232588678598404 0.2387755215168 0.237947061657906 0.255552887916565 0.284791707992554 0.319922298192978 0.439593434333801 0.439664661884308 0.459269911050797 0.605686664581299 0.645552814006805 0.75096720457077 0.717737138271332 0.68021285533905 0.744673728942871 0.792008399963379 0.785109221935272 0.744557857513428 0.744431555271149 0.222287446260452 0.329583317041397 0.252894848585129 0.346075266599655 0.311330646276474 0.411350160837173 0.318843454122543 0.8332878947258 0.169158309698105 0.841566503047943 0.138862699270248 0.178358808159828 0.604179382324219 0.59111750125885 0.544531524181366 0.506822168827057 0.485345363616943 0.567609965801239 0.489013671875 0.48175910115242 0.615501642227173 0.652099668979645 0.679192185401917 0.670403122901917
0.229448229074478 0.211531609296799 0.278240382671356 0.234955847263336 0.219973981380463 0.222540289163589 0.284037977457047 0.273345649242401 0.284590393304825 0.339026391506195 0.44080975651741 0.477385878562927 0.495853096246719 0.716429471969604 0.748852729797363 0.780764162540436 0.762896418571472 0.716076254844666 0.760487079620361 0.807690739631653 0.789631068706512 0.760428011417389 0.292059153318405 0.359828054904938 0.314760029315948 0.191707581281662 0.355335801839828 0.305038779973984 0.245187297463417 0.201020166277885 0.200933843851089 0.154144525527954 0.189009547233582 0.223302334547043 0.796335637569427 0.790529489517212 0.604092061519623 0.542718112468719 0.522522330284119 0.522687077522278 0.552906513214111 0.535092413425446 0.554727792739868 0.712626814842224 0.641058564186096 0.613453507423401 0.60186904668808
0.255107343196869 0.229281976819038 0.302012950181961 0.233779653906822 0.234661161899567 0.249532729387283 0.29070383310318 0.323720157146454 0.288336187601089 0.358822345733643 0.37801805138588 0.434841006994247 0.545052051544189 0.626610100269318 0.749227106571198 0.780468344688416 0.780468344688416 0.759760856628418 0.790271699428558 0.809260487556458 0.807047486305237 0.230852842330933 0.759465098381042 0.277905881404877 0.821701347827911 0.230130955576897 0.253508508205414 0.271927684545517 0.165586933493614 0.182779937982559 0.233552947640419 0.158663287758827 0.249609112739563 0.236419275403023 0.747918367385864 0.10754331946373 0.585529685020447 0.520614743232727 0.541689574718475 0.592418968677521 0.573074638843536 0.576058328151703 0.600142419338226 0.711768805980682 0.643695712089539 0.586013197898865 0.561721563339233
0.241900250315666 0.256821990013123 0.330495595932007 0.245227694511414 0.242668852210045 0.269090622663498 0.30176106095314 0.319569259881973 0.325090974569321 0.337837368249893 0.377549916505814 0.37652975320816 0.432144194841385 0.558462679386139 0.697424948215485 0.739368379116058 0.794060945510864 0.800464928150177 0.807661116123199 0.805994749069214 0.217873945832253 0.277455657720566 0.281713306903839 0.213186159729958 0.214619144797325 0.228290066123009 0.222226023674011 0.279705911874771 0.274864107370377 0.278863281011581 0.240768522024155 0.272370755672455 0.337305456399918 0.357790499925613 0.82390558719635 0.784062147140503 0.589518964290619 0.584027588367462 0.65057510137558 0.707961618900299 0.611924290657043 0.580044686794281 0.567270040512085 0.536743462085724 0.53159087896347 0.530268371105194 0.562750399112701
0.244518518447876 0.295843154191971 0.314445406198502 0.249564573168755 0.276810884475708 0.279556632041931 0.314781308174133 0.322976768016815 0.357441604137421 0.375835448503494 0.600461363792419 0.411699086427689 0.48896050453186 0.593720376491547 0.691509306430817 0.747923314571381 0.794277966022491 0.807942032814026 0.807992994785309 0.812067210674286 0.264760196208954 0.789194405078888 0.278372436761856 0.272841215133667 0.267411291599274 0.24388462305069 0.250223308801651 0.348265945911407 0.401655286550522 0.359574526548386 0.285407871007919 0.398515850305557 0.441801905632019 0.822462975978851 0.187046021223068 0.865145444869995 0.750934302806854 0.723801553249359 0.058558214455843 0.546420216560364 0.552879333496094 0.537186920642853 0.53085857629776 0.534587204456329 0.626686155796051 0.719461798667908 0.670515537261963
0.299215108156204 0.288845628499985 0.314839392900467 0.284572124481201 0.30194428563118 0.29093986749649 0.360360741615295 0.439618468284607 0.400884747505188 0.505926609039307 0.588417887687683 0.411216825246811 0.473459750413895 0.61965149641037 0.709238052368164 0.779855608940125 0.790125548839569 0.804665327072144 0.804352104663849 0.811328649520874 0.808946847915649 0.309692829847336 0.354743838310242 0.342941880226135 0.349524050951004 0.251083195209503 0.284589171409607 0.365468114614487 0.401091903448105 0.373347789049149 0.271348595619202 0.373676866292953 0.215831562876701 0.836034655570984 0.871303737163544 0.864226937294006 0.766455233097076 0.518551528453827 0.538459956645966 0.576846897602081 0.622682809829712 0.610772252082825 0.584936678409576 0.610552966594696 0.59105521440506 0.63129848241806 0.675529718399048
0.367028415203094 0.386870861053467 0.317760765552521 0.299769341945648 0.305128902196884 0.3409723341465 0.504765033721924 0.707963585853577 0.500434458255768 0.66051572561264 0.556282341480255 0.452329725027084 0.52069503068924 0.673489630222321 0.710058748722076 0.760077953338623 0.790303647518158 0.786471128463745 0.803794920444489 0.810820043087006 0.298271149396896 0.809158027172089 0.34589746594429 0.419397622346878 0.316402077674866 0.303757637739182 0.353073596954346 0.41601499915123 0.436571627855301 0.817159712314606 0.262033671140671 0.821950137615204 0.822339475154877 0.82454377412796 0.864917576313019 0.0998848229646683 0.633493185043335 0.632150173187256 0.638036549091339 0.569563150405884 0.590806901454926 0.596585631370544 0.582565784454346 0.614901125431061 0.601869881153107 0.561430692672729 0.646507203578949
0.409815460443497 0.418400406837463 0.359645903110504 0.302946388721466 0.345702618360519 0.404494285583496 0.617957890033722 0.639790177345276 0.588330209255219 0.776304423809052 0.564199268817902 0.519965529441833 0.583395540714264 0.603777468204498 0.695665001869202 0.730944871902466 0.77130138874054 0.789651095867157 0.80728942155838 0.814519345760345 0.814736545085907 0.81544816493988 0.345239520072937 0.386683702468872 0.806898891925812 0.370183318853378 0.407760143280029 0.457071214914322 0.485182046890259 0.825218617916107 0.301340311765671 0.825554072856903 0.169954612851143 0.843627512454987 0.822134673595428 0.814946591854095 0.801410853862762 0.692501842975616 0.564599692821503 0.546301901340485 0.509977221488953 0.510174334049225 0.492008656263351 0.488590180873871 0.487913370132446 0.484834790229797 0.483737796545029
0.267244338989258 0.476360768079758 0.366942644119263 0.365996927022934 0.345183730125427 0.445354521274567 0.6282559633255 0.72346955537796 0.680977702140808 0.80417799949646 0.658235549926758 0.662414014339447 0.67698335647583 0.708615779876709 0.773934006690979 0.788878202438354 0.806733012199402 0.806939899921417 0.810736298561096 0.815036952495575 0.815237045288086 0.821977257728577 0.355089604854584 0.80808162689209 0.422471910715103 0.453463345766068 0.49788835644722 0.51976090669632 0.508606791496277 0.395268857479095 0.834673643112183 0.828173696994781 0.822993457317352 0.166103065013885 0.81966769695282 0.795607030391693 0.690176248550415 0.539878070354462 0.502585351467133 0.52874881029129 0.52874881029129 0.514341950416565 0.513512790203094 0.527822971343994 0.507851719856262 0.55846494436264 0.589314937591553
0.287773221731186 0.284700185060501 0.398301094770432 0.47051927447319 0.383529484272003 0.550349235534668 0.684729218482971 0.781906247138977 0.703443765640259 0.785077035427094 0.766507029533386 0.749947011470795 0.74993509054184 0.777186632156372 0.806111216545105 0.806939899921417 0.810697376728058 0.814236104488373 0.814396917819977 0.815220355987549 0.48352062702179 0.439265787601471 0.819265425205231 0.538615107536316 0.507195591926575 0.470232933759689 0.510035574436188 0.560185015201569 0.43420621752739 0.838915526866913 0.374971628189087 0.282178848981857 0.846962809562683 0.854549825191498 0.847865521907806 0.860422492027283 0.681396007537842 0.60014820098877 0.578572869300842 0.533933460712433 0.528871536254883 0.534261107444763 0.535417199134827 0.57257354259491 0.556797444820404 0.570573449134827 0.555481135845184
0.318414777517319 0.31567794084549 0.368392944335938 0.492248684167862 0.617093920707703 0.688956439495087 0.784217119216919 0.776659309864044 0.754578113555908 0.79945832490921 0.782238185405731 0.766217589378357 0.792285203933716 0.806214988231659 0.814476311206818 0.804068922996521 0.811143398284912 0.808559358119965 0.811785995960236 0.812443852424622 0.812219142913818 0.815548062324524 0.533492386341095 0.82327675819397 0.824705839157104 0.816179692745209 0.576801896095276 0.830511510372162 0.844624519348145 0.279184460639954 0.84255176782608 0.160362035036087 0.870741546154022 0.881885707378387 0.866249561309814 0.816593050956726 0.668938398361206 0.632998108863831 0.578172981739044 0.536047399044037 0.551200687885284 0.572436332702637 0.59369170665741 0.622173964977264 0.602134823799133 0.574364006519318 0.596124172210693
0.433002769947052 0.388421565294266 0.534254729747772 0.711371660232544 0.784117579460144 0.757659316062927 0.81483781337738 0.820586502552032 0.818467617034912 0.739235281944275 0.738154411315918 0.766574084758759 0.796570658683777 0.803545475006104 0.804068922996521 0.804486870765686 0.808176219463348 0.805048167705536 0.805360555648804 0.808764755725861 0.815420269966125 0.813536047935486 0.820185780525208 0.823573052883148 0.820583343505859 0.818363726139069 0.832324981689453 0.849214971065521 0.847579777240753 0.843453168869019 0.835751354694366 0.84777307510376 0.829026877880096 0.797182083129883 0.611694157123566 0.641476273536682 0.592531561851501 0.577919661998749 0.556356132030487 0.55851411819458 0.598445296287537 0.621729016304016 0.631360948085785 0.62554669380188 0.646980762481689 0.596604406833649 0.725654184818268
0.488075077533722 0.513830900192261 0.637609124183655 0.798137128353119 0.855540812015533 0.835821449756622 0.802986204624176 0.781110346317291 0.739923357963562 0.722404837608337 0.734851539134979 0.755315005779266 0.762631416320801 0.792950332164764 0.804277956485748 0.80445659160614 0.788003742694855 0.776187002658844 0.804526746273041 0.809899210929871 0.810185313224792 0.813466191291809 0.819970369338989 0.826217174530029 0.828928172588348 0.845145225524902 0.856275379657745 0.855995714664459 0.85211968421936 0.846217751502991 0.847807765007019 0.844744861125946 0.839557349681854 0.660804688930511 0.607119202613831 0.566324055194855 0.546360373497009 0.568851113319397 0.576089560985565 0.597975075244904 0.580709099769592 0.582647383213043 0.627632617950439 0.617810130119324 0.61382657289505 0.60148423910141 0.643928587436676
0.431390732526779 0.473410487174988 0.626204371452332 0.652409613132477 0.572996854782104 0.572051763534546 0.652617335319519 0.708888709545135 0.709351778030396 0.722354054450989 0.721831202507019 0.755384206771851 0.778826832771301 0.793692350387573 0.779854238033295 0.780195951461792 0.776993215084076 0.77726137638092 0.806337058544159 0.810322463512421 0.810287356376648 0.813994705677032 0.820688903331757 0.824245095252991 0.843625664710999 0.845645725727081 0.857344210147858 0.855668067932129 0.849004983901978 0.847165584564209 0.842841327190399 0.832568168640137 0.792670667171478 0.718509078025818 0.627779841423035 0.60663640499115 0.582098066806793 0.568513214588165 0.567467629909515 0.546678781509399 0.525005042552948 0.55521684885025 0.552598774433136 0.57286411523819 0.605244100093842 0.610584318637848 0.577342391014099
0.586158335208893 0.372667193412781 0.449562430381775 0.657347321510315 0.706663906574249 0.695327341556549 0.691909968852997 0.6917684674263 0.705368459224701 0.705506384372711 0.700177669525146 0.739874601364136 0.748499393463135 0.748803615570068 0.76460075378418 0.765264928340912 0.762440800666809 0.774072587490082 0.806647837162018 0.807660579681396 0.807887256145477 0.811508893966675 0.821065187454224 0.837939977645874 0.836702585220337 0.847174465656281 0.853220045566559 0.85360312461853 0.854469776153564 0.850031077861786 0.840818226337433 0.832478582859039 0.798844754695892 0.798883199691772 0.781822800636292 0.635050594806671 0.649108171463013 0.648627638816833 0.568559646606445 0.547299563884735 0.618444979190826 0.578011095523834 0.55495947599411 0.54964280128479 0.537723243236542 0.596814513206482 0.524918615818024
0.821072936058044 0.736236155033112 0.817042410373688 0.824776589870453 0.782745540142059 0.72174471616745 0.677917063236237 0.673263192176819 0.691997468471527 0.705644309520721 0.70065039396286 0.73121839761734 0.736023545265198 0.732317507266998 0.745091438293457 0.749434649944305 0.758741199970245 0.777887284755707 0.792908132076263 0.793778836727142 0.804609835147858 0.812050938606262 0.816640794277191 0.833822786808014 0.837107419967651 0.839832782745361 0.851499319076538 0.849983274936676 0.850530385971069 0.841069757938385 0.829004645347595 0.832574903964996 0.835457146167755 0.834160029888153 0.756245732307434 0.646978735923767 0.592691481113434 0.63808661699295 0.568057894706726 0.604394495487213 0.623791933059692 0.577341496944427 0.581343412399292 0.600475132465363 0.570048034191132 0.512619435787201 0.548057436943054
0.760617733001709 0.730686902999878 0.755470991134644 0.745236814022064 0.678496539592743 0.677508592605591 0.691714406013489 0.691147923469543 0.691714406013489 0.681953728199005 0.699731767177582 0.713133990764618 0.740512907505035 0.728192269802094 0.732580363750458 0.74931001663208 0.746672332286835 0.778029084205627 0.778574705123901 0.790433168411255 0.804609835147858 0.809353590011597 0.810375809669495 0.813876986503601 0.828947782516479 0.835465967655182 0.836228430271149 0.836871147155762 0.837852478027344 0.830370008945465 0.813222944736481 0.799460589885712 0.77501767873764 0.720146000385284 0.734533369541168 0.677564084529877 0.667146682739258 0.666735231876373 0.681581020355225 0.688240826129913 0.597860336303711 0.575813233852386 0.582090437412262 0.554658949375153 0.54131144285202 0.534468948841095 0.616715312004089
