output/projections/07_HS/Cassia ferruginea.asc
NCOLS 168 
NROWS 144 
XLLCORNER -41.0000000002598 
YLLCORNER -7.99999999976785 
CELLSIZE 0.0416666666664048 
NODATA_value -3.4e+38 
[rows 120 to 139 of 144, columns 92 to 137 of 168]
0.933706760406494 0.936160326004028 0.939904272556305 0.937138557434082 0.935451030731201 0.937138557434082 0.93910026550293 0.936487197875977 0.93764591217041 0.938784837722778 0.939681947231293 0.935356020927429 0.929900348186493 0.928513586521149 0.933915674686432 0.934447228908539 0.934447228908539 0.933184325695038 0.93439906835556 0.928792953491211 0.922106564044952 0.917759776115417 0.919960141181946 0.909445524215698 0.920270025730133 0.931262135505676 0.925953507423401 0.920578837394714 0.929348647594452 0.940610647201538 0.945987522602081 0.949640274047852 0.950902998447418 0.955991208553314 0.956972599029541 0.958436906337738 0.940154016017914 0.937319695949554 0.922447800636292 0.918354094028473 0.910393118858337 0.902201294898987 0.91179370880127 0.92165070772171 0.92071145772934 0.917747020721436
0.935830771923065 0.944441080093384 0.940698444843292 0.937138557434082 0.936953067779541 0.941178858280182 0.943359017372131 0.942810595035553 0.941048204898834 0.94012588262558 0.937691867351532 0.935070335865021 0.927951872348785 0.932772576808929 0.923607349395752 0.932290017604828 0.934543430805206 0.933867156505585 0.929071307182312 0.912858426570892 0.909097731113434 0.926242113113403 0.916154563426971 0.907694339752197 0.909792184829712 0.917121052742004 0.917441010475159 0.930720388889313 0.939458847045898 0.945137977600098 0.947844088077545 0.948615729808807 0.953478455543518 0.955725967884064 0.956777989864349 0.948960304260254 0.940654814243317 0.926356315612793 0.916815400123596 0.919240176677704 0.915905177593231 0.919233679771423 0.916179656982422 0.9119952917099 0.922246813774109 0.917924821376801
0.937967896461487 0.940214276313782 0.940698444843292 0.939681947231293 0.941222369670868 0.941222369670868 0.938286125659943 0.934447228908539 0.934061050415039 0.936253070831299 0.936253070831299 0.934350848197937 0.925953507423401 0.9314786195755 0.934447228908539 0.934974789619446 0.934109449386597 0.933282315731049 0.92766946554184 0.911166787147522 0.925081610679626 0.932290017604828 0.915504515171051 0.912858426570892 0.919336974620819 0.921193182468414 0.933721363544464 0.933086276054382 0.941091775894165 0.944523453712463 0.946626424789429 0.94937652349472 0.952563583850861 0.954273700714111 0.952171385288239 0.952705442905426 0.941483855247498 0.934381544589996 0.926623940467834 0.9222092628479 0.921144723892212 0.915114879608154 0.909426748752594 0.906683623790741 0.906406879425049 0.905300617218018
0.935214459896088 0.937783598899841 0.942257225513458 0.935498476028442 0.93425440788269 0.938012480735779 0.939681947231293 0.938240587711334 0.938286125659943 0.936487197875977 0.935687899589539 0.934783399105072 0.930174648761749 0.933721363544464 0.933964133262634 0.93338006734848 0.932932674884796 0.929348647594452 0.9265296459198 0.913859367370605 0.927951872348785 0.927101612091064 0.922710120677948 0.915830075740814 0.918709456920624 0.931641578674316 0.933672726154327 0.935403525829315 0.941352665424347 0.943232893943787 0.947179615497589 0.949865341186523 0.951631665229797 0.952171385288239 0.949452042579651 0.951595485210419 0.956320703029633 0.943318128585815 0.937738001346588 0.94130951166153 0.92563384771347 0.91080641746521 0.92891925573349 0.915816783905029 0.903088331222534 0.900688886642456
0.944770038127899 0.947571456432343 0.94566535949707 0.94130927324295 0.943316996097565 0.944110214710236 0.942979872226715 0.940742254257202 0.938240587711334 0.935782432556152 0.935213327407837 0.934926986694336 0.928792953491211 0.932772576808929 0.933867156505585 0.930448055267334 0.929348647594452 0.931262135505676 0.921498715877533 0.923309326171875 0.925081610679626 0.925081610679626 0.920270025730133 0.927101612091064 0.933477759361267 0.933915674686432 0.935829639434814 0.935022592544556 0.942171633243561 0.944605767726898 0.948076725006104 0.950275421142578 0.949940145015717 0.951667785644531 0.955190777778625 0.955991208553314 0.955559372901917 0.942429184913635 0.932476997375488 0.931293845176697 0.918523252010345 0.925872266292572 0.930205702781677 0.914535582065582 0.917020738124847 0.916612684726715
0.946666121482849 0.949790418148041 0.945178687572479 0.943190813064575 0.942598342895508 0.942428052425385 0.93972647190094 0.936627328395844 0.936767101287842 0.935403525829315 0.935640573501587 0.933867156505585 0.9314786195755 0.928513586521149 0.933770000934601 0.932932674884796 0.927101612091064 0.931262135505676 0.919649124145508 0.929900348186493 0.922408878803253 0.923607349395752 0.921803176403046 0.933282315731049 0.93338006734848 0.929348647594452 0.934206128120422 0.937507927417755 0.940610647201538 0.942852973937988 0.946107864379883 0.948959410190582 0.948883235454559 0.950645506381989 0.953825831413269 0.952242910861969 0.953233778476715 0.940156817436218 0.938951730728149 0.942030131816864 0.94501668214798 0.944852232933044 0.924667119979858 0.916868686676025 0.91678124666214 0.905939102172852
0.945907115936279 0.944605767726898 0.941439390182495 0.941396057605743 0.942085921764374 0.939592778682709 0.939948678016663 0.93981546163559 0.937966763973236 0.936767101287842 0.93764591217041 0.935451030731201 0.925953507423401 0.928792953491211 0.934879183769226 0.934109449386597 0.932451188564301 0.930720388889313 0.92478883266449 0.922710120677948 0.922408878803253 0.914520859718323 0.928513586521149 0.933721363544464 0.933477759361267 0.930991768836975 0.935498476028442 0.936393678188324 0.938467919826508 0.939279794692993 0.944234490394592 0.946027636528015 0.947336733341217 0.949677884578705 0.951414108276367 0.951377809047699 0.943681478500366 0.936066448688507 0.955358684062958 0.957806169986725 0.95129406452179 0.931290507316589 0.921770453453064 0.920852482318878 0.907015562057495 0.899806976318359
0.944851994514465 0.943442940711975 0.943232893943787 0.943568646907806 0.940917253494263 0.942171633243561 0.940302610397339 0.93864917755127 0.937138557434082 0.936953067779541 0.936018168926239 0.935735166072845 0.933428943157196 0.933721363544464 0.934109449386597 0.93439906835556 0.933037161827087 0.927951872348785 0.92088657617569 0.930174648761749 0.917441010475159 0.919023752212524 0.923607349395752 0.921193182468414 0.927951872348785 0.933135330677032 0.933867156505585 0.934447228908539 0.936627328395844 0.939234972000122 0.941914200782776 0.943694055080414 0.944646894931793 0.946067750453949 0.947258234024048 0.949338734149933 0.951920211315155 0.946015596389771 0.942214667797089 0.933473765850067 0.928680896759033 0.929766356945038 0.920801520347595 0.915297865867615 0.9053995013237 0.914104580879211
0.943106532096863 0.945219397544861 0.94550359249115 0.94182813167572 0.943106532096863 0.941785037517548 0.939859867095947 0.938422501087189 0.939458847045898 0.938195049762726 0.937045872211456 0.936767101287842 0.935498476028442 0.933428943157196 0.933672726154327 0.934974789619446 0.933915674686432 0.931966543197632 0.923904299736023 0.927386045455933 0.916154563426971 0.925373256206512 0.92088657617569 0.931641578674316 0.935022592544556 0.93415778875351 0.934495329856873 0.935070335865021 0.936860144138336 0.939859867095947 0.943735778331757 0.946227967739105 0.949565052986145 0.952135622501373 0.952599108219147 0.953023135662079 0.952776193618774 0.942684471607208 0.933459997177124 0.922626256942749 0.919109523296356 0.917992353439331 0.90630167722702 0.906834244728088 0.920571982860565 0.90987890958786
0.943022131919861 0.943484902381897 0.941482663154602 0.944974720478058 0.942640900611877 0.941048204898834 0.940873563289642 0.939904272556305 0.938467919826508 0.937092244625092 0.936860144138336 0.935498476028442 0.935687899589539 0.934926986694336 0.930174648761749 0.929348647594452 0.924200236797333 0.923607349395752 0.929900348186493 0.930991768836975 0.92088657617569 0.924200236797333 0.930720388889313 0.933964133262634 0.933575332164764 0.935118019580841 0.936953067779541 0.936065196990967 0.938920199871063 0.942725837230682 0.944605767726898 0.947179615497589 0.949263095855713 0.949489712715149 0.946467399597168 0.943485915660858 0.936348080635071 0.926879167556763 0.921784222126007 0.915983140468597 0.922123551368713 0.925171613693237 0.931178987026215 0.937508165836334 0.940021216869354 0.929796397686005
0.942937612533569 0.941525995731354 0.93972647190094 0.94221442937851 0.941525995731354 0.940478801727295 0.93837708234787 0.940037369728088 0.936999499797821 0.937829434871674 0.939145147800446 0.93764591217041 0.935735166072845 0.933428943157196 0.929624974727631 0.929348647594452 0.92681610584259 0.933477759361267 0.933135330677032 0.924495041370392 0.924200236797333 0.925953507423401 0.934206128120422 0.934350848197937 0.934879183769226 0.934879183769226 0.935876786708832 0.935829639434814 0.939904272556305 0.941396057605743 0.943190813064575 0.944193065166473 0.94435852766037 0.942299962043762 0.942085921764374 0.943316996097565 0.936192035675049 0.930845320224762 0.930082559585571 0.937830567359924 0.946387708187103 0.953408658504486 0.95177698135376 0.95661598443985 0.961515545845032 0.950632095336914
0.941352665424347 0.939948678016663 0.939458847045898 0.93972647190094 0.942385375499725 0.943442940711975 0.942299962043762 0.941091775894165 0.939592778682709 0.940829813480377 0.940346717834473 0.937184810638428 0.934206128120422 0.9314786195755 0.933672726154327 0.92766946554184 0.934447228908539 0.934302628040314 0.934061050415039 0.934735476970673 0.931641578674316 0.918709456920624 0.934447228908539 0.933086276054382 0.930448055267334 0.932128429412842 0.935260891914368 0.938012480735779 0.935735166072845 0.93732351064682 0.938558638095856 0.937783598899841 0.936767101287842 0.936767101287842 0.939055263996124 0.942000150680542 0.947454214096069 0.941091775894165 0.941698789596558 0.947100937366486 0.959151029586792 0.957806169986725 0.956680417060852 0.939976871013641 0.938461244106293 0.930064618587494
0.943526804447174 0.943484902381897 0.943777501583099 0.944193065166473 0.944811046123505 0.945219397544861 0.94182813167572 0.940610647201538 0.942937612533569 0.942128837108612 0.938830018043518 0.935356020927429 0.935260891914368 0.931804239749908 0.93439906835556 0.935451030731201 0.935260891914368 0.935118019580841 0.935022592544556 0.934109449386597 0.933867156505585 0.922710120677948 0.916477859020233 0.918709456920624 0.931804239749908 0.934783399105072 0.934302628040314 0.934879183769226 0.93439906835556 0.937921047210693 0.937369644641876 0.936346828937531 0.939010262489319 0.943190813064575 0.949640274047852 0.951486766338348 0.946307897567749 0.94025844335556 0.941222369670868 0.951305031776428 0.960245311260223 0.957742631435394 0.959366023540497 0.954171538352966 0.946903944015503 0.943352818489075
0.947140336036682 0.945544064044952 0.944729030132294 0.946147918701172 0.945624947547913 0.943694055080414 0.942257225513458 0.942852973937988 0.941785037517548 0.93972647190094 0.938920199871063 0.937737762928009 0.937045872211456 0.935356020927429 0.938149452209473 0.936673939228058 0.936346828937531 0.935545861721039 0.935308516025543 0.934495329856873 0.929348647594452 0.913859367370605 0.916800022125244 0.93415778875351 0.936253070831299 0.936206161975861 0.938467919826508 0.939458847045898 0.935403525829315 0.937045872211456 0.941135346889496 0.944027185440063 0.94772744178772 0.945947349071503 0.948577404022217 0.945544064044952 0.944811046123505 0.941741943359375 0.944564640522003 0.957037270069122 0.957933068275452 0.953929543495178 0.958091139793396 0.961747527122498 0.955549359321594 0.945702433586121
0.947061538696289 0.946347773075104 0.946107864379883 0.946785032749176 0.945746064186096 0.943985641002655 0.941871166229248 0.941569209098816 0.940610647201538 0.939948678016663 0.939637362957001 0.938467919826508 0.938331604003906 0.937369644641876 0.938058197498322 0.937138557434082 0.936720550060272 0.934735476970673 0.934974789619446 0.926242113113403 0.914520859718323 0.914520859718323 0.92478883266449 0.935640573501587 0.937184810638428 0.936206161975861 0.936206161975861 0.939234972000122 0.936393678188324 0.939592778682709 0.943484902381897 0.944933831691742 0.946227967739105 0.941048204898834 0.946267902851105 0.945137977600098 0.943526804447174 0.943106532096863 0.949640274047852 0.95896589756012 0.959732115268707 0.960335195064545 0.963472723960876 0.961631715297699 0.963555634021759 0.950999617576599
0.946824610233307 0.946267902851105 0.946147918701172 0.944770038127899 0.944275856018066 0.942937612533569 0.941396057605743 0.941525995731354 0.942937612533569 0.940214276313782 0.938965260982513 0.939458847045898 0.936813652515411 0.93653392791748 0.936440467834473 0.935498476028442 0.934639513492584 0.925953507423401 0.920270025730133 0.91807746887207 0.923607349395752 0.92681610584259 0.934879183769226 0.935923933982849 0.933915674686432 0.934831321239471 0.937875270843506 0.936999499797821 0.937783598899841 0.937184810638428 0.940214276313782 0.941135346889496 0.939369380474091 0.937875270843506 0.939770996570587 0.939458847045898 0.941914200782776 0.948423862457275 0.955991208553314 0.959274053573608 0.958027958869934 0.958748877048492 0.959151029586792 0.951087117195129 0.947125971317291 0.939764440059662
0.947532415390015 0.947218954563141 0.94550359249115 0.944933831691742 0.943316996097565 0.942852973937988 0.94165563583374 0.941569209098816 0.940081596374512 0.939234972000122 0.938513278961182 0.937184810638428 0.936953067779541 0.935923933982849 0.938467919826508 0.937231063842773 0.934735476970673 0.923904299736023 0.930720388889313 0.927951872348785 0.927101612091064 0.93425440788269 0.935118019580841 0.934447228908539 0.930174648761749 0.936720550060272 0.938603937625885 0.938331604003906 0.936720550060272 0.933867156505585 0.936440467834473 0.937966763973236 0.937231063842773 0.939592778682709 0.942171633243561 0.947218954563141 0.952669978141785 0.95732718706131 0.957359254360199 0.958841979503632 0.95732718706131 0.957806169986725 0.955559372901917 0.958625078201294 0.948192894458771 0.953548312187195
0.946107864379883 0.946027636528015 0.947100937366486 0.944974720478058 0.942470669746399 0.944851994514465 0.943985641002655 0.940829813480377 0.941222369670868 0.941957175731659 0.940302610397339 0.939279794692993 0.940390765666962 0.936393678188324 0.935971081256866 0.93459153175354 0.933037161827087 0.925373256206512 0.932290017604828 0.931804239749908 0.929624974727631 0.933964133262634 0.93415778875351 0.931804239749908 0.933575332164764 0.940081596374512 0.939681947231293 0.940302610397339 0.935165703296661 0.935593247413635 0.942385375499725 0.942000150680542 0.945584535598755 0.949149429798126 0.950238287448883 0.952207207679749 0.953163683414459 0.954205095767975 0.95758330821991 0.959243297576904 0.955725967884064 0.962035596370697 0.96166068315506 0.958217918872833 0.953549027442932 0.950187563896179
0.946387708187103 0.949489712715149 0.947140336036682 0.944974720478058 0.943359017372131 0.945866942405701 0.943568646907806 0.943442940711975 0.943777501583099 0.942852973937988 0.939770996570587 0.93837708234787 0.936487197875977 0.937553942203522 0.935876786708832 0.93425440788269 0.930174648761749 0.932772576808929 0.929624974727631 0.933233320713043 0.932772576808929 0.933672726154327 0.934879183769226 0.934206128120422 0.93653392791748 0.941569209098816 0.94130927324295 0.935593247413635 0.937184810638428 0.939458847045898 0.945463061332703 0.948269844055176 0.949640274047852 0.949977517127991 0.949902772903442 0.947375893592834 0.951232135295868 0.953998565673828 0.958686649799347 0.958311498165131 0.957423388957977 0.958748877048492 0.961282193660736 0.958468914031982 0.956212222576141 0.945285975933075
0.945866942405701 0.950089395046234 0.948038041591644 0.946785032749176 0.946626424789429 0.945260107517242 0.944646894931793 0.944234490394592 0.944151639938354 0.940654575824738 0.939904272556305 0.938240587711334 0.937691867351532 0.936906635761261 0.935735166072845 0.933915674686432 0.933184325695038 0.934879183769226 0.935876786708832 0.936065196990967 0.935829639434814 0.936953067779541 0.936206161975861 0.937691867351532 0.940081596374512 0.940654575824738 0.941135346889496 0.939681947231293 0.944687962532043 0.942555844783783 0.944482266902924 0.945137977600098 0.947179615497589 0.948192715644836 0.948231279850006 0.949602663516998 0.952492475509644 0.954920887947083 0.957037270069122 0.95605731010437 0.954170703887939 0.955925047397614 0.954274535179138 0.952588438987732 0.949941158294678 0.944400012493134
