output/projections/07_HS/Cassia ferruginea.asc
NCOLS 168 
NROWS 144 
XLLCORNER -41.0000000002598 
YLLCORNER -7.99999999976785 
CELLSIZE 0.0416666666664048 
NODATA_value -3.4e+38 
[rows 120 to 139 of 144, columns 0 to 45 of 168]
0.944811046123505 0.944441080093384 0.942895293235779 0.946387708187103 0.945947349071503 0.944399774074554 0.944234490394592 0.943735778331757 0.94386088848114 0.947022140026093 0.946745455265045 0.943944096565247 0.942683339118958 0.946387708187103 0.944729030132294 0.942937612533569 0.947218954563141 0.947844088077545 0.950349628925323 0.949715435504913 0.948959410190582 0.944564640522003 0.948269844055176 0.94937652349472 0.947100937366486 0.948577404022217 0.94670581817627 0.948577404022217 0.953338801860809 0.957230746746063 0.960245311260223 0.960692882537842 0.958342850208282 0.953582882881165 0.950497806072235 0.951377809047699 0.953373730182648 0.95783793926239 0.958248615264893 0.959732115268707 0.964103579521179 0.965096533298492 0.960752248764038 0.965465247631073 0.963830590248108 0.960752248764038
0.949225246906281 0.947415053844452 0.949111461639404 0.944275856018066 0.946107864379883 0.94435852766037 0.946147918701172 0.946982681751251 0.945422530174255 0.945219397544861 0.943442940711975 0.943819224834442 0.945463061332703 0.947179615497589 0.945260107517242 0.944811046123505 0.947844088077545 0.950534760951996 0.949300944805145 0.947921752929688 0.946586728096008 0.947218954563141 0.948500692844391 0.947649478912354 0.949452042579651 0.951159179210663 0.949073493480682 0.949149429798126 0.952882170677185 0.958405554294586 0.959304749965668 0.958655476570129 0.958217203617096 0.955792427062988 0.952599108219147 0.955358684062958 0.955425679683685 0.957710802555084 0.95783793926239 0.959823131561279 0.959913969039917 0.960870563983917 0.95755136013031 0.960988640785217 0.962178885936737 0.964482426643372
0.949187338352203 0.950829565525055 0.947415053844452 0.945746064186096 0.944770038127899 0.945987522602081 0.944974720478058 0.946467399597168 0.945015609264374 0.946347773075104 0.945178687572479 0.945584535598755 0.948154091835022 0.94729745388031 0.950423777103424 0.945705711841583 0.947375893592834 0.949865341186523 0.950866281986237 0.94670581817627 0.950534760951996 0.948269844055176 0.948577404022217 0.946745455265045 0.952171385288239 0.952421307563782 0.95235002040863 0.954410672187805 0.954067528247833 0.952987909317017 0.954136312007904 0.95235002040863 0.953582882881165 0.955925047397614 0.956582605838776 0.957806169986725 0.958185732364655 0.956451833248138 0.956353545188904 0.95871776342392 0.957742631435394 0.960125148296356 0.958530724048615 0.95732718706131 0.957678973674774 0.962264597415924
0.949715435504913 0.947571456432343 0.948076725006104 0.94772744178772 0.944317221641541 0.945987522602081 0.947258234024048 0.946903705596924 0.946546971797943 0.949940145015717 0.949300944805145 0.947415053844452 0.951159179210663 0.947805225849152 0.950423777103424 0.948115408420563 0.947061538696289 0.949452042579651 0.95001482963562 0.949073493480682 0.95046079158783 0.947336733341217 0.951341390609741 0.94670581817627 0.951486766338348 0.950349628925323 0.952669978141785 0.95454728603363 0.957869648933411 0.952811539173126 0.95046079158783 0.955759167671204 0.957037270069122 0.959853410720825 0.963693380355835 0.959427297115326 0.957742631435394 0.963139355182648 0.960988640785217 0.95783793926239 0.958405554294586 0.956156253814697 0.958311498165131 0.962121605873108 0.959243297576904 0.956972599029541
0.947140336036682 0.947375893592834 0.944234490394592 0.947061538696289 0.945381999015808 0.944482266902924 0.949073493480682 0.950534760951996 0.948997497558594 0.948959410190582 0.950756013393402 0.949073493480682 0.950534760951996 0.950312554836273 0.948997497558594 0.949489712715149 0.949565052986145 0.949489712715149 0.950719177722931 0.949677884578705 0.950163900852203 0.948076725006104 0.950902998447418 0.946227967739105 0.948154091835022 0.950792789459229 0.954581379890442 0.958499491214752 0.961135685443878 0.955157160758972 0.94834691286087 0.951232135295868 0.95625501871109 0.958996772766113 0.963445067405701 0.963111460208893 0.965360283851624 0.965778350830078 0.95871776342392 0.960064888000488 0.959549486637115 0.956712961196899 0.955492556095123 0.959762454032898 0.96057403087616 0.956320703029633
0.945705711841583 0.944523453712463 0.944027185440063 0.945826649665833 0.944851994514465 0.944770038127899 0.945907115936279 0.95046079158783 0.947921752929688 0.948806941509247 0.949827909469604 0.951667785644531 0.951086103916168 0.949338734149933 0.948615729808807 0.949527442455292 0.951884269714355 0.950645506381989 0.95235002040863 0.950976312160492 0.948038041591644 0.947649478912354 0.95001482963562 0.948615729808807 0.947571456432343 0.951884269714355 0.955958127975464 0.959974408149719 0.960900127887726 0.954785406589508 0.949865341186523 0.952063918113708 0.954307973384857 0.95638632774353 0.961106300354004 0.964130818843842 0.965778350830078 0.963278651237488 0.958217203617096 0.957647085189819 0.958436906337738 0.959089398384094 0.958342850208282 0.956549942493439 0.95565938949585 0.953860402107239
0.945097208023071 0.94566535949707 0.946666121482849 0.944974720478058 0.945826649665833 0.945786356925964 0.946546971797943 0.948308408260345 0.945178687572479 0.947140336036682 0.949338734149933 0.954410672187805 0.952952682971954 0.94903552532196 0.946586728096008 0.950349628925323 0.95354813337326 0.954513192176819 0.955891907215118 0.955358684062958 0.946267902851105 0.947649478912354 0.951414108276367 0.951667785644531 0.950089395046234 0.952492475509644 0.955592751502991 0.957742631435394 0.959274053573608 0.955190777778625 0.951956212520599 0.955858767032623 0.955925047397614 0.955224394798279 0.958561956882477 0.961399018764496 0.965778350830078 0.965096533298492 0.963555634021759 0.959181845188141 0.959853410720825 0.959335386753082 0.955056071281433 0.956777989864349 0.953860402107239 0.959120213985443
0.946903705596924 0.947100937366486 0.94566535949707 0.945260107517242 0.94550359249115 0.94550359249115 0.946187973022461 0.945300757884979 0.94566535949707 0.946745455265045 0.950349628925323 0.955725967884064 0.957037270069122 0.954954743385315 0.948845088481903 0.948577404022217 0.95170396566391 0.953825831413269 0.95625501871109 0.955325126647949 0.946107864379883 0.949111461639404 0.951595485210419 0.952099740505219 0.952456951141357 0.952987909317017 0.954205095767975 0.955157160758972 0.95638632774353 0.956940233707428 0.957391321659088 0.957004964351654 0.956549942493439 0.955224394798279 0.957455396652222 0.95896589756012 0.962718546390533 0.965778350830078 0.965778350830078 0.959579944610596 0.95783793926239 0.956777989864349 0.953791201114655 0.953478455543518 0.95170396566391 0.962178885936737
0.947649478912354 0.946067750453949 0.945463061332703 0.945178687572479 0.944687962532043 0.944770038127899 0.945746064186096 0.950829565525055 0.949827909469604 0.946467399597168 0.95001482963562 0.952669978141785 0.954136312007904 0.956189215183258 0.953373730182648 0.950126647949219 0.949338734149933 0.952099740505219 0.954649448394775 0.954513192176819 0.949977517127991 0.950386703014374 0.951667785644531 0.953338801860809 0.953964054584503 0.95354813337326 0.953408658504486 0.954444885253906 0.955089747905731 0.955925047397614 0.957615196704865 0.958342850208282 0.958593130111694 0.957004964351654 0.956353545188904 0.959274053573608 0.96057403087616 0.964963912963867 0.962035596370697 0.957166373729706 0.961457312107086 0.958686649799347 0.954615414142609 0.95145046710968 0.952599108219147 0.962690353393555
0.946347773075104 0.946067750453949 0.945624947547913 0.944564640522003 0.944687962532043 0.946187973022461 0.945463061332703 0.951884269714355 0.953093469142914 0.948806941509247 0.950792789459229 0.95068234205246 0.950719177722931 0.954033076763153 0.956156253814697 0.953894972801208 0.948269844055176 0.950939655303955 0.953652441501617 0.954479038715363 0.952028036117554 0.949827909469604 0.951776146888733 0.953478455543518 0.953894972801208 0.955891907215118 0.95605731010437 0.95562607049942 0.955559372901917 0.957166373729706 0.956123292446136 0.957166373729706 0.959488451480865 0.959549486637115 0.957806169986725 0.957423388957977 0.958436906337738 0.958405554294586 0.961282193660736 0.95951896905899 0.963111460208893 0.961689651012421 0.956189215183258 0.955858767032623 0.961544573307037 0.958655476570129
0.946227967739105 0.947844088077545 0.947805225849152 0.944851994514465 0.94435852766037 0.945219397544861 0.947688460350037 0.951992094516754 0.953093469142914 0.953373730182648 0.950829565525055 0.951377809047699 0.948768734931946 0.952456951141357 0.955492556095123 0.956451833248138 0.951559245586395 0.948539078235626 0.953128576278687 0.955492556095123 0.954067528247833 0.949149429798126 0.950902998447418 0.952740848064423 0.954307973384857 0.957101881504059 0.959701716899872 0.959671318531036 0.953582882881165 0.956090331077576 0.949827909469604 0.956156253814697 0.958810985088348 0.960034728050232 0.961515545845032 0.958872973918915 0.956940233707428 0.956123292446136 0.957806169986725 0.957004964351654 0.956353545188904 0.960064888000488 0.958468198776245 0.958748877048492 0.963445067405701 0.958934962749481
0.947844088077545 0.948883235454559 0.94550359249115 0.944399774074554 0.944482266902924 0.948997497558594 0.953023135662079 0.954581379890442 0.952987909317017 0.951812207698822 0.951595485210419 0.950608611106873 0.949111461639404 0.951341390609741 0.953929543495178 0.956451833248138 0.955759167671204 0.948730528354645 0.952740848064423 0.956287860870361 0.956549942493439 0.948653995990753 0.950126647949219 0.952278673648834 0.954205095767975 0.957487404346466 0.960365116596222 0.961805284023285 0.953721880912781 0.953998565673828 0.951232135295868 0.953338801860809 0.956940233707428 0.958686649799347 0.959488451480865 0.958217203617096 0.960095047950745 0.958934962749481 0.956451833248138 0.953860402107239 0.954819321632385 0.956745505332947 0.95758330821991 0.960305273532867 0.961978137493134 0.962831199169159
0.947688460350037 0.946785032749176 0.945866942405701 0.944687962532043 0.944892942905426 0.945422530174255 0.950312554836273 0.954920887947083 0.955258011817932 0.953373730182648 0.94937652349472 0.950645506381989 0.950201094150543 0.950497806072235 0.952528059482574 0.955891907215118 0.957134127616882 0.952705442905426 0.95145046710968 0.956745505332947 0.957964718341827 0.948038041591644 0.948192715644836 0.950497806072235 0.953825831413269 0.957455396652222 0.960752248764038 0.960663199424744 0.956842958927155 0.954853177070618 0.953443586826324 0.949902772903442 0.952599108219147 0.953443586826324 0.951341390609741 0.955123484134674 0.96107691526413 0.960125148296356 0.958436906337738 0.955891907215118 0.953687131404877 0.955392181873322 0.957391321659088 0.961369872093201 0.959457874298096 0.958311498165131
0.946427524089813 0.946546971797943 0.946267902851105 0.947022140026093 0.945705711841583 0.944399774074554 0.946982681751251 0.952385723590851 0.954444885253906 0.956777989864349 0.953929543495178 0.950866281986237 0.949149429798126 0.948539078235626 0.951776146888733 0.955525994300842 0.95758330821991 0.957615196704865 0.951377809047699 0.956287860870361 0.957295060157776 0.948539078235626 0.948921322822571 0.951486766338348 0.954239428043365 0.957134127616882 0.959913969039917 0.96107691526413 0.957901358604431 0.955089747905731 0.953860402107239 0.951195657253265 0.953513264656067 0.952135622501373 0.950939655303955 0.949902772903442 0.955358684062958 0.958810985088348 0.959274053573608 0.958530724048615 0.956940233707428 0.953894972801208 0.958530724048615 0.961165010929108 0.959610462188721 0.955190777778625
0.948231279850006 0.946107864379883 0.947415053844452 0.94838535785675 0.945463061332703 0.945381999015808 0.949677884578705 0.946387708187103 0.952278673648834 0.955891907215118 0.956940233707428 0.954717457294464 0.950792789459229 0.950386703014374 0.952135622501373 0.950238287448883 0.957101881504059 0.958748877048492 0.953198730945587 0.952171385288239 0.956024289131165 0.95046079158783 0.950238287448883 0.950608611106873 0.951159179210663 0.954479038715363 0.960064888000488 0.958059549331665 0.958280086517334 0.955291628837585 0.952952682971954 0.952385723590851 0.953964054584503 0.951956212520599 0.95170396566391 0.951631665229797 0.953128576278687 0.95126861333847 0.955190777778625 0.959089398384094 0.960900127887726 0.957423388957977 0.956123292446136 0.957295060157776 0.955958127975464 0.954273700714111
0.946507215499878 0.947375893592834 0.94694322347641 0.94550359249115 0.94670581817627 0.948500692844391 0.94761049747467 0.945705711841583 0.953478455543518 0.955891907215118 0.955858767032623 0.949865341186523 0.955258011817932 0.954273700714111 0.951195657253265 0.95001482963562 0.950089395046234 0.953652441501617 0.957166373729706 0.954853177070618 0.953652441501617 0.952278673648834 0.951920211315155 0.949489712715149 0.94670581817627 0.949677884578705 0.958122670650482 0.958934962749481 0.956090331077576 0.955224394798279 0.954273700714111 0.952634572982788 0.953791201114655 0.951631665229797 0.951086103916168 0.951159179210663 0.950312554836273 0.950126647949219 0.95068234205246 0.955392181873322 0.960988640785217 0.958655476570129 0.957742631435394 0.956582605838776 0.955258011817932 0.955358684062958
0.947336733341217 0.947061538696289 0.946824610233307 0.945826649665833 0.946586728096008 0.945705711841583 0.944646894931793 0.947179615497589 0.954954743385315 0.954819321632385 0.953373730182648 0.950386703014374 0.952028036117554 0.952456951141357 0.953825831413269 0.950792789459229 0.948423862457275 0.950349628925323 0.953825831413269 0.955022275447845 0.954410672187805 0.954785406589508 0.952385723590851 0.950534760951996 0.948038041591644 0.947882950305939 0.953373730182648 0.959701716899872 0.955725967884064 0.953513264656067 0.952634572982788 0.952811539173126 0.952421307563782 0.950792789459229 0.951776146888733 0.951920211315155 0.951414108276367 0.952063918113708 0.951377809047699 0.951523005962372 0.954649448394775 0.957295060157776 0.95755136013031 0.955525994300842 0.953198730945587 0.952563583850861
0.945705711841583 0.945300757884979 0.946387708187103 0.946785032749176 0.947493314743042 0.944523453712463 0.945137977600098 0.947022140026093 0.952242910861969 0.951740086078644 0.95170396566391 0.954513192176819 0.953093469142914 0.950792789459229 0.950939655303955 0.951414108276367 0.948653995990753 0.948730528354645 0.948154091835022 0.953964054584503 0.954376459121704 0.953860402107239 0.952740848064423 0.951159179210663 0.949414312839508 0.948577404022217 0.949187338352203 0.952705442905426 0.954751431941986 0.952811539173126 0.954101920127869 0.95454728603363 0.952882170677185 0.950534760951996 0.950756013393402 0.951122641563416 0.951122641563416 0.951232135295868 0.95145046710968 0.950312554836273 0.955258011817932 0.954819321632385 0.955459117889404 0.954683482646942 0.954376459121704 0.953303813934326
0.946067750453949 0.946107864379883 0.947022140026093 0.946666121482849 0.948308408260345 0.945260107517242 0.945866942405701 0.948615729808807 0.952278673648834 0.953756511211395 0.95454728603363 0.95565938949585 0.951956212520599 0.952421307563782 0.951195657253265 0.949602663516998 0.949073493480682 0.947375893592834 0.948038041591644 0.953058302402496 0.952811539173126 0.954101920127869 0.953582882881165 0.952421307563782 0.951049566268921 0.948500692844391 0.948462247848511 0.949149429798126 0.952207207679749 0.952846884727478 0.953233778476715 0.953198730945587 0.954033076763153 0.952242910861969 0.95046079158783 0.952811539173126 0.950902998447418 0.951232135295868 0.951377809047699 0.950756013393402 0.952776193618774 0.95046079158783 0.954785406589508 0.955056071281433 0.952207207679749 0.953093469142914
0.945826649665833 0.94729745388031 0.946467399597168 0.946307897567749 0.947493314743042 0.945947349071503 0.947844088077545 0.949565052986145 0.948845088481903 0.951122641563416 0.948768734931946 0.951486766338348 0.950608611106873 0.953093469142914 0.951920211315155 0.949338734149933 0.949602663516998 0.946903705596924 0.950201094150543 0.952028036117554 0.949640274047852 0.950902998447418 0.952882170677185 0.952987909317017 0.951232135295868 0.948192715644836 0.94838535785675 0.950976312160492 0.951848208904266 0.949073493480682 0.951012909412384 0.953303813934326 0.953093469142914 0.952882170677185 0.950089395046234 0.949715435504913 0.951341390609741 0.951122641563416 0.949677884578705 0.949940145015717 0.954033076763153 0.950386703014374 0.952171385288239 0.955425679683685 0.950386703014374 0.951341390609741
