output/projections/07_HS/Cassia ferruginea.asc
NCOLS 168 
NROWS 144 
XLLCORNER -41.0000000002598 
YLLCORNER -7.99999999976785 
CELLSIZE 0.0416666666664048 
NODATA_value -3.4e+38 
[rows 80 to 99 of 144, columns 46 to 91 of 168]
0.82273942232132 0.827614426612854 0.798360109329224 0.811954140663147 0.809021830558777 0.789797008037567 0.810112297534943 0.793813288211823 0.800422132015228 0.789929032325745 0.78862190246582 0.778718709945679 0.770530164241791 0.75618976354599 0.760080814361572 0.741352379322052 0.745549559593201 0.761313915252686 0.686925828456879 0.674284338951111 0.716868996620178 0.721945703029633 0.705664396286011 0.679783463478088 0.664544999599457 0.715603590011597 0.741201639175415 0.738478720188141 0.727134048938751 0.72884601354599 0.718461513519287 0.701896011829376 0.679954528808594 0.700413882732391 0.685910761356354 0.655090987682343 0.639333665370941 0.620804011821747 0.590307176113129 0.608331620693207 0.616539478302002 0.617839336395264 0.584974706172943 0.582018435001373 0.614152371883392 0.590073883533478
0.831569075584412 0.83700156211853 0.823540329933167 0.820319592952728 0.830178141593933 0.821596920490265 0.805352330207825 0.8028764128685 0.812638223171234 0.803542375564575 0.79252552986145 0.780743479728699 0.783822178840637 0.77191686630249 0.738023102283478 0.760510504245758 0.760885179042816 0.722733855247498 0.682344198226929 0.67480194568634 0.691768646240234 0.717028498649597 0.723834931850433 0.691601037979126 0.705897152423859 0.682305812835693 0.742105185985565 0.738326907157898 0.727134048938751 0.731941282749176 0.720523536205292 0.684215128421783 0.661362409591675 0.661714375019073 0.672015130519867 0.673917770385742 0.65969330072403 0.61821037530899 0.582492113113403 0.612630069255829 0.617096781730652 0.615981876850128 0.588024377822876 0.573790788650513 0.589053630828857 0.629728496074677
0.840745627880096 0.846039354801178 0.823768675327301 0.828240871429443 0.842396438121796 0.830510318279266 0.81588214635849 0.818698763847351 0.81501978635788 0.800422132015228 0.804409384727478 0.793943464756012 0.780339598655701 0.76815927028656 0.773297607898712 0.768853783607483 0.722576320171356 0.70320987701416 0.702553331851959 0.676524221897125 0.688744008541107 0.725728392601013 0.74304723739624 0.69610857963562 0.703935384750366 0.697673439979553 0.742856562137604 0.727289974689484 0.724788784980774 0.730860471725464 0.705337822437286 0.686756730079651 0.685402572154999 0.652065932750702 0.652778804302216 0.638427078723907 0.620804011821747 0.587833940982819 0.603264153003693 0.634061634540558 0.614493548870087 0.633331894874573 0.606082201004028 0.577910006046295 0.596178829669952 0.621090054512024
0.86034768819809 0.858013331890106 0.829578340053558 0.843462646007538 0.840824961662292 0.82917857170105 0.819978415966034 0.822401881217957 0.81572961807251 0.788883805274963 0.784531950950623 0.792266964912415 0.795737743377686 0.789885222911835 0.76378732919693 0.716070771217346 0.726978123188019 0.73669445514679 0.725716233253479 0.693608939647675 0.687225639820099 0.719743847846985 0.753516495227814 0.713507175445557 0.722588539123535 0.697839200496674 0.743756294250488 0.730705857276917 0.711575388908386 0.713507175445557 0.716070771217346 0.703537821769714 0.672015130519867 0.668367087841034 0.657395839691162 0.642769753932953 0.618581295013428 0.602135002613068 0.629490792751312 0.630589962005615 0.633696854114532 0.635701298713684 0.604392230510712 0.588159620761871 0.625665545463562 0.646602690219879
0.872107684612274 0.863897562026978 0.846039354801178 0.846346259117126 0.840087234973907 0.828955829143524 0.819630146026611 0.811679065227509 0.813950955867767 0.796885013580322 0.775998294353485 0.764075458049774 0.770391166210175 0.765202343463898 0.726822078227997 0.719902396202087 0.75502872467041 0.770942270755768 0.727121949195862 0.692605912685394 0.70311576128006 0.71704089641571 0.755899906158447 0.759794056415558 0.746443092823029 0.700648963451385 0.743006646633148 0.746889114379883 0.715910911560059 0.713667809963226 0.699423432350159 0.701402425765991 0.689623773097992 0.677877604961395 0.663037657737732 0.619322776794434 0.60551917552948 0.621944427490234 0.631139039993286 0.644359767436981 0.650459408760071 0.637701034545898 0.610763311386108 0.605280160903931 0.631837546825409 0.65410852432251
0.865643799304962 0.846958518028259 0.844600677490234 0.839028596878052 0.829623401165009 0.819630146026611 0.811438679695129 0.798784971237183 0.789668083190918 0.796120703220367 0.772884011268616 0.75502872467041 0.740598142147064 0.734359860420227 0.759794056415558 0.715763509273529 0.770807981491089 0.77218896150589 0.734707832336426 0.694276630878448 0.717519044876099 0.717837512493134 0.745308101177216 0.771501481533051 0.779167413711548 0.726509869098663 0.72900128364563 0.724318206310272 0.732711613178253 0.717665910720825 0.703865587711334 0.69147115945816 0.676503121852875 0.65969330072403 0.633879244327545 0.632236123085022 0.623052597045898 0.642917633056641 0.646518051624298 0.647953629493713 0.67062783241272 0.662862002849579 0.617839336395264 0.596353471279144 0.63530433177948 0.661538422107697
0.866373360157013 0.856667578220367 0.837108790874481 0.828732848167419 0.831503629684448 0.822057247161865 0.812877416610718 0.791230261325836 0.789929032325745 0.78221982717514 0.769555985927582 0.750052630901337 0.755754828453064 0.752402722835541 0.75210976600647 0.74828040599823 0.772193491458893 0.753224492073059 0.736541986465454 0.705080687999725 0.731127798557281 0.759224534034729 0.757640600204468 0.793814897537231 0.787132918834686 0.781592011451721 0.733326852321625 0.710283279418945 0.735320091247559 0.719414353370667 0.710860967636108 0.700945556163788 0.665141463279724 0.614865839481354 0.627288460731506 0.647415578365326 0.642014980316162 0.659423470497131 0.68268483877182 0.692141473293304 0.680788099765778 0.647448003292084 0.600153267383575 0.585737764835358 0.597985506057739 0.642195582389832
0.867009043693542 0.856377840042114 0.849688827991486 0.842604994773865 0.821596920490265 0.806948959827423 0.81215912103653 0.802423357963562 0.794585645198822 0.783155560493469 0.769277095794678 0.747835993766785 0.761658430099487 0.781012415885925 0.742012083530426 0.83117938041687 0.786077499389648 0.759219825267792 0.782529652118683 0.722588539123535 0.714803159236908 0.746053338050842 0.753138840198517 0.813593685626984 0.826801836490631 0.794414162635803 0.734860956668854 0.721787869930267 0.691303491592407 0.673917770385742 0.679933488368988 0.646730065345764 0.620248794555664 0.611510396003723 0.62636923789978 0.650638103485107 0.647774338722229 0.642376124858856 0.670280516147614 0.669933021068573 0.656332969665527 0.637519419193268 0.637701034545898 0.617282450199127 0.582683205604553 0.618426978588104
0.857437908649445 0.846652626991272 0.83785754442215 0.826715588569641 0.818698763847351 0.816589415073395 0.835322558879852 0.81936377286911 0.803666412830353 0.809065580368042 0.778989493846893 0.764075458049774 0.769233107566833 0.789145469665527 0.750940501689911 0.896573066711426 0.809429585933685 0.804285705089569 0.809673368930817 0.719585299491882 0.756049633026123 0.791619479656219 0.768255054950714 0.824003279209137 0.81339818239212 0.765771329402924 0.802673935890198 0.784396350383759 0.731620788574219 0.700945556163788 0.68147087097168 0.64186692237854 0.637519419193268 0.633879244327545 0.624712407588959 0.683875381946564 0.665223956108093 0.673420667648315 0.680638253688812 0.696773171424866 0.713920474052429 0.673399448394775 0.659163773059845 0.63806414604187 0.602887868881226 0.620464980602264
0.865552365779877 0.848884046077728 0.833759188652039 0.847873091697693 0.849588453769684 0.842917442321777 0.835862398147583 0.828292608261108 0.806502997875214 0.778854131698608 0.789798617362976 0.778854131698608 0.77034729719162 0.767835021018982 0.810630559921265 0.909426748752594 0.82873922586441 0.857135593891144 0.782797038555145 0.739388406276703 0.731436669826508 0.764783084392548 0.758505463600159 0.786254048347473 0.813593685626984 0.833918511867523 0.815890312194824 0.806504487991333 0.773293137550354 0.73515522480011 0.702918767929077 0.65934032201767 0.654202580451965 0.653313040733337 0.644359767436981 0.675319135189056 0.673420667648315 0.719109296798706 0.746740520000458 0.739580810070038 0.728523135185242 0.697474360466003 0.678220748901367 0.649565458297729 0.621759653091431 0.668018579483032
0.852764010429382 0.852862656116486 0.856087625026703 0.860578954219818 0.843229413032532 0.831393480300903 0.838646709918976 0.805396735668182 0.792783915996552 0.788752913475037 0.786913692951202 0.793428719043732 0.783600509166718 0.777271151542664 0.885198831558228 0.906217098236084 0.81819760799408 0.818239748477936 0.77821934223175 0.741503059864044 0.74828040599823 0.768439114093781 0.760515213012695 0.785989761352539 0.792266964912415 0.805275022983551 0.778761446475983 0.750291109085083 0.756858468055725 0.750478148460388 0.692643642425537 0.689960122108459 0.692643642425537 0.681321203708649 0.68336546421051 0.688744008541107 0.723690032958984 0.741352379322052 0.766752064228058 0.757436513900757 0.726653873920441 0.693312525749207 0.67598694562912 0.653846859931946 0.642737150192261 0.693813621997833
0.863805115222931 0.86297082901001 0.867912650108337 0.863383948802948 0.841874003410339 0.830178141593933 0.825480043888092 0.818664789199829 0.803418278694153 0.807726502418518 0.78953754901886 0.799037516117096 0.797391831874847 0.790708899497986 0.894154846668243 0.88910448551178 0.863291203975677 0.839819192886353 0.771085560321808 0.776177942752838 0.752987861633301 0.765630304813385 0.775177538394928 0.798280775547028 0.79929131269455 0.807116985321045 0.780112624168396 0.772879481315613 0.740940809249878 0.721945703029633 0.714950859546661 0.74304723739624 0.709404945373535 0.699092864990234 0.719731509685516 0.693942904472351 0.728068709373474 0.75307834148407 0.738368034362793 0.74063903093338 0.726653873920441 0.726497709751129 0.712151527404785 0.653135001659393 0.665748834609985 0.691973984241486
0.871668756008148 0.884918630123138 0.869704246520996 0.85029011964798 0.844058752059937 0.828955829143524 0.847137093544006 0.826947093009949 0.816319584846497 0.82190877199173 0.807482302188873 0.799667775630951 0.798405766487122 0.803125083446503 0.911513328552246 0.940830051898956 0.931891560554504 0.806504487991333 0.782621204853058 0.801801145076752 0.770113050937653 0.780474305152893 0.780608892440796 0.804658114910126 0.797350704669952 0.783730983734131 0.770247578620911 0.736541986465454 0.730705857276917 0.72884601354599 0.749111294746399 0.772327184677124 0.73791229724884 0.731787025928497 0.735931515693665 0.731324017047882 0.753808319568634 0.739580810070038 0.741995453834534 0.739277958869934 0.728833913803101 0.693145334720612 0.685572028160095 0.678584694862366 0.704847574234009 0.666448056697845
0.887808263301849 0.886983335018158 0.867642104625702 0.870945990085602 0.850490093231201 0.847263872623444 0.856580972671509 0.83917772769928 0.826384007930756 0.834679067134857 0.809429585933685 0.800673127174377 0.807926535606384 0.840640366077423 0.94642847776413 0.95354813337326 0.921081304550171 0.812920570373535 0.806134760379791 0.812681376934052 0.78862190246582 0.83359169960022 0.828036308288574 0.821720063686371 0.800004482269287 0.782663404941559 0.761225461959839 0.760796666145325 0.7629354596138 0.7629354596138 0.777812123298645 0.772603452205658 0.755554437637329 0.739691197872162 0.769830048084259 0.757147610187531 0.759308695793152 0.740034639835358 0.725559771060944 0.7241490483284 0.717187941074371 0.695110082626343 0.705080687999725 0.775357663631439 0.701731503009796 0.685533821582794
0.896511554718018 0.889209628105164 0.885875582695007 0.87727564573288 0.8583003282547 0.859253525733948 0.855126559734344 0.848455488681793 0.84065717458725 0.832608163356781 0.815493226051331 0.823203980922699 0.832492351531982 0.828397929668427 0.910037279129028 0.928084433078766 0.859524786472321 0.822941780090332 0.832169592380524 0.806257545948029 0.798784971237183 0.847137093544006 0.87064117193222 0.809067070484161 0.777676284313202 0.770807981491089 0.789232313632965 0.789754748344421 0.789885222911835 0.796077847480774 0.797350704669952 0.785060167312622 0.747334599494934 0.756624221801758 0.782797038555145 0.77631002664566 0.757580876350403 0.751320421695709 0.736389458179474 0.735625922679901 0.729776918888092 0.718950510025024 0.787264585494995 0.765484631061554 0.702951669692993 0.709324538707733
0.902603268623352 0.902118563652039 0.893919825553894 0.88069075345993 0.878119289875031 0.85849142074585 0.872440338134766 0.860871255397797 0.852453529834747 0.828292608261108 0.824458718299866 0.832053482532501 0.881032824516296 0.845526814460754 0.941222608089447 0.901634216308594 0.902743875980377 0.848496437072754 0.831509947776794 0.812039196491241 0.844410717487335 0.823627829551697 0.807970523834229 0.83173006772995 0.802796900272369 0.885716617107391 0.911805868148804 0.815890312194824 0.817771732807159 0.816127777099609 0.784130394458771 0.77821934223175 0.759076118469238 0.773435354232788 0.793127596378326 0.785987019538879 0.765766680240631 0.768574297428131 0.751320421695709 0.767734527587891 0.749111294746399 0.721800148487091 0.757491528987885 0.729424893856049 0.750940501689911 0.784795880317688
0.916320383548737 0.924895465373993 0.905264794826508 0.885278701782227 0.895327568054199 0.868002712726593 0.873573064804077 0.861809909343719 0.851462244987488 0.826947093009949 0.830399632453918 0.859253525733948 0.857917606830597 0.896059155464172 0.956189215183258 0.954377293586731 0.895584762096405 0.846158027648926 0.829851806163788 0.836508333683014 0.847889244556427 0.814426600933075 0.853453457355499 0.919401228427887 0.934687793254852 0.951884269714355 0.945826888084412 0.854810237884521 0.879229366779327 0.828969955444336 0.79492712020874 0.775631368160248 0.76815927028656 0.798660159111023 0.80490505695343 0.817420125007629 0.794670760631561 0.785987019538879 0.769412040710449 0.750879645347595 0.741804242134094 0.735278725624084 0.741409838199615 0.81693559885025 0.899553239345551 0.922517716884613
0.908618867397308 0.911068558692932 0.914754688739777 0.898879528045654 0.908123672008514 0.880785465240479 0.86840295791626 0.859453201293945 0.838753044605255 0.822172164916992 0.837964296340942 0.876086056232452 0.851277649402618 0.948577404022217 0.956189215183258 0.953860402107239 0.953409492969513 0.923064053058624 0.882001340389252 0.844307482242584 0.83128958940506 0.812877416610718 0.819630146026611 0.846448421478271 0.897152066230774 0.94690465927124 0.943191945552826 0.954920887947083 0.923225104808807 0.832137644290924 0.818239748477936 0.809550762176514 0.798027515411377 0.811121046543121 0.814706802368164 0.819986462593079 0.809673368930817 0.780920445919037 0.774672448635101 0.782128155231476 0.756913542747498 0.767739117145538 0.775724947452545 0.787045478820801 0.849085569381714 0.915790796279907
0.901872575283051 0.900261163711548 0.920270502567291 0.905025899410248 0.909556150436401 0.891320705413818 0.878102362155914 0.861059367656708 0.834564387798309 0.840719759464264 0.855019211769104 0.894822418689728 0.893244504928589 0.951848208904266 0.949073493480682 0.956615209579468 0.941742181777954 0.927874326705933 0.871250510215759 0.854810237884521 0.842959642410278 0.834889650344849 0.844368875026703 0.848984837532043 0.854531407356262 0.868380546569824 0.933721661567688 0.954444885253906 0.958217203617096 0.904523253440857 0.837586462497711 0.82087105512619 0.821678578853607 0.816201746463776 0.841182827949524 0.843899667263031 0.819754362106323 0.808215796947479 0.79338538646698 0.795311212539673 0.778761446475983 0.778083682060242 0.771501481533051 0.769277095794678 0.785150945186615 0.815772235393524
0.887898743152618 0.899695217609406 0.925980091094971 0.898950934410095 0.915297865867615 0.898237347602844 0.885409712791443 0.862556993961334 0.831173062324524 0.85868227481842 0.865552365779877 0.86034768819809 0.946027636528015 0.951992094516754 0.952705442905426 0.955725967884064 0.949490606784821 0.92222261428833 0.872440338134766 0.881919503211975 0.852848470211029 0.847340524196625 0.845911800861359 0.852774083614349 0.846856594085693 0.911386430263519 0.935717940330505 0.934346973896027 0.932980835437775 0.856653690338135 0.83683055639267 0.849463224411011 0.840235590934753 0.843748152256012 0.916928589344025 0.852987051010132 0.836052775382996 0.808215796947479 0.792869567871094 0.781994223594666 0.779977738857269 0.776723623275757 0.776859879493713 0.776041388511658 0.784130394458771 0.786383390426636
