output/projections/07_HS/Cassia ferruginea.asc
NCOLS 168 
NROWS 144 
XLLCORNER -41.0000000002598 
YLLCORNER -7.99999999976785 
CELLSIZE 0.0416666666664048 
NODATA_value -3.4e+38 
[rows 60 to 79 of 144, columns 92 to 137 of 168]
0.726965963840485 0.713599324226379 0.713277995586395 0.712795555591583 0.738823235034943 -3.4e+38 -3.4e+38 -3.4e+38 -3.4e+38 -3.4e+38 -3.4e+38 -3.4e+38 -3.4e+38 -3.4e+38 -3.4e+38 -3.4e+38 -3.4e+38 -3.4e+38 -3.4e+38 -3.4e+38 -3.4e+38 -3.4e+38 -3.4e+38 -3.4e+38 -3.4e+38 -3.4e+38 -3.4e+38 -3.4e+38 -3.4e+38 -3.4e+38 -3.4e+38 -3.4e+38 -3.4e+38 -3.4e+38 -3.4e+38 -3.4e+38 -3.4e+38 -3.4e+38 -3.4e+38 -3.4e+38 -3.4e+38 -3.4e+38 -3.4e+38 -3.4e+38 -3.4e+38 -3.4e+38
0.710214376449585 0.710214376449585 0.709890723228455 0.709890723228455 0.722733855247498 0.747927725315094 -3.4e+38 -3.4e+38 -3.4e+38 -3.4e+38 -3.4e+38 -3.4e+38 -3.4e+38 -3.4e+38 -3.4e+38 -3.4e+38 -3.4e+38 -3.4e+38 -3.4e+38 -3.4e+38 -3.4e+38 -3.4e+38 -3.4e+38 -3.4e+38 -3.4e+38 -3.4e+38 -3.4e+38 -3.4e+38 -3.4e+38 -3.4e+38 -3.4e+38 -3.4e+38 -3.4e+38 -3.4e+38 -3.4e+38 -3.4e+38 -3.4e+38 -3.4e+38 -3.4e+38 -3.4e+38 -3.4e+38 -3.4e+38 -3.4e+38 -3.4e+38 -3.4e+38 -3.4e+38
0.707131445407867 0.706968665122986 0.692643642425537 0.692643642425537 0.691973984241486 0.691806435585022 0.705990791320801 0.705501139163971 -3.4e+38 -3.4e+38 -3.4e+38 -3.4e+38 -3.4e+38 -3.4e+38 -3.4e+38 -3.4e+38 -3.4e+38 -3.4e+38 -3.4e+38 -3.4e+38 -3.4e+38 -3.4e+38 -3.4e+38 -3.4e+38 -3.4e+38 -3.4e+38 -3.4e+38 -3.4e+38 -3.4e+38 -3.4e+38 -3.4e+38 -3.4e+38 -3.4e+38 -3.4e+38 -3.4e+38 -3.4e+38 -3.4e+38 -3.4e+38 -3.4e+38 -3.4e+38 -3.4e+38 -3.4e+38 -3.4e+38 -3.4e+38 -3.4e+38 -3.4e+38
0.703701734542847 0.689623773097992 0.6891188621521 0.688782036304474 0.688276410102844 0.674090504646301 0.68810772895813 0.687939047813416 0.687939047813416 0.673226594924927 0.687432646751404 -3.4e+38 -3.4e+38 -3.4e+38 -3.4e+38 -3.4e+38 -3.4e+38 -3.4e+38 -3.4e+38 -3.4e+38 -3.4e+38 -3.4e+38 -3.4e+38 -3.4e+38 -3.4e+38 -3.4e+38 -3.4e+38 -3.4e+38 -3.4e+38 -3.4e+38 -3.4e+38 -3.4e+38 -3.4e+38 -3.4e+38 -3.4e+38 -3.4e+38 -3.4e+38 -3.4e+38 -3.4e+38 -3.4e+38 -3.4e+38 -3.4e+38 -3.4e+38 -3.4e+38 -3.4e+38 -3.4e+38
0.686080098152161 0.685572028160095 0.685572028160095 0.685572028160095 0.68489396572113 0.6847243309021 0.684554636478424 0.669933021068573 0.669411480426788 0.683705449104309 0.68353545665741 0.66906350851059 0.68353545665741 0.710929751396179 -3.4e+38 -3.4e+38 -3.4e+38 -3.4e+38 -3.4e+38 -3.4e+38 -3.4e+38 -3.4e+38 -3.4e+38 -3.4e+38 -3.4e+38 -3.4e+38 -3.4e+38 -3.4e+38 -3.4e+38 -3.4e+38 -3.4e+38 -3.4e+38 -3.4e+38 -3.4e+38 -3.4e+38 -3.4e+38 -3.4e+38 -3.4e+38 -3.4e+38 -3.4e+38 -3.4e+38 -3.4e+38 -3.4e+38 -3.4e+38 -3.4e+38 -3.4e+38
0.682344198226929 0.682003438472748 0.681662440299988 0.681491851806641 0.666622698307037 0.666273295879364 0.680809080600739 0.666098535060883 0.665923714637756 0.66557389497757 0.66557389497757 0.665398955345154 0.679783463478088 0.649565458297729 0.664873778820038 0.678927481174469 -3.4e+38 -3.4e+38 -3.4e+38 -3.4e+38 -3.4e+38 -3.4e+38 -3.4e+38 -3.4e+38 -3.4e+38 -3.4e+38 -3.4e+38 -3.4e+38 -3.4e+38 -3.4e+38 -3.4e+38 -3.4e+38 -3.4e+38 -3.4e+38 -3.4e+38 0.658633887767792 0.660046100616455 0.661103427410126 0.64726859331131 0.648881793022156 0.665316522121429 0.709242880344391 0.65370112657547 0.669851124286652 0.657073736190796 0.673490881919861
0.677555322647095 0.677727043628693 0.677727043628693 0.662944734096527 0.662769138813019 0.662593424320221 0.66224193572998 0.662066102027893 0.661538422107697 0.661714375019073 0.661538422107697 0.661186337471008 0.661186337471008 0.645619511604309 0.645619511604309 0.675146758556366 0.703443765640259 0.660305500030518 -3.4e+38 -3.4e+38 -3.4e+38 -3.4e+38 -3.4e+38 -3.4e+38 -3.4e+38 -3.4e+38 -3.4e+38 -3.4e+38 -3.4e+38 -3.4e+38 -3.4e+38 -3.4e+38 -3.4e+38 -3.4e+38 0.638971149921417 0.655090987682343 0.641505539417267 0.642769753932953 0.644212126731873 0.64547210931778 0.647448003292084 0.649060845375061 0.650848984718323 0.652810990810394 0.670024931430817 0.672972142696381
0.657479226589203 0.65730220079422 0.65730220079422 0.672901928424835 0.65836364030838 0.658186852931976 0.658010005950928 0.658010005950928 0.657656192779541 0.657479226589203 0.65730220079422 0.642195582389832 0.656770944595337 0.641834318637848 0.64147287607193 0.641653597354889 0.641292095184326 0.640930414199829 0.655884563922882 0.656416475772858 0.656061887741089 0.656239211559296 0.655884563922882 0.671169698238373 -3.4e+38 -3.4e+38 -3.4e+38 -3.4e+38 -3.4e+38 -3.4e+38 -3.4e+38 -3.4e+38 0.6475949883461 0.649028539657593 0.650280714035034 0.636065244674683 0.637701034545898 0.639152407646179 0.625234127044678 0.642589271068573 0.628909945487976 0.631108283996582 0.64870274066925 0.651206076145172 0.65370112657547 0.656364977359772
0.640025556087494 0.636396169662476 0.633481442928314 0.63675981760025 0.638212859630585 0.638394296169281 0.638757109642029 0.638394296169281 0.638212859630585 0.637849807739258 0.638212859630585 0.638031363487244 0.637849807739258 0.637123346328735 0.636941611766815 0.637305021286011 0.621389925479889 0.63675981760025 0.636396169662476 0.621020019054413 0.621020019054413 0.636578023433685 0.620649993419647 0.637123346328735 0.65214991569519 0.65268462896347 0.637849807739258 -3.4e+38 0.654286324977875 0.624528110027313 0.609641671180725 0.626737058162689 0.628023147583008 0.629307448863983 0.63077300786972 0.632236123085022 0.633879244327545 0.619878470897675 0.622282981872559 0.623944103717804 0.626706182956696 0.628909945487976 0.631657063961029 0.634760200977325 0.63803368806839 0.655833005905151
0.636032402515411 0.61601310968399 0.608709454536438 0.595163345336914 0.58701080083847 0.617313623428345 0.618612408638 0.618426978588104 0.634028732776642 0.634028732776642 0.633481442928314 0.633298933506012 0.633481442928314 0.617499232292175 0.617313623428345 0.617313623428345 0.617127895355225 0.616756439208984 0.61601310968399 0.616570651531219 0.61601310968399 0.6161989569664 0.6161989569664 0.61601310968399 0.616570651531219 0.616756439208984 0.617313623428345 0.601758360862732 0.618426978588104 0.603264153003693 0.604580104351044 0.60551917552948 0.606832504272461 0.608518838882446 0.610576450824738 0.612070381641388 0.614493548870087 0.616725265979767 0.618952095508575 0.621358871459961 0.62468147277832 0.627441346645355 0.630925297737122 0.634395658969879 0.653167188167572 0.642017245292664
0.611749827861786 0.584964990615845 0.535143733024597 0.534945130348206 0.59064120054245 0.651793241500854 0.599220275878906 0.601381599903107 0.599684715270996 0.615083158016205 0.614524781703949 0.614152371883392 0.613966107368469 0.612963557243347 0.611749827861786 0.610534727573395 0.609926640987396 0.608100354671478 0.609318196773529 0.606287062168121 0.606287062168121 0.604272365570068 0.604272365570068 0.601243734359741 0.588159620761871 0.588159620761871 0.59020072221756 0.59203827381134 0.595122039318085 0.597985506057739 0.598740994930267 0.600062012672424 0.601946711540222 0.604016304016113 0.605706870555878 0.608331620693207 0.626737058162689 0.613748550415039 0.617096781730652 0.620433926582336 0.623575210571289 0.627257645130157 0.631108283996582 0.635852754116058 0.63966566324234 0.64400178194046
0.55825674533844 0.512009799480438 0.518914043903351 0.619693279266357 0.706816077232361 0.745158910751343 0.706223368644714 0.661010265350342 0.588159620761871 0.582018435001373 0.583043813705444 0.583043813705444 0.578938186168671 0.576881229877472 0.575851738452911 0.589053630828857 0.58701080083847 0.57069456577301 0.567592859268188 0.564485788345337 0.563448965549469 0.580864667892456 0.560335218906403 0.561373710632324 0.55825674533844 0.55617618560791 0.557216703891754 0.563448965549469 0.564485788345337 0.57069456577301 0.576881229877472 0.584068417549133 0.593272686004639 0.598740994930267 0.601758360862732 0.605331420898438 0.608518838882446 0.612256944179535 0.616167783737183 0.620618939399719 0.62468147277832 0.629276692867279 0.63348376750946 0.637852132320404 0.642558991909027 0.661839127540588
0.50476461648941 0.51181036233902 0.567882180213928 0.736807405948639 0.753868699073792 0.749462842941284 0.708338677883148 0.645079851150513 0.564547479152679 0.51219779253006 0.527987778186798 0.522731006145477 0.525885760784149 0.526936888694763 0.530088841915131 0.530088841915131 0.529038429260254 0.530088841915131 0.526936888694763 0.541561245918274 0.542607843875885 0.539466917514801 0.537371218204498 0.532126367092133 0.531076490879059 0.531076490879059 0.527925312519073 0.523720264434814 0.524771869182587 0.534225225448608 0.547835052013397 0.562411606311798 0.576881229877472 0.59203827381134 0.600062012672424 0.604392230510712 0.624343812465668 0.628757238388062 0.633331894874573 0.637882590293884 0.64186692237854 0.646730065345764 0.651206076145172 0.655833005905151 0.645082116127014 0.650104224681854
0.486848533153534 0.5542111992836 0.589465856552124 0.724526286125183 0.768534779548645 0.752549111843109 0.677040040493011 0.622498691082001 0.595122039318085 0.526936888694763 0.517469227313995 0.489012360572815 0.473225116729736 0.46587410569191 0.452263832092285 0.466929137706757 0.489018112421036 0.503773272037506 0.485852152109146 0.506935119628906 0.500611126422882 0.499557077884674 0.508980095386505 0.484804719686508 0.475333422422409 0.461685657501221 0.491062730550766 0.505818545818329 0.522668480873108 0.539466917514801 0.530026376247406 0.53527420759201 0.554093658924103 0.578938186168671 0.613569915294647 0.617127895355225 0.622868001461029 0.628573775291443 0.618766725063324 0.639333665370941 0.644212126731873 0.633666217327118 0.65370112657547 0.658842444419861 0.648135185241699 0.653137266635895
0.501471400260925 0.593540966510773 0.703622281551361 0.743218779563904 0.771596312522888 0.738326907157898 0.661362409591675 0.620464980602264 0.584020376205444 0.507983207702637 0.499551326036453 0.481640338897705 0.473225116729736 0.461679965257645 0.450175762176514 0.451225280761719 0.517406582832336 0.513256907463074 0.509042739868164 0.502719283103943 0.500611126422882 0.494286954402924 0.478488892316818 0.459590584039688 0.447052627801895 0.464768439531326 0.503579497337341 0.516222715377808 0.516222715377808 0.501602530479431 0.505818545818329 0.526743590831757 0.571598827838898 0.598207294940948 0.603263676166534 0.615269184112549 0.619353830814362 0.62581729888916 0.650101959705353 0.642408728599548 0.647806704044342 0.652632832527161 0.657958626747131 0.662366628646851 0.66709578037262 0.671964764595032
0.564602732658386 0.640237987041473 0.758891701698303 0.768255054950714 0.75677365064621 0.749905288219452 0.681150555610657 0.607957065105438 0.576958775520325 0.517463445663452 0.500605404376984 0.480587750673294 0.459584891796112 0.439763098955154 0.44913238286972 0.433545917272568 0.463719755411148 0.50476461648941 0.524771869182587 0.496394902467728 0.486911177635193 0.463782101869583 0.439768761396408 0.432510763406754 0.451163172721863 0.474088698625565 0.486717492341995 0.495147109031677 0.485664218664169 0.479347586631775 0.528646349906921 0.504633486270905 0.570370435714722 0.56020599603653 0.603072583675385 0.63073992729187 0.632203161716461 0.641834318637848 0.636610865592957 0.644212126731873 0.656364977359772 0.658489048480988 0.663069307804108 0.667270302772522 0.671618223190308 0.675936877727509
0.644113302230835 0.773300468921661 0.785857498645782 0.74857634305954 0.698004901409149 0.721642315387726 0.681491851806641 0.611136913299561 0.544756412506104 0.500605404376984 0.48795884847641 0.48795884847641 0.460632234811783 0.428370445966721 0.459590584039688 0.439768761396408 0.460575640201569 0.58477121591568 0.572631001472473 0.493170350790024 0.447052627801895 0.433545917272568 0.443866103887558 0.439706981182098 0.457304507493973 0.46044534444809 0.481253206729889 0.489678472280502 0.474940985441208 0.48835700750351 0.561490774154663 0.553501904010773 0.538871884346008 0.603825032711029 0.630711078643799 0.624467253684998 0.649649739265442 0.657125174999237 0.674090504646301 0.668459177017212 0.6591956615448 0.657250761985779 0.666921257972717 0.671097993850708 0.67524790763855 0.67988383769989
0.722840070724487 0.796374142169952 0.778718709945679 0.754737854003906 0.670649111270905 0.675319135189056 0.630406856536865 0.578206300735474 0.561037540435791 0.478409081697464 0.477431118488312 0.461679965257645 0.461679965257645 0.440802127122879 0.421159118413925 0.461623340845108 0.494224280118942 0.505818545818329 0.463719755411148 0.449076026678085 0.444907128810883 0.43038073182106 0.456258326768875 0.445819050073624 0.441656172275543 0.478096216917038 0.463390797376633 0.480985581874847 0.471520602703094 0.486967325210571 0.571447134017944 0.566276788711548 0.573511004447937 0.641734063625336 0.635897219181061 0.660679578781128 0.665245473384857 0.674974381923676 0.692978143692017 0.658987164497375 0.666889727115631 0.68343448638916 0.670577347278595 0.674212992191315 0.678513884544373 0.682954907417297
0.721599578857422 0.76421707868576 0.730860471725464 0.68268483877182 0.644359767436981 0.619539141654968 0.607957065105438 0.548941314220428 0.589166224002838 0.477357089519501 0.442808538675308 0.476379305124283 0.446004927158356 0.467978745698929 0.507926285266876 0.425281584262848 0.536192417144775 0.463719755411148 0.452207416296005 0.452077478170395 0.459398031234741 0.439577758312225 0.429218888282776 0.453969210386276 0.439381122589111 0.442499190568924 0.473622381687164 0.462076038122177 0.463838011026382 0.506113231182098 0.609614491462708 0.592000007629395 0.626116812229156 0.616707801818848 0.661401808261871 0.691169381141663 0.701637089252472 0.702553331851959 0.669237494468689 0.681641459465027 0.695127189159393 0.677968323230743 0.672830402851105 0.67817085981369 0.681591928005219 0.686348557472229
0.61910355091095 0.672728896141052 0.665923714637756 0.626737058162689 0.602511465549469 0.599873423576355 0.558318555355072 0.605894565582275 0.545801818370819 0.479461282491684 0.44072899222374 0.450175762176514 0.478488892316818 0.4700787961483 0.506872475147247 0.442825555801392 0.542477667331696 0.442825555801392 0.451033294200897 0.462342530488968 0.460247009992599 0.441459327936172 0.423867046833038 0.440155744552612 0.448483556509018 0.470134794712067 0.479597210884094 0.478544980287552 0.476037114858627 0.541756629943848 0.691632091999054 0.636691629886627 0.632781565189362 0.640237987041473 0.730413556098938 0.727715253829956 0.703279793262482 0.690426349639893 0.702224791049957 0.698799431324005 0.672626137733459 0.675905823707581 0.709421575069427 0.699858069419861 0.684654176235199 0.689217627048492
