output/projections/07_HS/Myrcia silvatica.asc
NCOLS 168 
NROWS 144 
XLLCORNER -41.0000000002598 
YLLCORNER -7.99999999976785 
CELLSIZE 0.0416666666664048 
NODATA_value -3.4e+38 
[rows 40 to 59 of 144, columns 46 to 91 of 168]
0.45418444275856 0.399942636489868 0.403912752866745 0.444388717412949 0.479234904050827 0.463339149951935 0.46269354224205 0.716442704200745 0.62864100933075 0.610302627086639 0.631598055362701 0.616338014602661 0.667283475399017 0.678222417831421 0.689790487289429 0.704073846340179 0.694429695606232 0.69307404756546 0.68378484249115 0.682126879692078 0.677691876888275 0.676575839519501 0.675737500190735 0.690641641616821 0.685995936393738 0.68489533662796 0.695805788040161 0.679925620555878 0.698760390281677 0.67909187078476 -3.4e+38 -3.4e+38 -3.4e+38 -3.4e+38 -3.4e+38 -3.4e+38 -3.4e+38 -3.4e+38 -3.4e+38 -3.4e+38 -3.4e+38 -3.4e+38 -3.4e+38 -3.4e+38 -3.4e+38 -3.4e+38
0.405773192644119 0.380519151687622 0.424031168222427 0.424646288156509 0.455423295497894 0.470949470996857 0.54160749912262 0.707554876804352 0.619960844516754 0.62115478515625 0.616338014602661 0.606027364730835 0.666432917118073 0.698466837406158 0.7324378490448 0.742322266101837 0.708309173583984 0.696860194206238 0.694971024990082 0.685436844825745 0.68406069278717 0.678805828094482 0.6779705286026 0.687642991542816 0.671819269657135 0.686545491218567 0.681589722633362 0.68103551864624 0.68103551864624 0.664755821228027 0.694994807243347 -3.4e+38 -3.4e+38 -3.4e+38 -3.4e+38 -3.4e+38 -3.4e+38 -3.4e+38 -3.4e+38 -3.4e+38 -3.4e+38 -3.4e+38 -3.4e+38 -3.4e+38 -3.4e+38 -3.4e+38
0.38052761554718 0.399327844381332 0.403612792491913 0.419976204633713 0.433065205812454 0.479213833808899 0.552968919277191 0.874855697154999 0.628035604953766 0.566155135631561 0.59317934513092 0.61330634355545 0.678779184818268 0.675712049007416 0.699801504611969 0.725138962268829 0.730699360370636 0.703823387622833 0.69928103685379 0.692809760570526 0.691179037094116 0.68102639913559 0.679082751274109 0.674064993858337 0.688189685344696 0.683801293373108 0.682696521282196 0.68214339017868 0.677708446979523 0.692291438579559 0.691747486591339 0.69147527217865 -3.4e+38 -3.4e+38 -3.4e+38 -3.4e+38 -3.4e+38 -3.4e+38 -3.4e+38 -3.4e+38 -3.4e+38 -3.4e+38 -3.4e+38 -3.4e+38 -3.4e+38 -3.4e+38
0.381421059370041 0.399023205041885 0.379007130861282 0.431196063756943 0.465228676795959 0.606974542140961 0.564905822277069 0.634281814098358 0.520938277244568 0.599935472011566 0.656439960002899 0.61813759803772 0.672354876995087 0.652111291885376 0.68680328130722 0.68432742357254 0.712787628173828 0.719008684158325 0.70089715719223 0.691730856895447 0.689549565315247 0.687359809875488 0.681580603122711 0.676583349704742 0.689557254314423 0.68462723493576 0.683800041675568 0.682971656322479 0.678544104099274 0.677429676055908 0.692019522190094 0.687385141849518 0.69147527217865 0.719803690910339 -3.4e+38 -3.4e+38 -3.4e+38 -3.4e+38 -3.4e+38 -3.4e+38 -3.4e+38 -3.4e+38 -3.4e+38 -3.4e+38 -3.4e+38 -3.4e+38
0.406079947948456 0.397790104150772 0.369741469621658 0.494206219911575 0.541914343833923 0.650982916355133 0.497680366039276 0.467118173837662 0.599931061267853 0.811312973499298 0.665581285953522 0.642504930496216 0.642504930496216 0.649800717830658 0.651259124279022 0.661325037479401 0.71174144744873 0.691740274429321 0.702508270740509 0.692826867103577 0.68791663646698 0.681035161018372 0.679091453552246 0.674073815345764 0.672108113765717 0.68600332736969 0.68462723493576 0.683524012565613 0.678542852401733 0.673801243305206 0.687932074069977 0.687932074069977 0.686836421489716 0.687110841274261 0.715675234794617 -3.4e+38 -3.4e+38 -3.4e+38 -3.4e+38 -3.4e+38 -3.4e+38 -3.4e+38 -3.4e+38 -3.4e+38 -3.4e+38 -3.4e+38
0.413168370723724 0.41501784324646 0.389859616756439 0.554240942001343 0.536218702793121 0.462041616439819 0.452231705188751 0.461403757333755 0.924357950687408 0.780705511569977 0.617233455181122 0.612105965614319 0.60512387752533 0.655298233032227 0.643394410610199 0.663331925868988 0.642532587051392 0.704114377498627 0.656476140022278 0.685462832450867 0.678829491138458 0.674361646175385 0.667325794696808 0.674073815345764 0.672389328479767 0.682980298995972 0.68187403678894 0.679933071136475 0.674922227859497 0.674362003803253 0.668741226196289 0.683540463447571 0.687109589576721 0.682158589363098 0.697170734405518 0.710986137390137 -3.4e+38 -3.4e+38 -3.4e+38 -3.4e+38 -3.4e+38 -3.4e+38 -3.4e+38 -3.4e+38 -3.4e+38 -3.4e+38
0.401453703641891 0.444061696529388 0.540973305702209 0.492913722991943 0.462684601545334 0.457601368427277 0.469003617763519 0.670951068401337 0.812281131744385 0.635151267051697 0.659605145454407 0.702758550643921 0.614535748958588 0.65587455034256 0.640478134155273 0.630735218524933 0.60546612739563 0.655620396137238 0.683542251586914 0.686021506786346 0.671843230724335 0.668184041976929 0.668458044528961 0.661072850227356 0.659641683101654 0.673247575759888 0.672123610973358 0.670997679233551 0.67043524980545 0.665348947048187 0.668458461761475 0.713078260421753 0.693935096263885 0.678281009197235 0.681050777435303 0.695280134677887 0.705985367298126 -3.4e+38 -3.4e+38 -3.4e+38 -3.4e+38 -3.4e+38 -3.4e+38 -3.4e+38 -3.4e+38 -3.4e+38
0.405744612216949 0.447204500436783 0.568986415863037 0.480161905288696 0.488118767738342 0.515509724617004 0.555770695209503 0.615712821483612 0.637790620326996 0.616325080394745 0.946362495422363 0.65529727935791 0.631013751029968 0.645157158374786 0.581464946269989 0.576185822486877 0.596294343471527 0.620900630950928 0.65187406539917 0.700133919715881 0.651593089103699 0.654772281646729 0.659937143325806 0.653038024902344 0.650432407855988 0.643738687038422 0.646942436695099 0.661938190460205 0.660508811473846 0.663925349712372 0.64780730009079 0.674097120761871 0.662501454353333 0.676607847213745 0.676328539848328 0.68712592124939 0.690400183200836 0.690127313137054 -3.4e+38 -3.4e+38 -3.4e+38 -3.4e+38 -3.4e+38 -3.4e+38 -3.4e+38 -3.4e+38
0.417789459228516 0.451299399137497 0.550759196281433 0.533330202102661 0.542202711105347 0.578305065631866 0.617223858833313 0.579542577266693 0.558909714221954 0.856631100177765 0.86958247423172 0.606351613998413 0.637534320354462 0.543196201324463 0.595370948314667 0.56181001663208 0.600902080535889 0.606398046016693 0.611260890960693 0.641989946365356 0.659095466136932 0.622118949890137 0.640814483165741 0.642281830310822 0.637291312217712 0.643737375736237 0.652756989002228 0.651598989963531 0.650730729103088 0.649279057979584 0.6486976146698 0.647824645042419 0.651301443576813 0.666774868965149 0.666491270065308 0.685477435588837 0.699864566326141 0.680512666702271 0.698791205883026 -3.4e+38 -3.4e+38 -3.4e+38 -3.4e+38 -3.4e+38 -3.4e+38 -3.4e+38
0.439319908618927 0.459824442863464 0.554532289505005 0.796644866466522 0.658716142177582 0.743042647838593 0.666965246200562 0.564547181129456 0.643649816513062 0.737662792205811 0.650960505008698 0.559589862823486 0.546677350997925 0.528298854827881 0.57183426618576 0.569029688835144 0.586142957210541 0.592628657817841 0.591713726520538 0.594793200492859 0.634345591068268 0.635824382305145 0.597865164279938 0.622435390949249 0.619439661502838 0.628405332565308 0.627212524414062 0.620934665203094 0.623325288295746 0.62212598323822 0.616418659687042 0.641107201576233 0.640521109104156 0.655932426452637 0.655356168746948 0.65506786108017 0.669894576072693 0.673544049263 0.673825919628143 -3.4e+38 -3.4e+38 -3.4e+38 -3.4e+38 -3.4e+38 -3.4e+38 -3.4e+38
0.443085581064224 0.457596391439438 0.511369109153748 0.915629804134369 0.864276528358459 0.770260274410248 0.728912830352783 0.621427178382874 0.587306797504425 0.590406179428101 0.554551720619202 0.569626986980438 0.483698308467865 0.513668239116669 0.558997809886932 0.567160725593567 0.552399456501007 0.55113697052002 0.559645235538483 0.572809159755707 0.571559607982635 0.592039942741394 0.593886613845825 0.585241675376892 0.60369610786438 0.605221688747406 0.610383689403534 0.609472811222076 0.608257174491882 0.610980987548828 0.626025199890137 0.625727772712708 0.624232232570648 0.623333752155304 0.627808153629303 0.643461108207703 0.643169641494751 0.64666736125946 0.629885137081146 0.646375715732574 0.681627988815308 -3.4e+38 -3.4e+38 -3.4e+38 -3.4e+38 -3.4e+38
0.456339627504349 0.515512228012085 0.601752460002899 0.925672173500061 0.877044200897217 0.915619909763336 0.870865285396576 0.826800346374512 0.662465572357178 0.560218811035156 0.528934419155121 0.471299946308136 0.491676926612854 0.508265733718872 0.50508588552475 0.529924690723419 0.516883254051208 0.537229478359222 0.528344869613647 0.580594956874847 0.567813873291016 0.572827398777008 0.559034466743469 0.573762476444244 0.562187910079956 0.58927845954895 0.591130435466766 0.591747164726257 0.600944936275482 0.611605525016785 0.610392272472382 0.613715946674347 0.612807929515839 0.606744229793549 0.61491733789444 0.614615082740784 0.635231256484985 0.630496323108673 0.645808160305023 0.649876415729523 0.649295449256897 0.653921663761139 -3.4e+38 -3.4e+38 -3.4e+38 -3.4e+38
0.471869975328445 0.601454794406891 0.805580377578735 0.97010862827301 0.948573648929596 0.876907169818878 0.792469799518585 0.792068839073181 0.797287106513977 0.567748844623566 0.472890198230743 0.487541168928146 0.501894116401672 0.500308930873871 0.505732417106628 0.479283928871155 0.478010058403015 0.527707278728485 0.533110916614532 0.533120930194855 0.50893223285675 0.486313015222549 0.51054435968399 0.566274404525757 0.572218418121338 0.542972147464752 0.570657253265381 0.571907460689545 0.581855535507202 0.581855535507202 0.57657778263092 0.596976697444916 0.600953578948975 0.587724983692169 0.5985027551651 0.597889304161072 0.618845343589783 0.618244528770447 0.621842861175537 0.620942175388336 0.620942175388336 0.63642156124115 0.640831470489502 0.656524479389191 -3.4e+38 -3.4e+38
0.624148786067963 0.755047023296356 0.959788501262665 0.974747121334076 0.973095834255219 0.934537947177887 0.916319072246552 0.863395750522614 0.553307712078094 0.439993619918823 0.599086046218872 0.525798499584198 0.502550780773163 0.488205999135971 0.488205999135971 0.449800252914429 0.411673575639725 0.430951952934265 0.432830691337585 0.463423907756805 0.474537044763565 0.49301752448082 0.500664114952087 0.500993192195892 0.520750522613525 0.545836865901947 0.527436256408691 0.556236863136292 0.557811319828033 0.562203705310822 0.562831819057465 0.567214488983154 0.583726108074188 0.587123394012451 0.58619499206543 0.580311059951782 0.589278936386108 0.605534195899963 0.604619324207306 0.608872771263123 0.619756460189819 0.62424910068512 0.607049167156219 0.610989987850189 -3.4e+38 -3.4e+38
0.52443140745163 0.768014788627625 0.957149565219879 0.975122451782227 0.923360884189606 0.709886848926544 0.66446453332901 0.811530292034149 0.577748596668243 0.613988399505615 0.654505431652069 0.529931724071503 0.483752936124802 0.458973795175552 0.431576520204544 0.364478945732117 0.42659318447113 0.422540038824081 0.483451783657074 0.457408636808395 0.450459271669388 0.44730219244957 0.474553048610687 0.468520939350128 0.491760194301605 0.522678673267365 0.527770340442657 0.516956448554993 0.543938040733337 0.542988121509552 0.542988121509552 0.552453577518463 0.565664649009705 0.569413483142853 0.556228399276733 0.572218894958496 0.576265156269073 0.570030748844147 0.574706315994263 0.574083805084229 0.595440983772278 0.598808407783508 0.593595147132874 0.59267121553421 0.597582876682281 -3.4e+38
0.608476877212524 0.936920046806335 0.968046844005585 0.972148597240448 0.885718703269958 0.66757333278656 0.509490787982941 0.765991747379303 0.644020259380341 0.55585789680481 0.499041318893433 0.459607660770416 0.443510442972183 0.368924021720886 0.358898192644119 0.406137973070145 0.412000685930252 0.388124525547028 0.479957014322281 0.439132541418076 0.430664598941803 0.425051242113113 0.452056735754013 0.462496519088745 0.469165056943893 0.469810754060745 0.509632289409637 0.491149425506592 0.453657209873199 0.521425008773804 0.524598658084869 0.533800601959229 0.533483028411865 0.532847762107849 0.537283837795258 0.559069037437439 0.575658977031708 0.558126509189606 0.561261594295502 0.5606330037117 0.559689700603485 0.580932974815369 0.580000638961792 0.585266470909119 0.579689741134644 0.583406627178192
0.760919690132141 0.96110063791275 0.937295436859131 0.847310483455658 0.753632307052612 0.549176454544067 0.510768473148346 0.568393766880035 0.492006927728653 0.491706550121307 0.429379016160965 0.406438559293747 0.395117223262787 0.332079291343689 0.409227907657623 0.405224561691284 0.399097740650177 0.389962196350098 0.400628983974457 0.399718195199966 0.380600899457932 0.384217649698257 0.395448625087738 0.414191842079163 0.425693273544312 0.430692672729492 0.439473628997803 0.455256581306458 0.465391397476196 0.466342598199844 0.505833268165588 0.511874556541443 0.514733910560608 0.518866777420044 0.51823103427887 0.535079717636108 0.556568145751953 0.543938457965851 0.548040986061096 0.541721522808075 0.546143710613251 0.545512437820435 0.566595613956451 0.570655226707458 0.570031225681305 0.569718360900879
0.929046094417572 0.966970980167389 0.92870306968689 0.836113691329956 0.654168248176575 0.582403719425201 0.50825822353363 0.460841327905655 0.45452469587326 0.415998339653015 0.377572059631348 0.360063940286636 0.3270203769207 0.347254782915115 0.408013731241226 0.378198027610779 0.36479976773262 0.364217817783356 0.368068099021912 0.343226492404938 0.373723387718201 0.379415720701218 0.406798273324966 0.394246637821198 0.377631932497025 0.399133384227753 0.397308051586151 0.400068759918213 0.441377997398376 0.453683078289032 0.456531316041946 0.502970635890961 0.498814553022385 0.500718772411346 0.504538655281067 0.498486965894699 0.507080614566803 0.524599134922028 0.528406858444214 0.527452707290649 0.536648213863373 0.531259536743164 0.530941724777222 0.535380125045776 0.552147328853607 0.555921256542206
0.825004518032074 0.859913885593414 0.668737173080444 0.611247003078461 0.592926025390625 0.511764764785767 0.46972981095314 0.392342031002045 0.390838533639908 0.340904921293259 0.357430934906006 0.340632647275925 0.355105608701706 0.374013692140579 0.37162646651268 0.358336091041565 0.367473274469376 0.334098041057587 0.312886863946915 0.327880263328552 0.368966042995453 0.37253874540329 0.381529480218887 0.377631932497025 0.370172709226608 0.37644237279892 0.363365143537521 0.385167568922043 0.422308534383774 0.472071051597595 0.492142409086227 0.484499663114548 0.465090900659561 0.486712574958801 0.487340211868286 0.490201622247696 0.505822241306305 0.487970858812332 0.491468816995621 0.513457715511322 0.517274081707001 0.516955435276031 0.511227250099182 0.516000807285309 0.537291765213013 0.54045295715332
0.549551784992218 0.678307175636292 0.758865237236023 0.655072391033173 0.528651416301727 0.493300378322601 0.476109385490417 0.399072289466858 0.370410859584808 0.335200250148773 0.342354536056519 0.375507861375809 0.397583425045013 0.362453103065491 0.340371757745743 0.332678645849228 0.33211225271225 0.293760925531387 0.30176517367363 0.31426677107811 0.312627643346786 0.370469331741333 0.400671899318695 0.352813214063644 0.355147868394852 0.359250128269196 0.358956426382065 0.372861504554749 0.388808608055115 0.445175588130951 0.469230562448502 0.448645502328873 0.46066889166832 0.459390878677368 0.473353415727615 0.473981201648712 0.475562363862991 0.468575417995453 0.494666159152985 0.493709146976471 0.480321615934372 0.496890753507614 0.506124138832092 0.500072598457336 0.500072598457336 0.522052764892578
