output/projections/07_HS/Myrcia silvatica.asc
NCOLS 168 
NROWS 144 
XLLCORNER -41.0000000002598 
YLLCORNER -7.99999999976785 
CELLSIZE 0.0416666666664048 
NODATA_value -3.4e+38 
[rows 60 to 79 of 144, columns 92 to 137 of 168]
0.505814135074615 0.510271012783051 0.509633183479309 0.50867635011673 0.548057794570923 -3.4e+38 -3.4e+38 -3.4e+38 -3.4e+38 -3.4e+38 -3.4e+38 -3.4e+38 -3.4e+38 -3.4e+38 -3.4e+38 -3.4e+38 -3.4e+38 -3.4e+38 -3.4e+38 -3.4e+38 -3.4e+38 -3.4e+38 -3.4e+38 -3.4e+38 -3.4e+38 -3.4e+38 -3.4e+38 -3.4e+38 -3.4e+38 -3.4e+38 -3.4e+38 -3.4e+38 -3.4e+38 -3.4e+38 -3.4e+38 -3.4e+38 -3.4e+38 -3.4e+38 -3.4e+38 -3.4e+38 -3.4e+38 -3.4e+38 -3.4e+38 -3.4e+38 -3.4e+38 -3.4e+38
0.467614114284515 0.472054451704025 0.489245772361755 0.493701040744781 0.515052556991577 0.5496466755867 -3.4e+38 -3.4e+38 -3.4e+38 -3.4e+38 -3.4e+38 -3.4e+38 -3.4e+38 -3.4e+38 -3.4e+38 -3.4e+38 -3.4e+38 -3.4e+38 -3.4e+38 -3.4e+38 -3.4e+38 -3.4e+38 -3.4e+38 -3.4e+38 -3.4e+38 -3.4e+38 -3.4e+38 -3.4e+38 -3.4e+38 -3.4e+38 -3.4e+38 -3.4e+38 -3.4e+38 -3.4e+38 -3.4e+38 -3.4e+38 -3.4e+38 -3.4e+38 -3.4e+38 -3.4e+38 -3.4e+38 -3.4e+38 -3.4e+38 -3.4e+38 -3.4e+38 -3.4e+38
0.452417552471161 0.461265563964844 0.455889046192169 0.477781713008881 0.459364831447601 0.476509660482407 0.481595367193222 0.49848684668541 -3.4e+38 -3.4e+38 -3.4e+38 -3.4e+38 -3.4e+38 -3.4e+38 -3.4e+38 -3.4e+38 -3.4e+38 -3.4e+38 -3.4e+38 -3.4e+38 -3.4e+38 -3.4e+38 -3.4e+38 -3.4e+38 -3.4e+38 -3.4e+38 -3.4e+38 -3.4e+38 -3.4e+38 -3.4e+38 -3.4e+38 -3.4e+38 -3.4e+38 -3.4e+38 -3.4e+38 -3.4e+38 -3.4e+38 -3.4e+38 -3.4e+38 -3.4e+38 -3.4e+38 -3.4e+38 -3.4e+38 -3.4e+38 -3.4e+38 -3.4e+38
0.419509410858154 0.423858076334 0.440129071474075 0.443896174430847 0.438873022794724 0.44798681139946 0.447355717420578 0.464756280183792 0.469193398952484 0.468557804822922 0.490511864423752 -3.4e+38 -3.4e+38 -3.4e+38 -3.4e+38 -3.4e+38 -3.4e+38 -3.4e+38 -3.4e+38 -3.4e+38 -3.4e+38 -3.4e+38 -3.4e+38 -3.4e+38 -3.4e+38 -3.4e+38 -3.4e+38 -3.4e+38 -3.4e+38 -3.4e+38 -3.4e+38 -3.4e+38 -3.4e+38 -3.4e+38 -3.4e+38 -3.4e+38 -3.4e+38 -3.4e+38 -3.4e+38 -3.4e+38 -3.4e+38 -3.4e+38 -3.4e+38 -3.4e+38 -3.4e+38 -3.4e+38
0.403765827417374 0.402844488620758 0.407449662685394 0.429163604974747 0.42791348695755 0.431969791650772 0.431971251964569 0.431658148765564 0.447995722293854 0.452409535646439 0.456512749195099 0.456512749195099 0.478728950023651 0.51314777135849 -3.4e+38 -3.4e+38 -3.4e+38 -3.4e+38 -3.4e+38 -3.4e+38 -3.4e+38 -3.4e+38 -3.4e+38 -3.4e+38 -3.4e+38 -3.4e+38 -3.4e+38 -3.4e+38 -3.4e+38 -3.4e+38 -3.4e+38 -3.4e+38 -3.4e+38 -3.4e+38 -3.4e+38 -3.4e+38 -3.4e+38 -3.4e+38 -3.4e+38 -3.4e+38 -3.4e+38 -3.4e+38 -3.4e+38 -3.4e+38 -3.4e+38 -3.4e+38
0.388217955827713 0.387611925601959 0.387310445308685 0.391245067119598 0.390942573547363 0.394585430622101 0.416095227003098 0.420121759176254 0.420123189687729 0.42384871840477 0.441063225269318 0.441064685583115 0.46253377199173 0.443888187408447 0.466652005910873 0.483188033103943 -3.4e+38 -3.4e+38 -3.4e+38 -3.4e+38 -3.4e+38 -3.4e+38 -3.4e+38 -3.4e+38 -3.4e+38 -3.4e+38 -3.4e+38 -3.4e+38 -3.4e+38 -3.4e+38 -3.4e+38 -3.4e+38 -3.4e+38 -3.4e+38 -3.4e+38 0.648388206958771 0.670432806015015 0.679930627346039 0.686002194881439 0.684885144233704 0.705680251121521 0.752682030200958 0.721819341182709 0.734176397323608 0.753840744495392 0.762715101242065
0.354594320058823 0.355180025100708 0.375574678182602 0.375576049089432 0.375276803970337 0.379466712474823 0.378865867853165 0.399778783321381 0.398860454559326 0.403758019208908 0.424791276454926 0.42884162068367 0.42884162068367 0.42790412902832 0.432588219642639 0.466977149248123 0.511552453041077 0.458403646945953 -3.4e+38 -3.4e+38 -3.4e+38 -3.4e+38 -3.4e+38 -3.4e+38 -3.4e+38 -3.4e+38 -3.4e+38 -3.4e+38 -3.4e+38 -3.4e+38 -3.4e+38 -3.4e+38 -3.4e+38 -3.4e+38 0.611863136291504 0.634020388126373 0.645181179046631 0.655320644378662 0.665890038013458 0.671816825866699 0.682677626609802 0.707789182662964 0.717700779438019 0.727658689022064 0.751466035842896 0.765239119529724
0.317914396524429 0.317637741565704 0.317915678024292 0.354896038770676 0.359281480312347 0.363396674394608 0.363101482391357 0.367531955242157 0.383380025625229 0.387604236602783 0.387301355600357 0.391845434904099 0.407757252454758 0.417016386985779 0.416395992040634 0.421357959508896 0.42073580622673 0.437291830778122 0.459046304225922 0.464428275823593 0.468229472637177 0.490820199251175 0.490182340145111 0.513448476791382 -3.4e+38 -3.4e+38 -3.4e+38 -3.4e+38 -3.4e+38 -3.4e+38 -3.4e+38 -3.4e+38 0.600005984306335 0.607021152973175 0.617604732513428 0.623604834079742 0.639022529125214 0.64546412229538 0.65646505355835 0.663329839706421 0.678239226341248 0.700352668762207 0.710938155651093 0.729166686534882 0.736157476902008 0.762938737869263
0.295417189598083 0.290396571159363 0.297013819217682 0.301832407712936 0.308046191930771 0.327388286590576 0.32823321223259 0.331894099712372 0.347337931394577 0.351100534200668 0.355757355690002 0.376167207956314 0.375867784023285 0.379158616065979 0.3954998254776 0.400690048933029 0.400077283382416 0.425719112157822 0.425095230340958 0.412671059370041 0.430084466934204 0.451766788959503 0.43821582198143 0.466314882040024 0.488260418176651 0.5112065076828 0.499087184667587 -3.4e+38 0.545500755310059 0.521050155162811 0.51435124874115 0.560279846191406 0.567176282405853 0.578087091445923 0.58522093296051 0.600591897964478 0.607907772064209 0.635482490062714 0.647789120674133 0.658467769622803 0.670964598655701 0.685969829559326 0.712502121925354 0.724104881286621 0.742781162261963 0.762477874755859
0.271848291158676 0.26582807302475 0.271090298891068 0.267574340105057 0.262115865945816 0.278209805488586 0.298349112272263 0.298082023859024 0.317086458206177 0.32123863697052 0.335866749286652 0.339855998754501 0.340142369270325 0.35986316204071 0.363684445619583 0.368117928504944 0.367821127176285 0.388202548027039 0.386990875005722 0.392140448093414 0.408056199550629 0.421658366918564 0.426325052976608 0.426012963056564 0.431630939245224 0.440712451934814 0.463766515254974 0.464401304721832 0.474872052669525 0.502576589584351 0.496507316827774 0.502879559993744 0.531520664691925 0.543556928634644 0.556172668933868 0.563081860542297 0.597528159618378 0.614259243011475 0.638425707817078 0.650396108627319 0.671800434589386 0.684043526649475 0.700597286224365 0.727400064468384 0.745930433273315 0.761539399623871
0.242167174816132 0.23224638402462 0.228313997387886 0.229718014597893 0.261628299951553 0.304542064666748 0.261630266904831 0.278209805488586 0.286745488643646 0.289616882801056 0.311311811208725 0.326266914606094 0.329915314912796 0.333585649728775 0.348777145147324 0.35254693031311 0.352255672216415 0.371984362602234 0.376757353544235 0.380051225423813 0.384260237216949 0.400372982025146 0.404969066381454 0.404046833515167 0.413899540901184 0.435389310121536 0.440721333026886 0.450475960969925 0.456475287675858 0.484734922647476 0.490464121103287 0.501929998397827 0.518801867961884 0.531512141227722 0.556180119514465 0.569662570953369 0.608515024185181 0.605158567428589 0.643986880779266 0.637230277061462 0.670393347740173 0.687609553337097 0.704855620861053 0.739844381809235 0.755233287811279 0.785633027553558
0.217574134469032 0.199193224310875 0.206159710884094 0.299101591110229 0.351709276437759 0.41306272149086 0.37502658367157 0.323220789432526 0.259671658277512 0.261631399393082 0.275917649269104 0.279493302106857 0.29304239153862 0.296484023332596 0.299947679042816 0.314054846763611 0.336997807025909 0.341280400753021 0.340420246124268 0.359854310750961 0.363675594329834 0.368405908346176 0.371370941400528 0.39273989200592 0.391827166080475 0.395472884178162 0.421649038791656 0.432559579610825 0.437254250049591 0.448255628347397 0.472325772047043 0.488223284482956 0.500645279884338 0.530884027481079 0.549872517585754 0.569341361522675 0.583343029022217 0.606977105140686 0.642522573471069 0.665865898132324 0.680170714855194 0.702193796634674 0.733416318893433 0.739585161209106 0.768862783908844 0.797816753387451
0.196442410349846 0.200464680790901 0.226923272013664 0.385529220104218 0.422986596822739 0.422063231468201 0.362560629844666 0.321546792984009 0.244760513305664 0.233621999621391 0.242884814739227 0.244995728135109 0.259181618690491 0.25942674279213 0.263857752084732 0.277706325054169 0.284915328025818 0.303441941738129 0.302903980016708 0.321238130331039 0.325698971748352 0.333011299371719 0.348190307617188 0.35079237818718 0.371081471443176 0.383949279785156 0.404036194086075 0.402781516313553 0.407720804214478 0.441025018692017 0.458681553602219 0.477080643177032 0.51275509595871 0.531193315982819 0.551441431045532 0.576816499233246 0.613350749015808 0.637524247169495 0.65730345249176 0.691707015037537 0.709085941314697 0.730411469936371 0.746890246868134 0.76635867357254 0.781298041343689 0.810064733028412
0.183533772826195 0.214607715606689 0.254644781351089 0.360485166311264 0.442089021205902 0.432984888553619 0.32127720117569 0.277968525886536 0.24855463206768 0.233165323734283 0.224843233823776 0.218858510255814 0.212231084704399 0.21949814260006 0.211177259683609 0.221754282712936 0.249047741293907 0.263051271438599 0.262298434972763 0.2864630818367 0.281961977481842 0.307096093893051 0.305374950170517 0.318414062261581 0.310870289802551 0.318947196006775 0.337370544672012 0.37854990363121 0.406737118959427 0.44700089097023 0.453299850225449 0.468809962272644 0.488204717636108 0.531820356845856 0.552379786968231 0.588597059249878 0.615459024906158 0.641634881496429 0.682663202285767 0.701668560504913 0.723582148551941 0.740820288658142 0.760372459888458 0.779768764972687 0.794081091880798 0.82155042886734
0.193065106868744 0.261031061410904 0.337888807058334 0.371142953634262 0.427371323108673 0.398629128932953 0.31546887755394 0.271618753671646 0.252386808395386 0.217153891921043 0.224397674202919 0.214242339134216 0.209053918719292 0.213833957910538 0.206733867526054 0.208682119846344 0.257130026817322 0.266600489616394 0.265603601932526 0.262298434972763 0.281961977481842 0.280850529670715 0.283508211374283 0.273037195205688 0.281316488981247 0.304285436868668 0.349682062864304 0.36891907453537 0.377559036016464 0.41352441906929 0.426621466875076 0.439506351947784 0.506057679653168 0.532773494720459 0.552369892597198 0.594437837600708 0.618457317352295 0.641627013683319 0.709611356258392 0.721022427082062 0.742524147033691 0.768643379211426 0.787556290626526 0.804312288761139 0.817783713340759 0.833194971084595
0.224318698048592 0.28709003329277 0.399833679199219 0.420205384492874 0.403216242790222 0.397100478410721 0.339338570833206 0.262386858463287 0.228421688079834 0.219112768769264 0.21263924241066 0.202043130993843 0.20082114636898 0.189229384064674 0.20609712600708 0.197979837656021 0.217841356992722 0.261644452810287 0.279252082109451 0.271458834409714 0.268330574035645 0.255251109600067 0.25497904419899 0.249844685196877 0.268467366695404 0.298556119203568 0.331710875034332 0.363020122051239 0.363471329212189 0.370775699615479 0.429914265871048 0.436679422855377 0.513710558414459 0.52928501367569 0.560243666172028 0.589824378490448 0.622072815895081 0.662450432777405 0.70166140794754 0.730908215045929 0.773802578449249 0.779330134391785 0.808095276355743 0.820801675319672 0.830524027347565 0.844559967517853
0.272498548030853 0.401680737733841 0.439268946647644 0.381929636001587 0.335903972387314 0.37027046084404 0.32435342669487 0.262887746095657 0.212638944387436 0.203803330659866 0.198025226593018 0.209401443600655 0.190397635102272 0.180108889937401 0.199241027235985 0.19864983856678 0.212858870625496 0.300245195627213 0.286760210990906 0.253468692302704 0.23366080224514 0.227855429053307 0.239429250359535 0.253107756376266 0.274653702974319 0.284440249204636 0.309769928455353 0.344363391399384 0.336149156093597 0.357763737440109 0.464581936597824 0.468492478132248 0.46414116024971 0.554919123649597 0.585510671138763 0.602104663848877 0.65414160490036 0.682387053966522 0.744235217571259 0.772920191287994 0.792210161685944 0.774917483329773 0.817784607410431 0.832485139369965 0.841525733470917 0.855126261711121
0.324333161115646 0.456613391637802 0.43081122636795 0.394659787416458 0.288597077131271 0.310538053512573 0.267613291740417 0.210310474038124 0.213287368416786 0.197067484259605 0.186261311173439 0.185355499386787 0.196181893348694 0.184211134910583 0.186536505818367 0.201761871576309 0.234213083982468 0.245491191744804 0.217841356992722 0.220532730221748 0.221145302057266 0.223865821957588 0.249512478709221 0.245592534542084 0.25950300693512 0.299476653337479 0.306835234165192 0.315585315227509 0.327422738075256 0.358698189258575 0.471801608800888 0.4806127846241 0.501095831394196 0.595708906650543 0.585829079151154 0.647205114364624 0.670963227748871 0.709618747234344 0.773374140262604 0.747373878955841 0.774031162261963 0.822484850883484 0.829443514347076 0.84050190448761 0.853856921195984 0.872359395027161
0.315185099840164 0.389792293310165 0.379833489656448 0.311085671186447 0.265367031097412 0.233412683010101 0.238705724477768 0.20402255654335 0.235474094748497 0.183134347200394 0.173692837357521 0.193513676524162 0.176525816321373 0.201160609722137 0.230486214160919 0.176763921976089 0.264786660671234 0.214603096246719 0.222322091460228 0.223922654986382 0.228686705231667 0.219173669815063 0.227692365646362 0.249545723199844 0.242755800485611 0.265244036912918 0.301897257566452 0.311785787343979 0.322915583848953 0.375407695770264 0.498098433017731 0.505388379096985 0.565432250499725 0.584511756896973 0.622712731361389 0.665896594524384 0.717700660228729 0.770239889621735 0.750730395317078 0.789258718490601 0.829809367656708 0.813757061958313 0.834257304668427 0.851295530796051 0.863141119480133 0.873342335224152
0.214352265000343 0.263381510972977 0.27467355132103 0.232957035303116 0.219780966639519 0.213506326079369 0.205684587359428 0.23296345770359 0.195463046431541 0.183516472578049 0.175140291452408 0.178797379136086 0.195979803800583 0.202205881476402 0.229797512292862 0.184898778796196 0.267860263586044 0.198730170726776 0.207942113280296 0.219675868749619 0.230554133653641 0.221655562520027 0.222357600927353 0.238172337412834 0.264142364263535 0.275243788957596 0.304467469453812 0.326750248670578 0.334966272115707 0.411653518676758 0.597237467765808 0.562648475170135 0.576630651950836 0.611685812473297 0.701992630958557 0.730460405349731 0.734191179275513 0.729174494743347 0.776045203208923 0.798844337463379 0.799242913722992 0.811424911022186 0.867018520832062 0.868764936923981 0.872067093849182 0.881427049636841
