output/projections/07_HS/Myrcia silvatica.asc
NCOLS 168 
NROWS 144 
XLLCORNER -41.0000000002598 
YLLCORNER -7.99999999976785 
CELLSIZE 0.0416666666664048 
NODATA_value -3.4e+38 
[rows 60 to 79 of 144, columns 0 to 45 of 168]
0.683394193649292 0.57499748468399 0.683404505252838 0.819120109081268 0.9002845287323 0.620137691497803 0.428212016820908 0.435414880514145 0.413296043872833 0.391224801540375 0.376154839992523 0.422939330339432 0.38186302781105 0.347029387950897 0.448351830244064 0.454989045858383 0.41581666469574 0.443622022867203 0.423255741596222 0.342760354280472 0.321821719408035 0.406437158584595 0.408475577831268 0.412158489227295 0.351402252912521 0.329908400774002 0.367069810628891 0.683620274066925 0.511902153491974 0.807406842708588 0.826704561710358 0.781160891056061 0.831043303012848 0.87944483757019 0.812961399555206 0.580235600471497 0.78472226858139 0.546459972858429 0.458359956741333 0.427531957626343 0.461523920297623 0.473579972982407 0.442241460084915 0.479613900184631 0.471331387758255 0.471331387758255
0.564948678016663 0.703810036182404 0.728304266929626 0.846924304962158 0.876191973686218 0.518906056880951 0.408665508031845 0.488301008939743 0.421672970056534 0.376444935798645 0.394875735044479 0.440772712230682 0.425118654966354 0.361614435911179 0.388818800449371 0.506826460361481 0.611138880252838 0.543080866336823 0.539586424827576 0.373775213956833 0.355800658464432 0.423464268445969 0.405542552471161 0.457469016313553 0.407783925533295 0.351116448640823 0.38049641251564 0.501736581325531 0.449268519878387 0.595563232898712 0.804139018058777 0.85129451751709 0.74169784784317 0.818326711654663 0.657140016555786 0.554392278194427 0.705012202262878 0.578772246837616 0.543613374233246 0.420600473880768 0.531881511211395 0.481549859046936 0.439745426177979 0.419424384832382 0.466592699289322 0.461834073066711
0.588873028755188 0.757993698120117 0.859233796596527 0.858611106872559 0.89223039150238 0.515418231487274 0.472717851400375 0.523364663124084 0.473985433578491 0.40898609161377 0.362776100635529 0.375555127859116 0.407453298568726 0.379160344600677 0.409309566020966 0.417664647102356 0.522105515003204 0.640954911708832 0.661806702613831 0.381263107061386 0.317139565944672 0.405707001686096 0.574780941009521 0.613794445991516 0.621606051921844 0.392513334751129 0.389700651168823 0.423141896724701 0.475075900554657 0.71000462770462 0.678870439529419 0.700458943843842 0.5812948346138 0.524429559707642 0.647590637207031 0.559144675731659 0.622479200363159 0.626383006572723 0.469785749912262 0.416027575731277 0.411388337612152 0.405839890241623 0.42348524928093 0.428481966257095 0.395427465438843 0.423472017049789
0.692344129085541 0.803312838077545 0.854696989059448 0.882814943790436 0.812232434749603 0.536709308624268 0.567300856113434 0.562286853790283 0.502026736736298 0.437628000974655 0.382461905479431 0.3675177693367 0.380964457988739 0.388818800449371 0.411777794361115 0.547803580760956 0.599229335784912 0.554752111434937 0.4401476085186 0.390754818916321 0.354176759719849 0.637401700019836 0.412099123001099 0.502745449542999 0.721968114376068 0.771062850952148 0.405687779188156 0.491661638021469 0.730466365814209 0.786437273025513 0.734064519405365 0.624563992023468 0.51358562707901 0.483677536249161 0.656853377819061 0.481637477874756 0.587442398071289 0.598237037658691 0.456160396337509 0.515356838703156 0.447959095239639 0.413874924182892 0.369537144899368 0.387842506170273 0.381501495838165 0.360382527112961
0.746895432472229 0.824730396270752 0.867364466190338 0.895143091678619 0.635643243789673 0.519545674324036 0.50488942861557 0.586592316627502 0.570425808429718 0.425429105758667 0.392759919166565 0.395198911428452 0.392454594373703 0.399482011795044 0.446129947900772 0.473690181970596 0.561989963054657 0.47878435254097 0.432631880044937 0.374390631914139 0.60746169090271 0.855011880397797 0.735097348690033 0.484010964632034 0.771737992763519 0.826529204845428 0.626063287258148 0.496680021286011 0.5521639585495 0.619826853275299 0.658566832542419 0.616156697273254 0.601580440998077 0.496454924345016 0.569404602050781 0.457393974065781 0.556230843067169 0.518216013908386 0.54962694644928 0.500057101249695 0.403097033500671 0.37312713265419 0.365105777978897 0.367475599050522 0.358634173870087 0.368666619062424
0.73264616727829 0.830365300178528 0.869256913661957 0.861688792705536 0.578229427337646 0.496605575084686 0.459386587142944 0.501391172409058 0.553481996059418 0.444873452186584 0.382169038057327 0.437008798122406 0.393377393484116 0.390334814786911 0.405312806367874 0.410561323165894 0.520541787147522 0.538016200065613 0.487055063247681 0.449062049388885 0.789463996887207 0.852777421474457 0.831794023513794 0.826729297637939 0.824877679347992 0.853391587734222 0.732572615146637 0.596365392208099 0.562983870506287 0.524511158466339 0.650784969329834 0.67164134979248 0.598836421966553 0.518821239471436 0.520042955875397 0.447676122188568 0.478389650583267 0.418929547071457 0.526494801044464 0.55090057849884 0.617709577083588 0.560681343078613 0.537000417709351 0.37224280834198 0.386052250862122 0.394860148429871
0.676034927368164 0.784768164157867 0.879350006580353 0.74469929933548 0.532282471656799 0.47335010766983 0.434794485569 0.465730577707291 0.570752263069153 0.504914522171021 0.448339402675629 0.478149950504303 0.424197942018509 0.420150876045227 0.415501803159714 0.442050129175186 0.473377048969269 0.607172727584839 0.668626070022583 0.803525745868683 0.858451187610626 0.888354539871216 0.838960528373718 0.838955879211426 0.846560835838318 0.865258991718292 0.771064639091492 0.636165797710419 0.523371458053589 0.517274796962738 0.692655503749847 0.598836421966553 0.548348724842072 0.523926556110382 0.478192299604416 0.447632223367691 0.429329186677933 0.442111641168594 0.436806619167328 0.56505161523819 0.649088323116302 0.601326286792755 0.482868432998657 0.532249212265015 0.482553333044052 0.486380636692047
0.691652238368988 0.814939081668854 0.887873411178589 0.663516998291016 0.506494045257568 0.472722411155701 0.426667124032974 0.448008477687836 0.473040968179703 0.529751420021057 0.495031982660294 0.508430898189545 0.503655970096588 0.463223546743393 0.42731311917305 0.436382383108139 0.441004514694214 0.602468132972717 0.669398784637451 0.839849591255188 0.883461058139801 0.890732944011688 0.861193239688873 0.792580306529999 0.805280148983002 0.845403373241425 0.817767381668091 0.654554486274719 0.530110120773315 0.574399769306183 0.637645065784454 0.550244331359863 0.542664527893066 0.477093517780304 0.449636191129684 0.48315617442131 0.484113752841949 0.437155574560165 0.434683829545975 0.536358296871185 0.495938658714294 0.434142917394638 0.384242355823517 0.420104205608368 0.454626590013504 0.391834020614624
0.663130104541779 0.783046185970306 0.888885200023651 0.624066710472107 0.495975613594055 0.452115654945374 0.431669324636459 0.423558056354523 0.453063160181046 0.502677381038666 0.462578982114792 0.469882398843765 0.475608050823212 0.490582376718521 0.487393498420715 0.468608528375626 0.434824019670486 0.431856781244278 0.670689463615417 0.846913397312164 0.895128011703491 0.783864200115204 0.820973515510559 0.747287750244141 0.774417161941528 0.803078770637512 0.724502146244049 0.71938145160675 0.596386730670929 0.540751099586487 0.511189758777618 0.481231361627579 0.590243101119995 0.459005236625671 0.435210078954697 0.488895446062088 0.447010576725006 0.42899826169014 0.4514439702034 0.419466435909271 0.483829081058502 0.504871666431427 0.429154336452484 0.354554355144501 0.386972934007645 0.491178900003433
0.691636741161346 0.798448264598846 0.890513241291046 0.689468443393707 0.481000632047653 0.435754865407944 0.413928776979446 0.422000885009766 0.464470148086548 0.459723472595215 0.467658817768097 0.427633821964264 0.454665154218674 0.446459740400314 0.460046917200089 0.466699779033661 0.544950425624847 0.455440819263458 0.555493235588074 0.746356308460236 0.654296815395355 0.655136406421661 0.703139007091522 0.642049491405487 0.703136086463928 0.775542140007019 0.617966592311859 0.700739741325378 0.76077675819397 0.677811503410339 0.565666198730469 0.479958146810532 0.526483476161957 0.417187303304672 0.441336512565613 0.499103039503098 0.439463287591934 0.411099344491959 0.424757093191147 0.394788861274719 0.437903821468353 0.531310439109802 0.385158061981201 0.381013959646225 0.725064694881439 0.662656486034393
0.697583734989166 0.806925177574158 0.866485774517059 0.699477255344391 0.45307120680809 0.480682075023651 0.409302413463593 0.424813240766525 0.482602745294571 0.430438548326492 0.42139944434166 0.432012408971786 0.443938046693802 0.435761690139771 0.44676274061203 0.488006144762039 0.481568664312363 0.566349923610687 0.509345471858978 0.621039092540741 0.721995174884796 0.736823618412018 0.689938187599182 0.622180819511414 0.580938100814819 0.632021903991699 0.644682943820953 0.631731569766998 0.665435194969177 0.642349123954773 0.513751566410065 0.487298190593719 0.47806978225708 0.414354711771011 0.453000366687775 0.47393324971199 0.463467419147491 0.428826540708542 0.388169884681702 0.377857029438019 0.422897040843964 0.45620122551918 0.380932092666626 0.519845902919769 0.641534924507141 0.413622319698334
0.725822746753693 0.836056292057037 0.690560340881348 0.457177877426147 0.424804449081421 0.441096305847168 0.381275057792664 0.454336881637573 0.51129674911499 0.417056292295456 0.446784615516663 0.4385986328125 0.442676812410355 0.452763319015503 0.463839292526245 0.427007734775543 0.477286547422409 0.503195345401764 0.532392024993896 0.580018997192383 0.734096705913544 0.782790780067444 0.691038608551025 0.662303686141968 0.592380225658417 0.620976805686951 0.594231724739075 0.544230818748474 0.5728520154953 0.501632392406464 0.470431685447693 0.444791615009308 0.446052581071854 0.421627819538116 0.451430678367615 0.441034257411957 0.466959923505783 0.453657746315002 0.418853938579559 0.363348066806793 0.364235550165176 0.386967748403549 0.417943686246872 0.475581347942352 0.400998622179031 0.350507020950317
0.541454851627350 0.573860347270966 0.505226135253906 0.392153859138489 0.40223440527916 0.409621685743332 0.386103481054306 0.413029491901398 0.410247772932053 0.415815770626068 0.433889359235764 0.466720342636108 0.445205539464951 0.451823383569717 0.441929250955582 0.426694065332413 0.458581686019897 0.468858569860458 0.456987291574478 0.561613798141479 0.705299854278564 0.73903626203537 0.728828430175781 0.692131698131561 0.652831256389618 0.616480946540833 0.584048986434937 0.537271022796631 0.51884788274765 0.506107270717621 0.459004789590836 0.426303774118423 0.401170819997787 0.44511815905571 0.447641164064407 0.451432138681412 0.432570219039917 0.453349947929382 0.417311280965805 0.372249960899353 0.344206184148788 0.499143600463867 0.536390244960785 0.53449809551239 0.373179703950882 0.372582852840424
0.558551371097565 0.562002420425415 0.432942390441895 0.396735787391663 0.41333019733429 0.409940034151077 0.387323677539825 0.405632644891739 0.427954137325287 0.451519280672073 0.43421271443367 0.430454313755035 0.441424757242203 0.452770322561264 0.46480005979538 0.460258215665817 0.454115062952042 0.437121570110321 0.458917111158371 0.526874244213104 0.70183140039444 0.721707940101624 0.700220286846161 0.67333984375 0.764475286006927 0.702348470687866 0.674462974071503 0.569107592105865 0.515661239624023 0.534428358078003 0.500367283821106 0.436938136816025 0.409859776496887 0.460285574197769 0.415428638458252 0.433196812868118 0.414821118116379 0.427263915538788 0.410192728042603 0.335160464048386 0.387266755104065 0.602263569831848 0.620759308338165 0.381255775690079 0.442969620227814 0.564176619052887
0.682054340839386 0.808927714824677 0.664670586585999 0.451195389032364 0.415808022022247 0.441734075546265 0.390052735805511 0.402559578418732 0.431081175804138 0.456897497177124 0.478805989027023 0.456261724233627 0.481343239545822 0.45498463511467 0.501410782337189 0.484187632799149 0.507440984249115 0.460637897253036 0.480615437030792 0.490413427352905 0.693494319915771 0.73482072353363 0.676969647407532 0.677520096302032 0.675568699836731 0.733817338943481 0.685009717941284 0.575035035610199 0.533464193344116 0.491434872150421 0.479023665189743 0.438822865486145 0.434428036212921 0.413261860609055 0.40739506483078 0.381210952997208 0.429441541433334 0.429138720035553 0.361875623464584 0.371645748615265 0.371049880981445 0.609265923500061 0.510306179523468 0.380944907665253 0.401918590068817 0.358675301074982
0.712446987628937 0.822341978549957 0.830035030841827 0.525940895080566 0.43545937538147 0.431385368108749 0.436400800943375 0.416445225477219 0.423272997140884 0.426703482866287 0.438605606555939 0.468305885791779 0.47751972079277 0.455299645662308 0.469563603401184 0.500132083892822 0.527512490749359 0.472246170043945 0.497170358896255 0.600899457931519 0.802276968955994 0.722980499267578 0.685285866260529 0.674455046653748 0.662582755088806 0.627871096134186 0.583430230617523 0.506093263626099 0.520123600959778 0.483791172504425 0.454580038785934 0.450787276029587 0.472342193126678 0.439148485660553 0.454911857843399 0.428181409835815 0.407715320587158 0.416993677616119 0.353083223104477 0.369573682546616 0.373747378587723 0.446416944265366 0.420122891664505 0.366629987955093 0.37108638882637 0.355755180120468
0.735625028610229 0.837096869945526 0.822898328304291 0.549716711044312 0.454356342554092 0.452151000499725 0.483575850725174 0.466720908880234 0.426399677991867 0.462284296751022 0.444898337125778 0.462916344404221 0.460061967372894 0.460376501083374 0.467665404081345 0.479416906833649 0.525603592395782 0.508090972900391 0.503444254398346 0.566949129104614 0.617171466350555 0.593965172767639 0.652248382568359 0.723998069763184 0.611328184604645 0.635875523090363 0.5080246925354 0.498773068189621 0.61708128452301 0.466615378856659 0.477748394012451 0.480607748031616 0.501008331775665 0.458384990692139 0.45363786816597 0.453322619199753 0.393325626850128 0.394849270582199 0.370755404233932 0.364238828420639 0.38545948266983 0.366313695907593 0.346143156290054 0.350788056850433 0.354000836610794 0.333015978336334
0.845948994159698 0.876067459583282 0.685638606548309 0.563562631607056 0.493450671434402 0.486753463745117 0.484531998634338 0.481673926115036 0.463553458452225 0.455638110637665 0.486131906509399 0.46578311920166 0.514507114887238 0.500792324542999 0.476570636034012 0.50268542766571 0.522113144397736 0.511268138885498 0.514930725097656 0.514573097229004 0.522949159145355 0.585458040237427 0.59639310836792 0.638537228107452 0.50738126039505 0.501002371311188 0.541078567504883 0.678921759128571 0.525533497333527 0.496214747428894 0.542672991752625 0.565982162952423 0.525859653949738 0.491769313812256 0.450169324874878 0.443557560443878 0.416992247104645 0.433200299739838 0.371359050273895 0.390303671360016 0.42479196190834 0.367220103740692 0.35779333114624 0.329887539148331 0.332999467849731 0.325688600540161
0.789058327674866 0.875232636928558 0.814571797847748 0.586004972457886 0.513854563236237 0.513854563236237 0.494726657867432 0.468952476978302 0.47722339630127 0.457221210002899 0.448376297950745 0.464194238185883 0.481358826160431 0.473399221897125 0.461327761411667 0.48738506436348 0.4991774559021 0.491830140352249 0.520492255687714 0.549661934375763 0.531057417392731 0.564311802387238 0.61407470703125 0.570680975914001 0.506635725498199 0.653407990932465 0.770618796348572 0.639711737632751 0.508334040641785 0.648195862770081 0.638242065906525 0.541405856609344 0.607392847537994 0.511855065822601 0.501329898834229 0.43256139755249 0.47459465265274 0.422277271747589 0.393945842981339 0.433211594820023 0.439804404973984 0.385469973087311 0.36603569984436 0.367815732955933 0.339844465255737 0.316792905330658
0.865601897239685 0.857229769229889 0.84004157781601 0.605964779853821 0.531353294849396 0.544041812419891 0.516085863113403 0.474995195865631 0.461658418178558 0.501123428344727 0.452483087778091 0.467062026262283 0.501450002193451 0.476581662893295 0.469265282154083 0.497593313455582 0.4771888256073 0.526878774166107 0.53796797990799 0.526848793029785 0.532993018627167 0.542617738246918 0.66117137670517 0.747310101985931 0.683361649513245 0.833016216754913 0.776866018772125 0.666576981544495 0.588073074817657 0.6215900182724 0.708711445331573 0.710288822650909 0.743433654308319 0.649650931358337 0.467270106077194 0.466317176818848 0.471404552459717 0.454292923212051 0.424772351980209 0.418858826160431 0.408047765493393 0.383054375648499 0.393056064844131 0.374358654022217 0.348194688558578 0.322899252176285
