output/projections/07_HS/Myrcia silvatica.asc
NCOLS 168 
NROWS 144 
XLLCORNER -41.0000000002598 
YLLCORNER -7.99999999976785 
CELLSIZE 0.0416666666664048 
NODATA_value -3.4e+38 
[rows 0 to 19 of 144, columns 0 to 45 of 168]
-339999999999999996123846586046231871488.000000000000000 -3.4e+38 0.767488539218903 0.780428290367126 -3.4e+38 -3.4e+38 -3.4e+38 -3.4e+38 -3.4e+38 -3.4e+38 -3.4e+38 -3.4e+38 -3.4e+38 -3.4e+38 -3.4e+38 -3.4e+38 -3.4e+38 -3.4e+38 -3.4e+38 -3.4e+38 -3.4e+38 -3.4e+38 -3.4e+38 -3.4e+38 -3.4e+38 -3.4e+38 -3.4e+38 -3.4e+38 -3.4e+38 -3.4e+38 -3.4e+38 -3.4e+38 -3.4e+38 -3.4e+38 -3.4e+38 -3.4e+38 -3.4e+38 -3.4e+38 -3.4e+38 -3.4e+38 -3.4e+38 -3.4e+38 -3.4e+38 -3.4e+38 -3.4e+38 -3.4e+38
-3.4e+38 0.75142228603363 0.756636023521423 0.756870925426483 -3.4e+38 -3.4e+38 -3.4e+38 -3.4e+38 -3.4e+38 -3.4e+38 -3.4e+38 -3.4e+38 -3.4e+38 -3.4e+38 -3.4e+38 -3.4e+38 -3.4e+38 -3.4e+38 -3.4e+38 -3.4e+38 -3.4e+38 -3.4e+38 -3.4e+38 -3.4e+38 -3.4e+38 -3.4e+38 -3.4e+38 -3.4e+38 -3.4e+38 -3.4e+38 -3.4e+38 -3.4e+38 -3.4e+38 -3.4e+38 -3.4e+38 -3.4e+38 -3.4e+38 -3.4e+38 -3.4e+38 -3.4e+38 -3.4e+38 -3.4e+38 -3.4e+38 -3.4e+38 -3.4e+38 -3.4e+38
0.756634891033173 0.781530737876892 0.74977058172226 0.749531090259552 0.742290556430817 0.742290556430817 -3.4e+38 -3.4e+38 -3.4e+38 -3.4e+38 -3.4e+38 -3.4e+38 -3.4e+38 -3.4e+38 -3.4e+38 0.722075045108795 -3.4e+38 -3.4e+38 -3.4e+38 -3.4e+38 -3.4e+38 -3.4e+38 -3.4e+38 -3.4e+38 -3.4e+38 -3.4e+38 -3.4e+38 -3.4e+38 -3.4e+38 -3.4e+38 -3.4e+38 -3.4e+38 -3.4e+38 -3.4e+38 -3.4e+38 -3.4e+38 -3.4e+38 -3.4e+38 -3.4e+38 -3.4e+38 -3.4e+38 -3.4e+38 -3.4e+38 -3.4e+38 -3.4e+38 -3.4e+38
0.772037863731384 0.76820319890976 0.755478382110596 0.76432478427887 0.751217544078827 0.720254182815552 0.712491929531097 0.713014483451843 0.723344564437866 0.709352970123291 0.705663979053497 0.720020413398743 0.71615332365036 0.71693217754364 0.717708468437195 0.6995490193367 0.71042937040329 0.691730558872223 0.693089544773102 0.677691161632538 0.693360924720764 0.674626111984253 -3.4e+38 -3.4e+38 -3.4e+38 -3.4e+38 -3.4e+38 -3.4e+38 -3.4e+38 -3.4e+38 -3.4e+38 -3.4e+38 -3.4e+38 -3.4e+38 -3.4e+38 -3.4e+38 -3.4e+38 -3.4e+38 -3.4e+38 -3.4e+38 -3.4e+38 -3.4e+38 -3.4e+38 -3.4e+38 -3.4e+38 -3.4e+38
0.744737565517426 0.770255565643311 0.770255565643311 0.736168384552002 0.750044882297516 0.749564945697784 0.736417353153229 0.704336941242218 0.704602599143982 0.696048080921173 0.696858704090118 0.693351149559021 0.693622410297394 0.689821124076843 0.690366983413696 0.687092542648315 0.686818063259125 0.687366843223572 0.687915086746216 0.683523297309875 0.684627830982208 0.685178637504578 0.6966233253479 0.681874632835388 0.693928003311157 0.678552210330963 -3.4e+38 -3.4e+38 -3.4e+38 -3.4e+38 -3.4e+38 -3.4e+38 -3.4e+38 -3.4e+38 -3.4e+38 -3.4e+38 -3.4e+38 -3.4e+38 -3.4e+38 -3.4e+38 -3.4e+38 -3.4e+38 -3.4e+38 -3.4e+38 -3.4e+38 -3.4e+38
0.734188556671143 0.743543684482574 0.742812991142273 0.72893363237381 0.721319019794464 0.721319019794464 0.721062421798706 0.721062421798706 0.734452366828918 0.70276290178299 0.687631130218506 0.683789372444153 0.681032240390778 0.67658919095993 0.677147448062897 0.657336056232452 0.662769019603729 0.663339257240295 0.674921572208405 0.67520147562027 0.671842932701111 0.672686398029327 0.683824419975281 0.684100329875946 0.669879257678986 0.665641248226166 0.670726656913757 0.66706120967865 0.652173340320587 0.636686861515045 -3.4e+38 -3.4e+38 -3.4e+38 -3.4e+38 -3.4e+38 -3.4e+38 -3.4e+38 -3.4e+38 -3.4e+38 -3.4e+38 -3.4e+38 -3.4e+38 -3.4e+38 -3.4e+38 -3.4e+38 -3.4e+38
0.708584547042847 0.722086787223816 0.71383410692215 0.71383410692215 0.713051378726959 0.709127008914948 0.694449067115784 0.704640209674835 0.704640209674835 0.704905688762665 0.704640209674835 0.719541966915131 0.656184017658234 0.656760931015015 0.652440547943115 0.672676265239716 0.65330958366394 0.654176235198975 0.665630996227264 0.6504225730896 0.651292562484741 0.647233188152313 0.647817075252533 0.660232186317444 0.661090493202209 0.660804510116577 0.661662101745605 0.662518680095673 0.658521413803101 0.659095168113708 0.66024249792099 0.623928785324097 -3.4e+38 -3.4e+38 -3.4e+38 -3.4e+38 -3.4e+38 -3.4e+38 -3.4e+38 -3.4e+38 -3.4e+38 -3.4e+38 -3.4e+38 -3.4e+38 -3.4e+38 -3.4e+38
0.707023739814758 0.706496000289917 0.705965220928192 0.682430684566498 0.697434425354004 0.69689553976059 0.69230192899704 0.677161514759064 0.69175797700882 0.69230192899704 0.68821781873703 0.672971367835999 0.642261326313019 0.641674637794495 0.643141865730286 0.659361183643341 0.639628708362579 0.639922797679901 0.640216767787933 0.636395871639252 0.62091737985611 0.633150637149811 0.634040832519531 0.634632885456085 0.635224461555481 0.635815680027008 0.632271647453308 0.632569670677185 0.648715198040009 0.645812034606934 0.646103858947754 0.647270202636719 0.631688714027405 0.615525484085083 -3.4e+38 -3.4e+38 -3.4e+38 -3.4e+38 -3.4e+38 -3.4e+38 -3.4e+38 -3.4e+38 -3.4e+38 -3.4e+38 -3.4e+38 -3.4e+38
0.703583776950836 0.691494345664978 0.690131425857544 0.685481548309326 0.669883251190186 0.664506912231445 0.659948647022247 0.659662187099457 0.659662187099457 0.675229668617249 0.675229668617249 0.660522520542145 0.67578911781311 0.683828413486481 0.669318616390228 0.628989636898041 0.629287421703339 0.625418305397034 0.626314759254456 0.622133314609528 0.623633563518524 0.623333990573883 0.620041787624359 0.624830961227417 0.620943367481232 0.622145533561707 0.622745335102081 0.622745335102081 0.623644351959229 0.624542534351349 0.625140845775604 0.642603695392609 0.637909948825836 0.639382481575012 0.607054173946381 -3.4e+38 -3.4e+38 -3.4e+38 -3.4e+38 -3.4e+38 -3.4e+38 -3.4e+38 -3.4e+38 -3.4e+38 -3.4e+38 -3.4e+38
0.687677264213562 0.671854436397552 0.662806689739227 0.673276424407959 0.652770817279816 0.652192056179047 0.651612877845764 0.646972417831421 0.641716182231903 0.642009496688843 0.642010867595673 0.641717493534088 0.642890334129333 0.651033222675323 0.651612877845764 0.651612877845764 0.651902496814728 0.615518927574158 0.61642599105835 0.61733078956604 0.613413572311401 0.613413572311401 0.614321053028107 0.615229189395905 0.632584631443024 0.612213313579559 0.596049666404724 0.613424479961395 0.609492599964142 0.614937901496887 0.61131489276886 0.612224221229553 0.629038214683533 0.62546706199646 0.630525946617126 0.631715774536133 0.660006999969482 -3.4e+38 -3.4e+38 -3.4e+38 -3.4e+38 -3.4e+38 -3.4e+38 -3.4e+38 -3.4e+38 -3.4e+38
0.66110223531723 0.655079901218414 0.65046089887619 0.64493727684021 0.644644975662231 0.634958505630493 0.634366691112518 0.633181869983673 0.62873387336731 0.62873387336731 0.628435969352722 0.62366509437561 0.623964607715607 0.62873387336731 0.632885456085205 0.633181869983673 0.634072005748749 0.63908177614212 0.601870119571686 0.602175891399384 0.598204493522644 0.599124372005463 0.604925572872162 0.601269423961639 0.618262231349945 0.602186918258667 0.58093523979187 0.598828911781311 0.583109855651855 0.588673412799835 0.606155872344971 0.602503657341003 0.619779348373413 0.625168085098267 0.621281862258911 0.621882200241089 0.623081803321838 0.635287642478943 -3.4e+38 -3.4e+38 -3.4e+38 -3.4e+38 -3.4e+38 -3.4e+38 -3.4e+38 -3.4e+38
0.643483936786652 0.658835887908936 0.637616574764252 0.631706535816193 0.627251207828522 0.62157416343689 0.620973587036133 0.615863621234894 0.614957451820374 0.605872273445129 0.605262637138367 0.604957699775696 0.609817326068878 0.614352941513062 0.614957451820374 0.619171142578125 0.62007349729538 0.620374083518982 0.624862492084503 0.625460565090179 0.592987298965454 0.5765780210495 0.577512383460999 0.595450460910797 0.591149091720581 0.592382252216339 0.588690400123596 0.593923509120941 0.594538986682892 0.590851724147797 0.574416637420654 0.592702925205231 0.59301096200943 0.59424239397049 0.594857633113861 0.608314156532288 0.608618199825287 0.619187116622925 0.614672720432281 0.679485380649567 -3.4e+38 -3.4e+38 -3.4e+38 -3.4e+38 -3.4e+38 -3.4e+38
0.625767469406128 0.625169575214386 0.619480073451996 0.636166453361511 0.608914136886597 0.608610153198242 0.603439927101135 0.602828979492188 0.602217733860016 0.592414736747742 0.591181576251984 0.58686625957489 0.586556851863861 0.595175385475159 0.596097528934479 0.596098959445953 0.584371745586395 0.600995659828186 0.584681630134583 0.606481611728668 0.607090592384338 0.617373466491699 0.580329358577728 0.580329358577728 0.576293349266052 0.577852129936218 0.561596810817719 0.562225103378296 0.580029726028442 0.580340564250946 0.564737796783447 0.582516074180603 0.588391065597534 0.584688425064087 0.585617780685425 0.586856007575989 0.586546540260315 0.604668915271759 0.605278849601746 0.601317942142487 -3.4e+38 -3.4e+38 -3.4e+38 -3.4e+38 -3.4e+38 -3.4e+38
0.607098758220673 0.606489777565002 0.601309835910797 0.601309835910797 0.595492482185364 0.590882778167725 0.585016846656799 0.585016846656799 0.584088504314423 0.583466947078705 0.57788348197937 0.577260732650757 0.576949298381805 0.56759786605835 0.572906076908112 0.576639175415039 0.57695072889328 0.581606268882751 0.565386831760406 0.571012854576111 0.571014285087585 0.581278622150421 0.581899702548981 0.5531045794487 0.570684492588043 0.567251622676849 0.572871744632721 0.573808312416077 0.570695757865906 0.571008384227753 0.571633517742157 0.572883009910583 0.573819577693939 0.591496646404266 0.587491691112518 0.593037545681 0.576938927173615 0.59978723526001 0.596115291118622 0.596729636192322 0.618912220001221 0.631767094135284 -3.4e+38 -3.4e+38 -3.4e+38 -3.4e+38
0.605297148227692 0.600418090820312 0.582545936107635 0.577581882476807 0.593981146812439 0.571664988994598 0.570727229118347 0.587820947170258 0.560084044933319 0.560398459434509 0.559456527233124 0.5588259100914 0.558827340602875 0.557883262634277 0.541152358055115 0.539884567260742 0.54525899887085 0.544942557811737 0.550307095050812 0.550938665866852 0.556606531143188 0.578818559646606 0.566954076290131 0.572576642036438 0.590267062187195 0.556904137134552 0.557848632335663 0.559108853340149 0.559737920761108 0.555970549583435 0.56130975484848 0.567576169967651 0.563195824623108 0.564451158046722 0.565705716609955 0.566334187984467 0.584715187549591 0.585334837436676 0.5862637758255 0.587810635566711 0.587501406669617 0.589048326015472 -3.4e+38 -3.4e+38 -3.4e+38 -3.4e+38
0.562911987304688 0.55820643901825 0.55820643901825 0.557576894760132 0.557576894760132 0.564813733100891 0.530389249324799 0.546868026256561 0.547184228897095 0.528481602668762 0.545602738857269 0.540545880794525 0.522445559501648 0.522127151489258 0.521808743476868 0.520534813404083 0.538326501846313 0.521171808242798 0.525936841964722 0.531016409397125 0.53228747844696 0.53735738992691 0.547156870365143 0.548422873020172 0.553464651107788 0.559124648571014 0.569773256778717 0.548405528068542 0.54966938495636 0.550932645797729 0.534477353096008 0.552827775478363 0.553458690643311 0.549680769443512 0.555666863918304 0.556611895561218 0.557556569576263 0.558186113834381 0.58131217956543 0.581933259963989 0.578523933887482 0.57945716381073 0.602263212203979 -3.4e+38 -3.4e+38 -3.4e+38
0.49826192855835 0.516111791133881 0.499857157468796 0.499219059944153 0.50431364774704 0.522473096847534 0.522473096847534 0.522154688835144 0.521836221218109 0.521517813205719 0.521199345588684 0.520880877971649 0.521199345588684 0.502718508243561 0.507174611091614 0.52500969171524 0.50144237279892 0.50144237279892 0.50144237279892 0.505898654460907 0.511949956417084 0.516721665859222 0.52689129114151 0.532922863960266 0.537991881370544 0.539260447025299 0.550002634525299 0.572291314601898 0.516686618328094 0.517323970794678 0.541146337985992 0.537668645381927 0.543363690376282 0.549048900604248 0.545580804347992 0.546529829502106 0.564478278160095 0.553470015525818 0.550008058547974 0.567927718162537 0.569179892539978 0.579146146774292 0.575730681419373 0.593998908996582 -3.4e+38 -3.4e+38
0.445901930332184 0.458862334489822 0.45412141084671 0.449706077575684 0.450969666242599 0.451285660266876 0.45697009563446 0.462665796279907 0.458237111568451 0.463300377130508 0.473768264055252 0.473766803741455 0.478532999753952 0.478851467370987 0.47821456193924 0.482664316892624 0.482345640659332 0.487116813659668 0.487116813659668 0.486797988414764 0.492210745811462 0.496985793113708 0.50208044052124 0.507812559604645 0.51386296749115 0.519589245319366 0.529754936695099 0.553176462650299 0.546535789966583 0.512552618980408 0.513190269470215 0.531644523143768 0.528795063495636 0.534187257289886 0.535457253456116 0.537045538425446 0.543058454990387 0.543375134468079 0.544641435146332 0.541486084461212 0.547173738479614 0.565430581569672 0.566684484481812 0.584133267402649 0.585682451725006 -3.4e+38
0.395926207304001 0.408195197582245 0.402974545955658 0.398693293333054 0.398693293333054 0.394427478313446 0.394730925559998 0.395035862922668 0.395951181650162 0.408221840858459 0.404537230730057 0.404537230730057 0.419987112283707 0.429948091506958 0.439964652061462 0.450031846761703 0.458870828151703 0.458237111568451 0.463300377130508 0.468371242284775 0.472813874483109 0.473131984472275 0.482027024030685 0.488393694162369 0.49826192855835 0.50431364774704 0.514819324016571 0.520544826984406 0.526584625244141 0.536732792854309 0.516395449638367 0.51703280210495 0.52847558259964 0.524349629878998 0.526260435581207 0.531655967235565 0.532926797866821 0.528805077075958 0.53071403503418 0.536420881748199 0.542436480522156 0.556020498275757 0.561359584331512 0.562616169452667 0.581038177013397 0.54276317358017
0.342263430356979 0.341115176677704 0.357638031244278 0.348328649997711 0.344869583845139 0.345157980918884 0.346312671899796 0.34171387553215 0.342288255691528 0.339993566274643 0.312265276908875 0.347188025712967 0.384139508008957 0.379620939493179 0.379320442676544 0.380222231149673 0.388973265886307 0.39626744389534 0.434009045362473 0.441222816705704 0.427731543779373 0.431485623121262 0.468689024448395 0.472494304180145 0.477896124124527 0.488711088895798 0.495081663131714 0.499857157468796 0.516412973403931 0.52245557308197 0.528175055980682 0.51226133108139 0.513536632061005 0.514813244342804 0.520220279693604 0.516725599765778 0.523406147956848 0.524679362773895 0.529758930206299 0.526588618755341 0.545303165912628 0.534526228904724 0.551929712295532 0.553824067115784 0.559797644615173 0.543079853057861
