output/projections/07_HS/Scinax nebulosus.asc
NCOLS 168 
NROWS 144 
XLLCORNER -41.0000000002598 
YLLCORNER -7.99999999976785 
CELLSIZE 0.0416666666664048 
NODATA_value -3.4e+38 
[rows 120 to 139 of 144, columns 0 to 45 of 168]
0.847252428531647 0.841042041778564 0.805866718292236 0.877948582172394 0.869968771934509 0.840463221073151 0.837001323699951 0.826252520084381 0.828106462955475 0.886845886707306 0.882056713104248 0.830505728721619 0.800932466983795 0.873429656028748 0.841756165027618 0.804751098155975 0.886514842510223 0.895641088485718 0.929312586784363 0.923160195350647 0.913576185703278 0.840555131435394 0.906530201435089 0.921563267707825 0.886880278587341 0.905231237411499 0.874495327472687 0.903072655200958 0.939810216426849 0.959561228752136 0.971289873123169 0.971345961093903 0.968535482883453 0.948939085006714 0.929357647895813 0.935941100120544 0.941203951835632 0.962970972061157 0.965163290500641 0.970124542713165 0.971790552139282 0.971823632717133 0.967274785041809 0.971757471561432 0.971624612808228 0.969984292984009
0.920911073684692 0.895075440406799 0.918107867240906 0.836457550525665 0.873755633831024 0.839882731437683 0.874231696128845 0.888895332813263 0.859515368938446 0.855863749980927 0.818189144134521 0.826301753520966 0.859034061431885 0.887744784355164 0.853305518627167 0.842904448509216 0.897946536540985 0.933863699436188 0.920329332351685 0.901719033718109 0.881118357181549 0.889813601970673 0.908704996109009 0.895948648452759 0.919154107570648 0.935811340808868 0.910622000694275 0.914621472358704 0.945896565914154 0.96457052230835 0.965599715709686 0.965088784694672 0.966606497764587 0.956491827964783 0.939338803291321 0.948939085006714 0.949674069881439 0.959561228752136 0.960729956626892 0.965088784694672 0.963511765003204 0.963518798351288 0.946672856807709 0.967729687690735 0.97149121761322 0.97166895866394
0.919986546039581 0.938411474227905 0.896624863147736 0.868455469608307 0.849897682666779 0.873240053653717 0.853674590587616 0.883222579956055 0.855244755744934 0.879258692264557 0.855329632759094 0.862577617168427 0.904712080955505 0.891464471817017 0.93201345205307 0.862145841121674 0.89229816198349 0.927229344844818 0.938181042671204 0.88332861661911 0.934881985187531 0.906530201435089 0.910778403282166 0.882056713104248 0.944311916828156 0.944311916828156 0.940278172492981 0.945109605789185 0.942683637142181 0.939810216426849 0.951113998889923 0.941203951835632 0.948939085006714 0.962422549724579 0.962422549724579 0.965599715709686 0.966103434562683 0.955851793289185 0.950398981571198 0.959561228752136 0.953877449035645 0.965713143348694 0.957745432853699 0.948939085006714 0.950398981571198 0.971368312835693
0.927183091640472 0.90047150850296 0.908202886581421 0.904190361499786 0.843729794025421 0.875971794128418 0.89656126499176 0.889679074287415 0.882399022579193 0.929461300373077 0.921538531780243 0.893505573272705 0.940156698226929 0.899066627025604 0.933058142662048 0.90505462884903 0.888106763362885 0.922186017036438 0.929483771324158 0.917782247066498 0.934353649616241 0.893472969532013 0.941852867603302 0.88160628080368 0.945109605789185 0.933553636074066 0.950398981571198 0.95520281791687 0.965606391429901 0.939810216426849 0.92907327413559 0.962517023086548 0.968731045722961 0.971613526344299 0.971911668777466 0.97158020734787 0.967729687690735 0.971724331378937 0.97149121761322 0.961302161216736 0.960149705410004 0.947438597679138 0.960149705410004 0.971468865871429 0.966103434562683 0.955851793289185
0.890591681003571 0.895448684692383 0.839254260063171 0.890558242797852 0.860992014408112 0.843820154666901 0.920253872871399 0.93687492609024 0.919001162052155 0.918056309223175 0.937909841537476 0.917782247066498 0.935385644435883 0.933284997940063 0.917756378650665 0.92425799369812 0.924861013889313 0.92425799369812 0.937657654285431 0.926326036453247 0.932200193405151 0.905396103858948 0.940906465053558 0.874269366264343 0.906134128570557 0.93864107131958 0.960149705410004 0.971267461776733 0.971457719802856 0.953200876712799 0.90003377199173 0.935941100120544 0.961903154850006 0.971468865871429 0.971900701522827 0.971867680549622 0.971988439559937 0.971999406814575 0.964093685150146 0.968682289123535 0.966736197471619 0.953877449035645 0.947438597679138 0.968066692352295 0.971312344074249 0.956491827964783
0.869852364063263 0.847634077072144 0.836316823959351 0.870379686355591 0.852047145366669 0.849897682666779 0.87041836977005 0.933842480182648 0.90318089723587 0.916110038757324 0.928606271743774 0.945896565914154 0.941258132457733 0.922446608543396 0.913781940937042 0.92684417963028 0.951819241046906 0.940922260284424 0.953200876712799 0.943048298358917 0.90573650598526 0.90124374628067 0.932680070400238 0.913781940937042 0.896688401699066 0.945896565914154 0.965088784694672 0.971345961093903 0.971468865871429 0.953877449035645 0.922618091106415 0.939338803291321 0.946672856807709 0.957122981548309 0.971602439880371 0.971900701522827 0.972141444683075 0.971790552139282 0.964714646339417 0.961369454860687 0.965230882167816 0.96770453453064 0.96563309431076 0.960149705410004 0.955851793289185 0.945109605789185
0.862333595752716 0.871236681938171 0.886273145675659 0.856758832931519 0.871313571929932 0.869891166687012 0.883257925510406 0.908977925777435 0.858384788036346 0.892995297908783 0.924789547920227 0.963149964809418 0.953877449035645 0.918082058429718 0.881985366344452 0.934576392173767 0.958359181880951 0.962422549724579 0.966632485389709 0.963511765003204 0.877447724342346 0.900502264499664 0.946672856807709 0.947438597679138 0.931121110916138 0.948193967342377 0.963511765003204 0.971194386482239 0.971368312835693 0.959561228752136 0.939338803291321 0.95520281791687 0.953200876712799 0.948939085006714 0.965257883071899 0.97170215845108 0.972152352333069 0.972119629383087 0.971856653690338 0.965819597244263 0.967767357826233 0.966736197471619 0.951113998889923 0.962422549724579 0.949674069881439 0.971301138401031
0.893688440322876 0.895724713802338 0.872165262699127 0.864373564720154 0.86833792924881 0.86833792924881 0.879185855388641 0.862927079200745 0.86936217546463 0.887141704559326 0.934576392173767 0.966372549533844 0.970206081867218 0.96079820394516 0.915161192417145 0.910778403282166 0.945109605789185 0.957745432853699 0.967603802680969 0.96404492855072 0.875576078891754 0.920570552349091 0.945896565914154 0.948193967342377 0.948193967342377 0.950398981571198 0.957122981548309 0.961302161216736 0.965599715709686 0.967089593410492 0.966103434562683 0.960729956626892 0.95520281791687 0.947438597679138 0.957122981548309 0.963178515434265 0.971757471561432 0.972195863723755 0.972195863723755 0.969358205795288 0.963164210319519 0.958964407444 0.943503320217133 0.943503320217133 0.937418460845947 0.971557974815369
0.906297564506531 0.8813197016716 0.870673716068268 0.865304052829742 0.855074882507324 0.856143057346344 0.874043107032776 0.943755924701691 0.929699420928955 0.882363438606262 0.929483771324158 0.948939085006714 0.957147777080536 0.965806305408478 0.952514827251434 0.929244995117188 0.921250224113464 0.947438597679138 0.960149705410004 0.960149705410004 0.930284678936005 0.934840202331543 0.947438597679138 0.95520281791687 0.957745432853699 0.953200876712799 0.951819241046906 0.955851793289185 0.958964407444 0.962422549724579 0.96852320432663 0.969548285007477 0.967717111110687 0.956491827964783 0.950398981571198 0.964783072471619 0.970310568809509 0.972130537033081 0.971999406814575 0.962284743785858 0.971856653690338 0.968828439712524 0.950398981571198 0.936437129974365 0.940278172492981 0.971513450145721
0.887799739837646 0.883045673370361 0.874442994594574 0.853460311889648 0.856100797653198 0.882669508457184 0.868792295455933 0.950446367263794 0.9560467004776 0.916745960712433 0.937190651893616 0.936422944068909 0.937657654285431 0.957745432853699 0.965793013572693 0.954544723033905 0.907231390476227 0.939156770706177 0.954544723033905 0.958964407444 0.947438597679138 0.929154813289642 0.948193967342377 0.957745432853699 0.959561228752136 0.965088784694672 0.961302161216736 0.95520281791687 0.95520281791687 0.962970972061157 0.960729956626892 0.96565979719162 0.97149121761322 0.971076428890228 0.960813403129578 0.95520281791687 0.959209144115448 0.960479438304901 0.971757471561432 0.967553853988647 0.971900701522827 0.971856653690338 0.959693729877472 0.959584593772888 0.971613526344299 0.968166053295135
0.886501371860504 0.909493386745453 0.908448696136475 0.860226631164551 0.849678874015808 0.865807116031647 0.904534578323364 0.948193967342377 0.953317403793335 0.954623222351074 0.938411474227905 0.943503320217133 0.915777206420898 0.950398981571198 0.96424663066864 0.966839551925659 0.944311916828156 0.911771535873413 0.952514827251434 0.962970972061157 0.957122981548309 0.92148894071579 0.942582130432129 0.954544723033905 0.962422549724579 0.971194386482239 0.971194386482239 0.971194386482239 0.941852867603302 0.956491827964783 0.920505106449127 0.955851793289185 0.968302190303802 0.971602439880371 0.97173535823822 0.965379118919373 0.953200876712799 0.945896565914154 0.953877449035645 0.951819241046906 0.951819241046906 0.96881628036499 0.964232742786407 0.965257883071899 0.97173535823822 0.965713143348694
0.909493386745453 0.921702206134796 0.87208878993988 0.852332532405853 0.853417456150055 0.922633051872253 0.956850469112396 0.961726486682892 0.951883792877197 0.945896565914154 0.945109605789185 0.936895191669464 0.919961333274841 0.944311916828156 0.957818627357483 0.967376530170441 0.96368819475174 0.91414886713028 0.948939085006714 0.965599715709686 0.967089593410492 0.914771497249603 0.932972431182861 0.951819241046906 0.961302161216736 0.971194386482239 0.971289873123169 0.97143542766571 0.948193967342377 0.945109605789185 0.932366788387299 0.935441434383392 0.951113998889923 0.961354494094849 0.967880129814148 0.966411769390106 0.971613526344299 0.964274346828461 0.948939085006714 0.937903761863708 0.941203951835632 0.950398981571198 0.953877449035645 0.965699851512909 0.971468865871429 0.97158020734787
0.907364308834076 0.894033551216125 0.879040122032166 0.85712069272995 0.858743190765381 0.867346286773682 0.937837600708008 0.965163886547089 0.965647101402283 0.956063568592072 0.922755300998688 0.937150299549103 0.932472944259644 0.936124086380005 0.951819241046906 0.965846121311188 0.969286382198334 0.948939085006714 0.941852867603302 0.967641592025757 0.971312344074249 0.906442999839783 0.909961044788361 0.938206315040588 0.960149705410004 0.971194386482239 0.971401870250702 0.971424221992493 0.96457052230835 0.952514827251434 0.942683637142181 0.919920682907104 0.935441434383392 0.937418460845947 0.931841313838959 0.946672856807709 0.971613526344299 0.971099019050598 0.963078439235687 0.946672856807709 0.936929523944855 0.945896565914154 0.957122981548309 0.97143542766571 0.962978184223175 0.957745432853699
0.889477014541626 0.89155101776123 0.886935591697693 0.897997081279755 0.874480664730072 0.85023021697998 0.893721044063568 0.953549683094025 0.963505327701569 0.970952391624451 0.95925635099411 0.93980747461319 0.920279026031494 0.913754940032959 0.947438597679138 0.96532529592514 0.97158020734787 0.970644414424896 0.941203951835632 0.96564644575119 0.969972550868988 0.912437200546265 0.9164679646492 0.945109605789185 0.960149705410004 0.970327436923981 0.971379518508911 0.971524596214294 0.969021737575531 0.95520281791687 0.946672856807709 0.935441434383392 0.94074273109436 0.935941100120544 0.931107699871063 0.919920682907104 0.948939085006714 0.967754781246185 0.970089554786682 0.96563309431076 0.952514827251434 0.937903761863708 0.961302161216736 0.97143542766571 0.966762065887451 0.948193967342377
0.915591955184937 0.884343385696411 0.904071509838104 0.916284024715424 0.871605813503265 0.869697034358978 0.928560793399811 0.884041130542755 0.952031016349792 0.968129396438599 0.971779525279999 0.963306725025177 0.941876173019409 0.934332609176636 0.948193967342377 0.934290528297424 0.971557974815369 0.971713244915009 0.953877449035645 0.948193967342377 0.966600060462952 0.934861123561859 0.930092990398407 0.934395670890808 0.942566752433777 0.961866319179535 0.971446573734283 0.970367968082428 0.971334755420685 0.957745432853699 0.944311916828156 0.94074273109436 0.945896565914154 0.937903761863708 0.936437129974365 0.934938192367554 0.938863933086395 0.933920741081238 0.951819241046906 0.970883667469025 0.97141307592392 0.961866319179535 0.954544723033905 0.960729956626892 0.956491827964783 0.948193967342377
0.890324115753174 0.903695940971375 0.895660638809204 0.873012185096741 0.893211662769318 0.916641235351562 0.904505014419556 0.874480664730072 0.958077967166901 0.968104541301727 0.968054831027985 0.932113468647003 0.96689110994339 0.962546050548553 0.946672856807709 0.9321568608284 0.93322092294693 0.960172772407532 0.971557974815369 0.964632391929626 0.959561228752136 0.951819241046906 0.947438597679138 0.923087239265442 0.886708199977875 0.926890671253204 0.971323549747467 0.971379518508911 0.962422549724579 0.958359181880951 0.953200876712799 0.943503320217133 0.948939085006714 0.939338803291321 0.936781406402588 0.937291502952576 0.92847865819931 0.925898611545563 0.930763602256775 0.953877449035645 0.971424221992493 0.971194386482239 0.967089593410492 0.961302161216736 0.953877449035645 0.953877449035645
0.903319001197815 0.899147808551788 0.895223796367645 0.879462718963623 0.890357613563538 0.875389218330383 0.857607424259186 0.899570107460022 0.965607047080994 0.965526759624481 0.960387647151947 0.940938055515289 0.953200876712799 0.956491827964783 0.962487995624542 0.945131719112396 0.916615068912506 0.93808913230896 0.961866319179535 0.966684401035309 0.96404492855072 0.965088784694672 0.953200876712799 0.936382114887238 0.90502518415451 0.9013352394104 0.952514827251434 0.971457719802856 0.963511765003204 0.953877449035645 0.949674069881439 0.948193967342377 0.945109605789185 0.936206042766571 0.941203951835632 0.941203951835632 0.939810216426849 0.941852867603302 0.939338803291321 0.94074273109436 0.957745432853699 0.969884514808655 0.971194386482239 0.963511765003204 0.951819241046906 0.945896565914154
0.879847764968872 0.872455835342407 0.891484677791595 0.897139132022858 0.906942427158356 0.857036709785461 0.87051922082901 0.900256216526031 0.958077967166901 0.957361817359924 0.95723021030426 0.967892646789551 0.961369454860687 0.948214888572693 0.949790835380554 0.953200876712799 0.921026110649109 0.922250151634216 0.914921343326569 0.964051902294159 0.965606391429901 0.962422549724579 0.956491827964783 0.947330892086029 0.924813389778137 0.913440763950348 0.919373214244843 0.950398981571198 0.961302161216736 0.953200876712799 0.957745432853699 0.958964407444 0.951113998889923 0.935385644435883 0.937909841537476 0.94233226776123 0.94233226776123 0.942683637142181 0.944311916828156 0.93431156873703 0.96404492855072 0.963511765003204 0.967089593410492 0.963511765003204 0.961866319179535 0.955851793289185
0.885593771934509 0.886031091213226 0.8995081782341 0.892798602581024 0.915618419647217 0.871044218540192 0.880794823169708 0.918873429298401 0.955945134162903 0.963207006454468 0.967363834381104 0.97154688835144 0.958359181880951 0.960729956626892 0.95520281791687 0.935686230659485 0.927968502044678 0.90513151884079 0.913250803947449 0.960729956626892 0.958964407444 0.96404492855072 0.961302161216736 0.95520281791687 0.946680009365082 0.915363550186157 0.913727939128876 0.922087550163269 0.948939085006714 0.952514827251434 0.95520281791687 0.95520281791687 0.958359181880951 0.949674069881439 0.93636167049408 0.953200876712799 0.943403124809265 0.947438597679138 0.948193967342377 0.942472755908966 0.955851793289185 0.942253351211548 0.967572212219238 0.968517065048218 0.955851793289185 0.958964407444
0.881212055683136 0.902940809726715 0.890712201595306 0.888195633888245 0.904818713665009 0.881699621677399 0.908117115497589 0.929892122745514 0.922584056854248 0.951521039009094 0.923150718212128 0.95520281791687 0.949390530586243 0.963511765003204 0.958359181880951 0.933841049671173 0.935686230659485 0.899085640907288 0.941432356834412 0.95520281791687 0.933143615722656 0.948848068714142 0.958964407444 0.958964407444 0.950398981571198 0.913305103778839 0.915001392364502 0.943863034248352 0.949674069881439 0.922062873840332 0.945682168006897 0.957745432853699 0.956491827964783 0.95520281791687 0.934462130069733 0.931011080741882 0.949674069881439 0.947874546051025 0.931488990783691 0.935269117355347 0.962970972061157 0.941781103610992 0.956491827964783 0.970763981342316 0.944243013858795 0.952514827251434
