output/projections/07_HS/Scinax nebulosus.asc
NCOLS 168 
NROWS 144 
XLLCORNER -41.0000000002598 
YLLCORNER -7.99999999976785 
CELLSIZE 0.0416666666664048 
NODATA_value -3.4e+38 
[rows 80 to 99 of 144, columns 92 to 137 of 168]
0.177408024668694 0.26660093665123 0.260537326335907 0.232992872595787 0.241376459598541 0.175327509641647 0.212932422757149 0.200024828314781 0.110514029860497 0.124303817749023 0.107214473187923 0.105704188346863 0.118239238858223 0.114817745983601 0.137083679437637 0.0863720029592514 0.118711292743683 0.0902212336659431 0.0826666578650475 0.0832214057445526 0.0759232938289642 0.0736420527100563 0.0732994228601456 0.0799194648861885 0.0783762708306313 0.0783762708306313 0.0781571716070175 0.086757555603981 0.0823913291096687 0.0753714218735695 0.095199853181839 0.113608814775944 0.164169758558273 0.178122609853745 0.244061067700386 0.252039104700089 0.238655537366867 0.233474388718605 0.312189131975174 0.371217429637909 0.489436656236649 0.542093217372894 0.666433274745941 0.723194479942322 0.789210319519043 0.803519546985626
0.200137764215469 0.313504576683044 0.324170351028442 0.281427204608917 0.249020949006081 0.227456584572792 0.211712688207626 0.114843107759953 0.10866841673851 0.146835967898369 0.119584478437901 0.11137967556715 0.131693601608276 0.131693601608276 0.157054677605629 0.0873496830463409 0.119476430118084 0.0947213768959045 0.0935377851128578 0.0911093354225159 0.0790561512112617 0.0774044245481491 0.0851525738835335 0.101837359368801 0.084916278719902 0.0850715190172195 0.0850715190172195 0.0991934463381767 0.0946852713823318 0.0852912217378616 0.104057319462299 0.203841760754585 0.286950051784515 0.295457869768143 0.349917769432068 0.307987242937088 0.283346712589264 0.29629322886467 0.33151251077652 0.492602974176407 0.510457813739777 0.542464137077332 0.674840211868286 0.747397840023041 0.791222155094147 0.810773313045502
0.240220382809639 0.337153524160385 0.328156471252441 0.28716567158699 0.286544352769852 0.25375697016716 0.167283773422241 0.107771910727024 0.117580033838749 0.172821402549744 0.148288726806641 0.149697080254555 0.11607650667429 0.156023934483528 0.182467892765999 0.101198509335518 0.142627596855164 0.113389410078526 0.103390961885452 0.0954765975475311 0.0896508321166039 0.079452320933342 0.0853894725441933 0.111825294792652 0.0986596345901489 0.0916393846273422 0.0967926532030106 0.111420899629593 0.115160472691059 0.138276562094688 0.150969535112381 0.276363521814346 0.29968398809433 0.255012810230255 0.304153382778168 0.323166340589523 0.3982013463974 0.449209660291672 0.405503749847412 0.489182710647583 0.571387588977814 0.580524682998657 0.630572557449341 0.754277586936951 0.800276577472687 0.811238825321198
0.278681695461273 0.333787351846695 0.331995129585266 0.34071084856987 0.309724152088165 0.212553918361664 0.158899188041687 0.137472927570343 0.129436522722244 0.141030982136726 0.145763903856277 0.148958995938301 0.118185728788376 0.147088006138802 0.200751349329948 0.115384139120579 0.10997136682272 0.0979698449373245 0.10274114459753 0.0964401736855507 0.104267597198486 0.0767716839909554 0.104828223586082 0.157453805208206 0.131830155849457 0.106245510280132 0.119647078216076 0.130436226725578 0.166715815663338 0.186156257987022 0.190614327788353 0.216030418872833 0.214132964611053 0.211514934897423 0.256829261779785 0.269616633653641 0.317082464694977 0.364012867212296 0.325691401958466 0.379579454660416 0.401383191347122 0.481666773557663 0.624069154262543 0.767932236194611 0.770372986793518 0.804609656333923
0.357948511838913 0.377801120281219 0.280777454376221 0.265769571065903 0.205722242593765 0.166054934263229 0.161773726344109 0.128306418657303 0.124332539737225 0.111861124634743 0.111311264336109 0.112735986709595 0.13468037545681 0.140298470854759 0.184197068214417 0.149411469697952 0.108620084822178 0.106802299618721 0.10529713332653 0.0983127877116203 0.0881884917616844 0.084532618522644 0.0831395983695984 0.123426795005798 0.140965729951859 0.119546502828598 0.142422318458557 0.152802631258965 0.203377112746239 0.204349055886269 0.208628982305527 0.21129210293293 0.218398422002792 0.278738617897034 0.282292604446411 0.31182798743248 0.306285053491592 0.284844607114792 0.269255936145782 0.273579776287079 0.404863297939301 0.556880414485931 0.616360127925873 0.688349425792694 0.774295270442963 0.813681364059448
0.398906052112579 0.272753596305847 0.177408024668694 0.175503835082054 0.239618435502052 0.291304528713226 0.164284467697144 0.128219529986382 0.180469587445259 0.210905909538269 0.147938802838326 0.147874101996422 0.156482607126236 0.194295257329941 0.227789357304573 0.17664048075676 0.125045269727707 0.123863689601421 0.108776524662971 0.0993018448352814 0.0915670394897461 0.0898208990693092 0.112637937068939 0.158527404069901 0.146671205759048 0.137101739645004 0.132397428154945 0.151894867420197 0.184192076325417 0.180427774786949 0.191392078995705 0.178173795342445 0.217540457844734 0.258707493543625 0.291775286197662 0.389624834060669 0.407615333795547 0.383653372526169 0.48068231344223 0.536633193492889 0.574009835720062 0.647119581699371 0.689801752567291 0.715880751609802 0.74349844455719 0.786778748035431
0.250012874603271 0.218987122178078 0.24596843123436 0.308373808860779 0.386943131685257 0.368889510631561 0.177408024668694 0.163488283753395 0.157917365431786 0.143147096037865 0.150783821940422 0.154204830527306 0.159973084926605 0.174305230379105 0.186840042471886 0.208226978778839 0.145437091588974 0.130130976438522 0.112846195697784 0.100935861468315 0.0950615331530571 0.130928754806519 0.153364717960358 0.140608727931976 0.139147132635117 0.133447557687759 0.13182033598423 0.141682028770447 0.147280722856522 0.145642653107643 0.164760068058968 0.165711462497711 0.188845917582512 0.228485122323036 0.277221858501434 0.352743208408356 0.423182219266891 0.445196688175201 0.475321114063263 0.37806648015976 0.410083323717117 0.619168102741241 0.589826166629791 0.703780710697174 0.701658487319946 0.792501866817474
0.220892786979675 0.339699476957321 0.397762984037399 0.390303820371628 0.377618461847305 0.286598294973373 0.184612020850182 0.166995942592621 0.18912261724472 0.197966814041138 0.166539236903191 0.18677993118763 0.184536918997765 0.175181180238724 0.18005508184433 0.176659658551216 0.156008452177048 0.139167681336403 0.113962985575199 0.110846288502216 0.100026004016399 0.142210081219673 0.146812275052071 0.120196402072906 0.108381807804108 0.112533934414387 0.122986249625683 0.113438472151756 0.120720580220222 0.124510705471039 0.126386284828186 0.18221840262413 0.175395339727402 0.182754963636398 0.204707965254784 0.234302222728729 0.276716470718384 0.356077373027802 0.34154999256134 0.383515357971191 0.486959636211395 0.498792916536331 0.551858246326447 0.584304332733154 0.720036923885345 0.785422801971436
0.302994787693024 0.448122590780258 0.393860459327698 0.345953971147537 0.257888406515121 0.330226719379425 0.238166660070419 0.193648219108582 0.253038048744202 0.245873227715492 0.210286065936089 0.18770432472229 0.181075647473335 0.208556264638901 0.185014277696609 0.15640877187252 0.145814955234528 0.138928711414337 0.121709406375885 0.0999400541186333 0.11416470259428 0.146063759922981 0.116109773516655 0.0979594513773918 0.0926628857851028 0.142432793974876 0.131830155849457 0.123642928898335 0.120831117033958 0.113438472151756 0.149573132395744 0.218776568770409 0.187831848859787 0.204793870449066 0.245827898383141 0.275001764297485 0.361810714006424 0.467416256666183 0.473473787307739 0.468356817960739 0.450546234846115 0.494084447622299 0.657687544822693 0.639212071895599 0.683696329593658 0.767435312271118
0.382136166095734 0.388817012310028 0.31303682923317 0.257506549358368 0.32578906416893 0.395788758993149 0.248373582959175 0.229017540812492 0.209077477455139 0.270610779523849 0.334466248750687 0.202413991093636 0.188208147883415 0.192575678229332 0.205422446131706 0.175639554858208 0.132546648383141 0.151682049036026 0.123661518096924 0.104657128453255 0.109468221664429 0.136292442679405 0.101948320865631 0.0934317857027054 0.109561376273632 0.124415963888168 0.117668449878693 0.109459862112999 0.101940467953682 0.122986249625683 0.210973918437958 0.232681199908257 0.227851748466492 0.248484313488007 0.27150484919548 0.348320424556732 0.426456660032272 0.507236540317535 0.54326343536377 0.583053052425385 0.627569258213043 0.679357171058655 0.620244562625885 0.697125792503357 0.6885005235672 0.733654379844666
0.382136166095734 0.291789025068283 0.250827878713608 0.28651088476181 0.600715100765228 0.423312872648239 0.275275260210037 0.301567852497101 0.298397034406662 0.272567003965378 0.270422279834747 0.234037965536118 0.213934823870659 0.209230199456215 0.211073905229568 0.196053504943848 0.136537700891495 0.129679724574089 0.140744939446449 0.108105204999447 0.102322295308113 0.102785542607307 0.10039371997118 0.137235090136528 0.0928380787372589 0.134747251868248 0.124415963888168 0.0981359779834747 0.0992087796330452 0.154778838157654 0.258816301822662 0.198031693696976 0.197068780660629 0.216368675231934 0.265573054552078 0.300220638513565 0.390162438154221 0.434451162815094 0.482218742370605 0.516178965568542 0.649727165699005 0.646811842918396 0.689513385295868 0.684061706066132 0.711045026779175 0.738375127315521
0.327334970235825 0.286456972360611 0.279555350542068 0.483718723058701 0.69351851940155 0.406691879034042 0.280534237623215 0.307541251182556 0.413685858249664 0.318645834922791 0.254780352115631 0.230586022138596 0.244148999452591 0.239534750580788 0.219413623213768 0.187314972281456 0.153511077165604 0.122146017849445 0.111652716994286 0.131393492221832 0.0986825227737427 0.132656499743462 0.141956299543381 0.093947559595108 0.127859324216843 0.171988740563393 0.159049212932587 0.10084143280983 0.205678373575211 0.216913223266602 0.273371011018753 0.212480276823044 0.214842274785042 0.261891454458237 0.250914543867111 0.26064270734787 0.301442742347717 0.389440029859543 0.419633835554123 0.403473228216171 0.418345481157303 0.516769170761108 0.52642548084259 0.597537815570831 0.601780235767365 0.715225219726562
0.321212947368622 0.37156081199646 0.365986436605453 0.615761935710907 0.606838166713715 0.347565680742264 0.305566519498825 0.307762980461121 0.438872873783112 0.384949505329132 0.291594654321671 0.252399951219559 0.290637612342834 0.229764267802238 0.209402486681938 0.181558787822723 0.149241670966148 0.123558044433594 0.111954309046268 0.123774372041225 0.176811128854752 0.22620564699173 0.138317465782166 0.166618898510933 0.216794714331627 0.256756722927094 0.17691271007061 0.159583926200867 0.211667895317078 0.245722994208336 0.241994857788086 0.220337808132172 0.215355038642883 0.231598451733589 0.268366903066635 0.310751974582672 0.338730573654175 0.333057999610901 0.277777880430222 0.423380076885223 0.556535959243774 0.663747668266296 0.647505402565002 0.581818401813507 0.704983115196228 0.66358083486557
0.335296720266342 0.493465840816498 0.597523033618927 0.640456020832062 0.356751710176468 0.314009636640549 0.403997302055359 0.466062009334564 0.364176899194717 0.38357475399971 0.350823849439621 0.2749063372612 0.262443542480469 0.256060987710953 0.204941138625145 0.188546627759933 0.14469438791275 0.134767264127731 0.112256616353989 0.196683526039124 0.28217825293541 0.267123311758041 0.213075220584869 0.18454384803772 0.240215748548508 0.209518030285835 0.191902458667755 0.170830339193344 0.174712300300598 0.223138004541397 0.186471879482269 0.177330359816551 0.171384394168854 0.173825889825821 0.218598693609238 0.222905024886131 0.207847863435745 0.248232126235962 0.362813889980316 0.578776240348816 0.631238520145416 0.651476860046387 0.620196998119354 0.590682208538055 0.734188973903656 0.675237655639648
0.43095076084137 0.802502274513245 0.730364620685577 0.606931686401367 0.342095911502838 0.321875512599945 0.46982142329216 0.404184430837631 0.380235880613327 0.395097643136978 0.360318779945374 0.289600998163223 0.272112846374512 0.324735343456268 0.201191589236259 0.146323636174202 0.132786199450493 0.142708271741867 0.158145532011986 0.363103747367859 0.33584913611412 0.230456352233887 0.271666705608368 0.225826442241669 0.219711571931839 0.162999838590622 0.173850521445274 0.17676118016243 0.159316390752792 0.152163252234459 0.175288692116737 0.139740824699402 0.190159410238266 0.208958730101585 0.204335108399391 0.20091412961483 0.290263950824738 0.349059611558914 0.538565754890442 0.622294902801514 0.593177497386932 0.559449136257172 0.545356333255768 0.704070448875427 0.69146066904068 0.72921359539032
0.765187740325928 0.823386251926422 0.738023996353149 0.477916926145554 0.417521148920059 0.346289545297623 0.314272284507751 0.349422216415405 0.362381845712662 0.341719716787338 0.360778987407684 0.260683685541153 0.256242990493774 0.20608888566494 0.1631770581007 0.136660471558571 0.158816784620285 0.236418977379799 0.252605110406876 0.378611773252487 0.365656435489655 0.228844448924065 0.21054008603096 0.180773958563805 0.157051309943199 0.144673153758049 0.121274150907993 0.117461360991001 0.119774855673313 0.162716001272202 0.128976434469223 0.164223179221153 0.155963271856308 0.20287162065506 0.184179186820984 0.269766241312027 0.334342837333679 0.356887817382812 0.409401774406433 0.463717103004456 0.431834191083908 0.554484307765961 0.67340087890625 0.665778160095215 0.694913029670715 0.733001828193665
0.834218323230743 0.812005996704102 0.679953813552856 0.366790741682053 0.371825456619263 0.349816113710403 0.264877378940582 0.396260142326355 0.280126422643661 0.434657514095306 0.293113023042679 0.337884485721588 0.207241401076317 0.167064920067787 0.17202539741993 0.176811128854752 0.224796161055565 0.329146713018417 0.385269403457642 0.389800906181335 0.313965827226639 0.236575961112976 0.162325978279114 0.143186867237091 0.240025818347931 0.125411927700043 0.100574143230915 0.128986075520515 0.138908192515373 0.180004417896271 0.134272500872612 0.134504705667496 0.143784359097481 0.214856743812561 0.183125302195549 0.225221052765846 0.255533993244171 0.299483567476273 0.407483696937561 0.472148686647415 0.589359641075134 0.676484048366547 0.688798606395721 0.727351248264313 0.704702854156494 0.74260413646698
0.807298719882965 0.798178255558014 0.469171464443207 0.377722293138504 0.316052585840225 0.329338699579239 0.389553338289261 0.369388401508331 0.302586138248444 0.503299713134766 0.53035432100296 0.29899063706398 0.220098152756691 0.217177584767342 0.344457715749741 0.330931186676025 0.336526930332184 0.408886134624481 0.39315003156662 0.387162178754807 0.236027866601944 0.204899206757545 0.128995716571808 0.283146619796753 0.145923286676407 0.124311946332455 0.132996454834938 0.18060714006424 0.164234951138496 0.203883543610573 0.1259555965662 0.138659343123436 0.201583459973335 0.241628885269165 0.205494344234467 0.218272566795349 0.317755281925201 0.427083790302277 0.516262412071228 0.569329798221588 0.619116961956024 0.667808055877686 0.657997727394104 0.635128200054169 0.649582147598267 0.758256435394287
0.692262291908264 0.601290583610535 0.347922921180725 0.413708209991455 0.308098644018173 0.320280164480209 0.493726044893265 0.317227303981781 0.298772484064102 0.291443645954132 0.320525497198105 0.410375833511353 0.493922650814056 0.468860536813736 0.516942203044891 0.386709004640579 0.402337610721588 0.418167144060135 0.23027178645134 0.272663772106171 0.319619327783585 0.195862457156181 0.179581850767136 0.335346668958664 0.251411616802216 0.307018280029297 0.261002391576767 0.192373886704445 0.258283406496048 0.226845011115074 0.142804160714149 0.212508991360664 0.247221857309341 0.234327301383018 0.222431868314743 0.266615241765976 0.336373686790466 0.392986297607422 0.453122913837433 0.505986869335175 0.578729271888733 0.561598658561707 0.464073449373245 0.717665910720825 0.685280740261078 0.722167432308197
0.515224516391754 0.361047714948654 0.368630558252335 0.38331925868988 0.326890021562576 0.334476500749588 0.529619097709656 0.510847926139832 0.291013926267624 0.259882003068924 0.507010042667389 0.645323634147644 0.398233622312546 0.519455552101135 0.405262291431427 0.343537449836731 0.262024134397507 0.20705634355545 0.217148423194885 0.165369391441345 0.247463569045067 0.170854642987251 0.251036107540131 0.402025431394577 0.340296864509583 0.303173065185547 0.248953491449356 0.185433775186539 0.261387586593628 0.17941589653492 0.221412643790245 0.232897758483887 0.240168780088425 0.223138004541397 0.238872736692429 0.284099578857422 0.311672806739807 0.365718811750412 0.383403092622757 0.423605501651764 0.446583211421967 0.442532509565353 0.504752516746521 0.68706738948822 0.637503266334534 0.782510042190552
