output/projections/07_HS/Scinax nebulosus.asc
NCOLS 168 
NROWS 144 
XLLCORNER -41.0000000002598 
YLLCORNER -7.99999999976785 
CELLSIZE 0.0416666666664048 
NODATA_value -3.4e+38 
[rows 0 to 19 of 144, columns 0 to 45 of 168]
-339999999999999996123846586046231871488.000000000000000 -3.4e+38 0.718122720718384 0.728250682353973 -3.4e+38 -3.4e+38 -3.4e+38 -3.4e+38 -3.4e+38 -3.4e+38 -3.4e+38 -3.4e+38 -3.4e+38 -3.4e+38 -3.4e+38 -3.4e+38 -3.4e+38 -3.4e+38 -3.4e+38 -3.4e+38 -3.4e+38 -3.4e+38 -3.4e+38 -3.4e+38 -3.4e+38 -3.4e+38 -3.4e+38 -3.4e+38 -3.4e+38 -3.4e+38 -3.4e+38 -3.4e+38 -3.4e+38 -3.4e+38 -3.4e+38 -3.4e+38 -3.4e+38 -3.4e+38 -3.4e+38 -3.4e+38 -3.4e+38 -3.4e+38 -3.4e+38 -3.4e+38 -3.4e+38 -3.4e+38
-3.4e+38 0.719963371753693 0.714241981506348 0.715268194675446 -3.4e+38 -3.4e+38 -3.4e+38 -3.4e+38 -3.4e+38 -3.4e+38 -3.4e+38 -3.4e+38 -3.4e+38 -3.4e+38 -3.4e+38 -3.4e+38 -3.4e+38 -3.4e+38 -3.4e+38 -3.4e+38 -3.4e+38 -3.4e+38 -3.4e+38 -3.4e+38 -3.4e+38 -3.4e+38 -3.4e+38 -3.4e+38 -3.4e+38 -3.4e+38 -3.4e+38 -3.4e+38 -3.4e+38 -3.4e+38 -3.4e+38 -3.4e+38 -3.4e+38 -3.4e+38 -3.4e+38 -3.4e+38 -3.4e+38 -3.4e+38 -3.4e+38 -3.4e+38 -3.4e+38 -3.4e+38
0.700391173362732 0.717120170593262 0.716098010540009 0.714454412460327 0.712396323680878 0.712396323680878 -3.4e+38 -3.4e+38 -3.4e+38 -3.4e+38 -3.4e+38 -3.4e+38 -3.4e+38 -3.4e+38 -3.4e+38 0.713621735572815 -3.4e+38 -3.4e+38 -3.4e+38 -3.4e+38 -3.4e+38 -3.4e+38 -3.4e+38 -3.4e+38 -3.4e+38 -3.4e+38 -3.4e+38 -3.4e+38 -3.4e+38 -3.4e+38 -3.4e+38 -3.4e+38 -3.4e+38 -3.4e+38 -3.4e+38 -3.4e+38 -3.4e+38 -3.4e+38 -3.4e+38 -3.4e+38 -3.4e+38 -3.4e+38 -3.4e+38 -3.4e+38 -3.4e+38 -3.4e+38
0.717946708202362 0.715285658836365 0.706960141658783 0.703188717365265 0.702137112617493 0.701083421707153 0.7067990899086 0.700446546077728 0.716151654720306 0.699808895587921 0.699808895587921 0.708253741264343 0.707212626934052 0.708666026592255 0.703388035297394 0.703388035297394 0.702754020690918 0.701701521873474 0.69847571849823 0.688142478466034 0.698895990848541 0.699954092502594 -3.4e+38 -3.4e+38 -3.4e+38 -3.4e+38 -3.4e+38 -3.4e+38 -3.4e+38 -3.4e+38 -3.4e+38 -3.4e+38 -3.4e+38 -3.4e+38 -3.4e+38 -3.4e+38 -3.4e+38 -3.4e+38 -3.4e+38 -3.4e+38 -3.4e+38 -3.4e+38 -3.4e+38 -3.4e+38 -3.4e+38 -3.4e+38
0.705717980861664 0.720645725727081 0.720645725727081 0.698768496513367 0.707643508911133 0.706601142883301 0.69748842716217 0.704925239086151 0.69748842716217 0.693647861480713 0.695782840251923 0.696847200393677 0.697909414768219 0.697268724441528 0.699389398097992 0.701501548290253 0.699808895587921 0.701919376850128 0.704021275043488 0.701283514499664 0.704437077045441 0.706528663635254 0.70694237947464 0.707984030246735 0.711095988750458 0.70101010799408 -3.4e+38 -3.4e+38 -3.4e+38 -3.4e+38 -3.4e+38 -3.4e+38 -3.4e+38 -3.4e+38 -3.4e+38 -3.4e+38 -3.4e+38 -3.4e+38 -3.4e+38 -3.4e+38 -3.4e+38 -3.4e+38 -3.4e+38 -3.4e+38 -3.4e+38 -3.4e+38
0.706977903842926 0.712218165397644 0.708486497402191 0.698987603187561 0.696223378181458 0.696223378181458 0.695157766342163 0.69451379776001 0.70093846321106 0.701992511749268 0.691726624965668 0.691726624965668 0.696003139019012 0.693223536014557 0.69536018371582 0.694292902946472 0.68929648399353 0.691448271274567 0.700027525424957 0.700446546077728 0.702554404735565 0.697212994098663 0.704021275043488 0.705069005489349 0.700809895992279 0.699114978313446 0.702281713485718 0.703332960605621 0.697358965873718 0.690891265869141 -3.4e+38 -3.4e+38 -3.4e+38 -3.4e+38 -3.4e+38 -3.4e+38 -3.4e+38 -3.4e+38 -3.4e+38 -3.4e+38 -3.4e+38 -3.4e+38 -3.4e+38 -3.4e+38 -3.4e+38 -3.4e+38
0.697670459747314 0.703007221221924 0.706618905067444 0.698146939277649 0.694311082363129 0.693241775035858 0.693241775035858 0.689371347427368 0.697983145713806 0.69044816493988 0.688720643520355 0.699462890625 0.684331119060516 0.684762179851532 0.684762179851532 0.685847640037537 0.686277568340302 0.68951940536499 0.68844085931778 0.689946591854095 0.693167448043823 0.693167448043823 0.693591833114624 0.695726990699768 0.698913991451263 0.697212994098663 0.691817760467529 0.695027768611908 0.702916324138641 0.705014169216156 0.699698030948639 0.690464794635773 -3.4e+38 -3.4e+38 -3.4e+38 -3.4e+38 -3.4e+38 -3.4e+38 -3.4e+38 -3.4e+38 -3.4e+38 -3.4e+38 -3.4e+38 -3.4e+38 -3.4e+38 -3.4e+38
0.703857958316803 0.708504199981689 0.707463622093201 0.694108366966248 0.694108366966248 0.691319108009338 0.688087582588196 0.678661286830902 0.68526828289032 0.687435328960419 0.685698688030243 0.676898777484894 0.68894374370575 0.677335202693939 0.681719541549683 0.682810664176941 0.683242797851562 0.675511062145233 0.685417413711548 0.677049994468689 0.679247140884399 0.680342733860016 0.681869506835938 0.684049189090729 0.685566425323486 0.687732398509979 0.689890146255493 0.689239978790283 0.690317034721375 0.69353574514389 0.693959832191467 0.706689774990082 0.700335800647736 0.692187011241913 -3.4e+38 -3.4e+38 -3.4e+38 -3.4e+38 -3.4e+38 -3.4e+38 -3.4e+38 -3.4e+38 -3.4e+38 -3.4e+38 -3.4e+38 -3.4e+38
0.706167995929718 0.703025162220001 0.697103261947632 0.693260014057159 0.692188680171967 0.687230050563812 0.685062289237976 0.674483597278595 0.683318436145782 0.683318436145782 0.68266087770462 0.684837639331818 0.684837639331818 0.684181749820709 0.678661286830902 0.677562654018402 0.677998602390289 0.679096460342407 0.682378172874451 0.681719541549683 0.677277565002441 0.684331119060516 0.687583863735199 0.681002855300903 0.681436359882355 0.684705197811127 0.686874389648438 0.686220765113831 0.689462900161743 0.692686557769775 0.694180905818939 0.69737708568573 0.694604516029358 0.69991672039032 0.684797525405884 -3.4e+38 -3.4e+38 -3.4e+38 -3.4e+38 -3.4e+38 -3.4e+38 -3.4e+38 -3.4e+38 -3.4e+38 -3.4e+38 -3.4e+38
0.705338954925537 0.703242421150208 0.698384344577789 0.694126546382904 0.690262317657471 0.688106000423431 0.676480829715729 0.683111727237701 0.670277893543243 0.67138934135437 0.67851048707962 0.668491899967194 0.672938346862793 0.672269523143768 0.674483597278595 0.673816382884979 0.674921691417694 0.676025032997131 0.677562654018402 0.671981990337372 0.67309045791626 0.672421872615814 0.684555947780609 0.677941024303436 0.689314901828766 0.681662261486053 0.675015509128571 0.685360491275787 0.677656054496765 0.689035356044769 0.691188156604767 0.694401860237122 0.694825291633606 0.696955621242523 0.700135290622711 0.69412487745285 0.712084710597992 -3.4e+38 -3.4e+38 -3.4e+38 -3.4e+38 -3.4e+38 -3.4e+38 -3.4e+38 -3.4e+38 -3.4e+38
0.709309041500092 0.702408611774445 0.700300097465515 0.694347500801086 0.693278253078461 0.687248528003693 0.684425175189972 0.680060625076294 0.678302109241486 0.669394969940186 0.6676065325737 0.665368914604187 0.665813267230988 0.668049335479736 0.668049335479736 0.668491899967194 0.670718908309937 0.674045145511627 0.673377513885498 0.665522873401642 0.67558765411377 0.669317603111267 0.673758447170258 0.675967216491699 0.685211420059204 0.678603768348694 0.669028759002686 0.672363758087158 0.675681352615356 0.679416418075562 0.681605041027069 0.692483186721802 0.692908108234406 0.697175443172455 0.688978850841522 0.699716031551361 0.70392918586731 0.703295826911926 -3.4e+38 -3.4e+38 -3.4e+38 -3.4e+38 -3.4e+38 -3.4e+38 -3.4e+38 -3.4e+38
0.697926163673401 0.703676700592041 0.69946151971817 0.693499565124512 0.692428708076477 0.677600145339966 0.68421882390976 0.680287063121796 0.676329493522644 0.674121975898743 0.6622314453125 0.661104679107666 0.662677824497223 0.663802027702332 0.66604483127594 0.664247334003448 0.658552348613739 0.66872251033783 0.660131216049194 0.67138934135437 0.665754556655884 0.66619861125946 0.669547975063324 0.672880291938782 0.672211408615112 0.676632106304169 0.668144166469574 0.680361390113831 0.682546555995941 0.67524379491806 0.677447378635406 0.68007755279541 0.681171655654907 0.685528099536896 0.687041461467743 0.690279006958008 0.699296474456787 0.705600619316101 0.704561769962311 0.731378614902496 -3.4e+38 -3.4e+38 -3.4e+38 -3.4e+38 -3.4e+38 -3.4e+38
0.704526364803314 0.702426493167877 0.696497857570648 0.697560787200928 0.689426481723785 0.68834775686264 0.684443712234497 0.681606709957123 0.67052686214447 0.674350619316101 0.660890638828278 0.660209655761719 0.658396899700165 0.658396899700165 0.661784827709198 0.659976065158844 0.663356363773346 0.661551773548126 0.654697775840759 0.66604483127594 0.658552348613739 0.664188504219055 0.667548000812531 0.666873633861542 0.667990863323212 0.672440767288208 0.675092160701752 0.668374955654144 0.678830742835999 0.671043157577515 0.675472021102905 0.677011072635651 0.682489395141602 0.682921826839447 0.68618243932724 0.690501511096954 0.688774108886719 0.701627016067505 0.695210635662079 0.695633471012115 -3.4e+38 -3.4e+38 -3.4e+38 -3.4e+38 -3.4e+38 -3.4e+38
0.700536549091339 0.698420464992523 0.694586575031281 0.694586575031281 0.688571035861969 0.68749064207077 0.6824911236763 0.6824911236763 0.677449107170105 0.676348268985748 0.662250638008118 0.659313499927521 0.65818202495575 0.655227899551392 0.657498419284821 0.654541492462158 0.655678689479828 0.65612918138504 0.650368988513947 0.654933094978333 0.653106927871704 0.658786356449127 0.661045551300049 0.663743138313293 0.664865553379059 0.667548000812531 0.663006007671356 0.675320446491241 0.677959740161896 0.670161306858063 0.67171323299408 0.676137447357178 0.679435074329376 0.688625872135162 0.680964171886444 0.684666752815247 0.687917649745941 0.69222354888916 0.693719148635864 0.69585382938385 0.708449184894562 0.717886686325073 -3.4e+38 -3.4e+38 -3.4e+38 -3.4e+38
0.706060111522675 0.695451021194458 0.69159609079361 0.689444839954376 0.695286393165588 0.683374166488647 0.679436802864075 0.688199400901794 0.673263192176819 0.665407121181488 0.660228908061981 0.659098923206329 0.657283246517181 0.653186142444611 0.655462980270386 0.650211751461029 0.653638184070587 0.651808798313141 0.646015286445618 0.648313879966736 0.65105926990509 0.653342723846436 0.656069695949554 0.659468770027161 0.661725759506226 0.664420664310455 0.667778968811035 0.662113428115845 0.672670006752014 0.665927469730377 0.668605625629425 0.682997524738312 0.673490405082703 0.677902162075043 0.682282388210297 0.682714939117432 0.687059938907623 0.688569307327271 0.691798090934753 0.697137832641602 0.695431172847748 0.699670791625977 -3.4e+38 -3.4e+38 -3.4e+38 -3.4e+38
0.68642669916153 0.69401615858078 0.685342311859131 0.683167457580566 0.68250972032547 0.686912953853607 0.679228723049164 0.675264358520508 0.676367044448853 0.671274662017822 0.669491350650787 0.658201336860657 0.655247271060944 0.654109358787537 0.652281165122986 0.647007584571838 0.64815628528595 0.63931930065155 0.64047908782959 0.640938580036163 0.645558655261993 0.647858619689941 0.65060567855835 0.65403026342392 0.656304538249969 0.650999367237091 0.656695187091827 0.657145082950592 0.661666691303253 0.666158974170685 0.667720437049866 0.671062111854553 0.672611892223358 0.674824714660645 0.678564965724945 0.681849539279938 0.685116112232208 0.686630606651306 0.690946221351624 0.692445278167725 0.695651650428772 0.698839068412781 0.710592091083527 -3.4e+38 -3.4e+38 -3.4e+38
0.671122074127197 0.672900855541229 0.677316784858704 0.666160762310028 0.668395698070526 0.679512977600098 0.670623064041138 0.67775285243988 0.667722165584564 0.665929198265076 0.664808511734009 0.653893232345581 0.655031442642212 0.650921702384949 0.650231301784515 0.651375114917755 0.644943475723267 0.634905219078064 0.634905219078064 0.634200930595398 0.63885885477066 0.63931930065155 0.643948614597321 0.648551225662231 0.650151789188385 0.645498335361481 0.660383999347687 0.661958754062653 0.656244993209839 0.65782904624939 0.663470983505249 0.666834056377411 0.670621335506439 0.673948049545288 0.67659318447113 0.671003878116608 0.68141633272171 0.686854541301727 0.690093100070953 0.691594421863556 0.695872008800507 0.698418796062469 0.701581835746765 0.705255568027496 -3.4e+38 -3.4e+38
0.640681028366089 0.640681028366089 0.641379952430725 0.642078220844269 0.64738529920578 0.649225413799286 0.653796434402466 0.649856746196747 0.649856746196747 0.651454508304596 0.656011939048767 0.657146811485291 0.656462252140045 0.656912267208099 0.645420134067535 0.644724726676941 0.64287406206131 0.644028782844543 0.643332183361053 0.632104575634003 0.634442389011383 0.634905219078064 0.637235462665558 0.641876578330994 0.645796835422516 0.641117453575134 0.653126358985901 0.658805668354034 0.65534383058548 0.658063292503357 0.660324811935425 0.663025140762329 0.667508482933044 0.670180261135101 0.674615085124969 0.670121967792511 0.674995243549347 0.684909999370575 0.688587725162506 0.683108627796173 0.686797797679901 0.698638021945953 0.702852010726929 0.70221734046936 0.70678323507309 -3.4e+38
0.594821631908417 0.595553398132324 0.591911137104034 0.592644512653351 0.592644512653351 0.593377530574799 0.596535265445709 0.597746133804321 0.602099239826202 0.60162091255188 0.604031085968018 0.595029592514038 0.642735004425049 0.645500123500824 0.649402379989624 0.642196178436279 0.64149796962738 0.638478875160217 0.640099823474884 0.633052408695221 0.631175637245178 0.631640255451202 0.630933284759521 0.636773884296417 0.630871891975403 0.636010050773621 0.640658020973206 0.645279705524445 0.649183094501495 0.653754413127899 0.659428775310516 0.661005675792694 0.668855249881744 0.669297218322754 0.674843549728394 0.668566167354584 0.681868135929108 0.67411881685257 0.687730967998505 0.683333933353424 0.687021672725677 0.689182102680206 0.691760122776031 0.695945382118225 0.708040475845337 0.692202210426331
0.521188199520111 0.516161978244781 0.519433736801147 0.51566344499588 0.518935441970825 0.520949840545654 0.526729166507721 0.524976491928101 0.527486205101013 0.516681909561157 0.426007270812988 0.481874793767929 0.597452998161316 0.57472163438797 0.572004556655884 0.565767765045166 0.584468424320221 0.598099172115326 0.630772292613983 0.63329416513443 0.610795497894287 0.625298023223877 0.633515954017639 0.630468368530273 0.623343288898468 0.63040691614151 0.636251032352448 0.636712849140167 0.647124826908112 0.652850151062012 0.655578911304474 0.6612389087677 0.665733993053436 0.65936952829361 0.671751081943512 0.665443599224091 0.672132968902588 0.675889253616333 0.678090512752533 0.682469427585602 0.685077667236328 0.692629039287567 0.691982090473175 0.697229206562042 0.701772630214691 0.694413006305695
