output/projections/07_HS/Scinax nebulosus.asc
NCOLS 168 
NROWS 144 
XLLCORNER -41.0000000002598 
YLLCORNER -7.99999999976785 
CELLSIZE 0.0416666666664048 
NODATA_value -3.4e+38 
[rows 80 to 99 of 144, columns 46 to 91 of 168]
0.671066999435425 0.721867203712463 0.594132363796234 0.652796804904938 0.714064836502075 0.613168895244598 0.723831057548523 0.653601109981537 0.725838780403137 0.716062128543854 0.704455196857452 0.712982058525085 0.730133295059204 0.707121431827545 0.729482412338257 0.666989386081696 0.687782406806946 0.80953723192215 0.61268424987793 0.507869184017181 0.590398907661438 0.633657336235046 0.556521534919739 0.443861782550812 0.32404413819313 0.373442351818085 0.509262263774872 0.420353561639786 0.434411585330963 0.397834807634354 0.421460449695587 0.383621960878372 0.267787486314774 0.312100827693939 0.299646258354187 0.288353592157364 0.276465833187103 0.25062695145607 0.171074494719505 0.191928565502167 0.23512090742588 0.250155925750732 0.161102026700974 0.139427974820137 0.165466383099556 0.149089187383652
0.676864683628082 0.735842764377594 0.677470982074738 0.641761839389801 0.747381091117859 0.751163303852081 0.676976978778839 0.651141941547394 0.747331321239471 0.753965973854065 0.739601731300354 0.722526609897614 0.748757839202881 0.739935219287872 0.638459086418152 0.712103664875031 0.807529509067535 0.681974172592163 0.512212693691254 0.447927296161652 0.427031397819519 0.547358989715576 0.606773614883423 0.380901575088501 0.394104033708572 0.318319469690323 0.463105887174606 0.418388456106186 0.43366551399231 0.478367745876312 0.429031372070312 0.345786273479462 0.235527575016022 0.237344935536385 0.312100827693939 0.325441479682922 0.319883793592453 0.235979720950127 0.145393237471581 0.220978677272797 0.245834931731224 0.240278989076614 0.180825263261795 0.139095544815063 0.143400892615318 0.160448849201202
0.684747040271759 0.751440346240997 0.680327475070953 0.638103544712067 0.801411807537079 0.750221312046051 0.686597049236298 0.723276317119598 0.772539079189301 0.718315005302429 0.757508516311646 0.752575397491455 0.717646658420563 0.701409339904785 0.755598962306976 0.800220191478729 0.680881559848785 0.631390452384949 0.57367992401123 0.46191343665123 0.401370525360107 0.507712185382843 0.668717741966248 0.417850822210312 0.378347784280777 0.282871305942535 0.524603486061096 0.434155821800232 0.411541640758514 0.413609772920609 0.412577897310257 0.365168005228043 0.298391044139862 0.263183146715164 0.267105877399445 0.272061228752136 0.258897989988327 0.166726395487785 0.169579401612282 0.261321008205414 0.238667622208595 0.257453382015228 0.189331576228142 0.147281318902969 0.153749763965607 0.172213822603226
0.738818287849426 0.797362267971039 0.644072890281677 0.723572969436646 0.777402222156525 0.737558960914612 0.737172365188599 0.757232964038849 0.78276538848877 0.699352264404297 0.656502366065979 0.729140400886536 0.763427317142487 0.802488446235657 0.756463944911957 0.628112494945526 0.618230283260345 0.698814511299133 0.666090190410614 0.486271500587463 0.389091789722443 0.45320063829422 0.662590622901917 0.460809469223022 0.424049377441406 0.284511268138885 0.533640921115875 0.465306431055069 0.351324111223221 0.318245023488998 0.338683187961578 0.337730586528778 0.304751694202423 0.279759287834167 0.305819183588028 0.309034138917923 0.246913775801659 0.16495019197464 0.234483003616333 0.241056770086288 0.267244040966034 0.280670940876007 0.187672823667526 0.154904454946518 0.171607941389084 0.191851183772087
0.800456047058105 0.77892541885376 0.743793368339539 0.747234344482422 0.764016687870026 0.728249669075012 0.725648701190948 0.734341621398926 0.758707821369171 0.777643442153931 0.673071920871735 0.667953133583069 0.724302053451538 0.768796801567078 0.633454740047455 0.582422077655792 0.656220138072968 0.796015381813049 0.678229212760925 0.424760073423386 0.415544509887695 0.428371578454971 0.523541927337646 0.561772406101227 0.548335492610931 0.304813742637634 0.472893059253693 0.447188347578049 0.388640880584717 0.311895787715912 0.306944876909256 0.321926862001419 0.338410228490829 0.358302503824234 0.347206830978394 0.252391844987869 0.180490747094154 0.189331576228142 0.251952171325684 0.239631459116936 0.277632474899292 0.302350729703903 0.226313605904579 0.16096331179142 0.194203227758408 0.240552380681038
0.80209892988205 0.754023969173431 0.720855534076691 0.750261604785919 0.735798716545105 0.718736052513123 0.733997464179993 0.697670757770538 0.701009094715118 0.767423748970032 0.746947407722473 0.675186276435852 0.645775735378265 0.588486611843109 0.720607280731201 0.50964742898941 0.701457798480988 0.804881453514099 0.633898913860321 0.502952337265015 0.424380362033844 0.436037957668304 0.420727163553238 0.583580374717712 0.597678065299988 0.418091833591461 0.388640880584717 0.348580032587051 0.422136813402176 0.404066056013107 0.342033326625824 0.352992832660675 0.338584244251251 0.323196530342102 0.245609000325203 0.243605360388756 0.194485664367676 0.231289997696877 0.251952171325684 0.269271820783615 0.331838637590408 0.385047376155853 0.267447948455811 0.163119122385979 0.205439314246178 0.286811172962189
0.810099303722382 0.770887911319733 0.722023189067841 0.726252913475037 0.750648140907288 0.748427331447601 0.745809257030487 0.721225023269653 0.697363376617432 0.729493677616119 0.701540231704712 0.630245804786682 0.680680990219116 0.660033822059631 0.62227725982666 0.586650907993317 0.715812921524048 0.745176732540131 0.650565922260284 0.477281183004379 0.440011143684387 0.493982076644897 0.434597313404083 0.600431442260742 0.580448925495148 0.639285981655121 0.481832444667816 0.342887431383133 0.394519329071045 0.419683158397675 0.410021334886551 0.432410657405853 0.35589000582695 0.221605286002159 0.21055381000042 0.251346707344055 0.219816207885742 0.247659534215927 0.315091788768768 0.397822767496109 0.412334233522415 0.373849302530289 0.250971257686615 0.177456974983215 0.172150850296021 0.251529157161713
0.814710974693298 0.765239894390106 0.7807776927948 0.787028729915619 0.743035495281219 0.670642018318176 0.736834287643433 0.731527328491211 0.757594048976898 0.741196691989899 0.701170921325684 0.61104291677475 0.635911107063293 0.71699470281601 0.553770780563354 0.844489216804504 0.752293348312378 0.655247986316681 0.765729904174805 0.463107943534851 0.402894347906113 0.473806768655777 0.383465349674225 0.556927740573883 0.727775454521179 0.669928252696991 0.447659075260162 0.43642184138298 0.398414015769958 0.363216817378998 0.359138995409012 0.322663486003876 0.244227319955826 0.204389333724976 0.213118925690651 0.27297431230545 0.254972606897354 0.230226993560791 0.322042047977448 0.318528205156326 0.32756108045578 0.302570372819901 0.304919421672821 0.273665308952332 0.170401230454445 0.199262723326683
0.783606827259064 0.73990273475647 0.723838448524475 0.696865618228912 0.700846135616302 0.678869903087616 0.795051276683807 0.80759334564209 0.746044814586639 0.795707046985626 0.694630861282349 0.651807367801666 0.599058449268341 0.693554282188416 0.533342361450195 0.912023425102234 0.782403886318207 0.687165260314941 0.828196823596954 0.435694456100464 0.455524891614914 0.620866715908051 0.481473058462143 0.632740080356598 0.662905812263489 0.412222027778625 0.610048890113831 0.624117136001587 0.547684609889984 0.48601907491684 0.371755659580231 0.291191339492798 0.262761741876602 0.248433515429497 0.205125331878662 0.315915524959564 0.278451085090637 0.244487911462784 0.300287038087845 0.332841575145721 0.480419635772705 0.35408616065979 0.367615759372711 0.31574758887291 0.194446563720703 0.217063054442406
0.79095447063446 0.763651013374329 0.675608217716217 0.752904891967773 0.775781035423279 0.793308734893799 0.802528262138367 0.807540059089661 0.769138514995575 0.68836373090744 0.698053061962128 0.692445576190948 0.610135972499847 0.593774735927582 0.638743698596954 0.927417576313019 0.80334210395813 0.879773676395416 0.771695613861084 0.565362095832825 0.44699302315712 0.5542311668396 0.436537623405457 0.510347306728363 0.556927740573883 0.676914691925049 0.664591014385223 0.662144780158997 0.628004848957062 0.586344003677368 0.453646689653397 0.316155999898911 0.280545800924301 0.28304049372673 0.227835208177567 0.257172733545303 0.25262463092804 0.305972039699554 0.445870339870453 0.498513102531433 0.506495952606201 0.454481512308121 0.4024258852005 0.290229856967926 0.217195153236389 0.333747774362564
0.715303421020508 0.725096225738525 0.766997635364532 0.818347215652466 0.798116207122803 0.755885303020477 0.823532462120056 0.759134352207184 0.731771349906921 0.677228271961212 0.667470693588257 0.738099098205566 0.631943762302399 0.577900290489197 0.805410325527191 0.940121173858643 0.782905995845795 0.820298850536346 0.723916351795197 0.532571136951447 0.425256580114365 0.529295265674591 0.448417335748672 0.500736773014069 0.529852271080017 0.697713136672974 0.568485379219055 0.498040080070496 0.578973650932312 0.629404246807098 0.358740389347076 0.345458954572678 0.366704761981964 0.281862884759903 0.304661124944687 0.260703593492508 0.33554470539093 0.397284895181656 0.545743823051453 0.562093496322632 0.48937726020813 0.419799447059631 0.394999653100967 0.329227775335312 0.256114572286606 0.435645043849945
0.768210053443909 0.767359733581543 0.826115846633911 0.845705211162567 0.777805387973785 0.726556122303009 0.773359060287476 0.797053515911102 0.734724819660187 0.776725172996521 0.692491412162781 0.682489693164825 0.675073683261871 0.605150759220123 0.854623556137085 0.936291217803955 0.840399622917175 0.862052440643311 0.650220930576324 0.657194197177887 0.524786829948425 0.489475876092911 0.491863340139389 0.651980400085449 0.615892827510834 0.707993030548096 0.587130963802338 0.630790054798126 0.468245774507523 0.45296436548233 0.336916297674179 0.503598511219025 0.404455214738846 0.327579975128174 0.395620048046112 0.297558903694153 0.382853507995605 0.517530977725983 0.481818377971649 0.504249036312103 0.491452276706696 0.488297045230865 0.466495782136917 0.324797034263611 0.318040937185287 0.419863700866699
0.79010808467865 0.866703510284424 0.838321566581726 0.784115970134735 0.798495769500732 0.715218782424927 0.828215956687927 0.785865664482117 0.774115920066833 0.822085320949554 0.772315263748169 0.687917947769165 0.683185994625092 0.635551154613495 0.857713580131531 0.943469107151031 0.938304245471954 0.793512523174286 0.603486180305481 0.711038053035736 0.589377880096436 0.53756707906723 0.54962420463562 0.722354650497437 0.70226263999939 0.613375127315521 0.591803014278412 0.472920298576355 0.411400139331818 0.353827029466629 0.438874006271362 0.577015697956085 0.450409978628159 0.397365212440491 0.446518093347549 0.402739703655243 0.51695454120636 0.494608223438263 0.520192325115204 0.492447078227997 0.514880836009979 0.420053005218506 0.357668399810791 0.304645985364914 0.411054730415344 0.331340909004211
0.83251279592514 0.882646322250366 0.815814018249512 0.847434282302856 0.778669834136963 0.74110871553421 0.84119063615799 0.824259161949158 0.780787944793701 0.851187944412231 0.788433492183685 0.696496546268463 0.678149819374084 0.673495292663574 0.914367735385895 0.949643433094025 0.941747426986694 0.759594202041626 0.698666274547577 0.721242964267731 0.569844782352448 0.734711408615112 0.771142899990082 0.793924748897552 0.7275230884552 0.597179055213928 0.481399863958359 0.54142814874649 0.515647053718567 0.472039312124252 0.511481821537018 0.588970363140106 0.517960608005524 0.355079829692841 0.567648589611053 0.554061114788055 0.578142106533051 0.491870105266571 0.473777741193771 0.463348954916 0.389228761196136 0.320436209440231 0.310320436954498 0.535000264644623 0.391977846622467 0.269514560699463
0.867009520530701 0.846351325511932 0.873503804206848 0.842426776885986 0.786303222179413 0.790905892848969 0.826461255550385 0.831599831581116 0.828320443630219 0.826806128025055 0.750781714916229 0.739410817623138 0.76054584980011 0.713815867900848 0.894899427890778 0.948908030986786 0.905988991260529 0.814048290252686 0.790379881858826 0.65064525604248 0.578777134418488 0.757548868656158 0.885704576969147 0.758779466152191 0.592459499835968 0.510113954544067 0.620912611484528 0.577428042888641 0.590342223644257 0.612403333187103 0.637861788272858 0.607342123985291 0.427878528833389 0.409059375524521 0.597221851348877 0.645429372787476 0.555213630199432 0.484062969684601 0.456290304660797 0.447799921035767 0.396017223596573 0.314870268106461 0.552804231643677 0.545901656150818 0.293965309858322 0.259805887937546
0.876804649829865 0.867049038410187 0.889164507389069 0.812393665313721 0.84808075428009 0.776605129241943 0.853733122348785 0.871184110641479 0.86053591966629 0.782162964344025 0.751277506351471 0.74303412437439 0.882717370986938 0.729878962039948 0.944278180599213 0.933203160762787 0.937196135520935 0.860148251056671 0.773387014865875 0.665293574333191 0.802597284317017 0.755730152130127 0.626243352890015 0.711497068405151 0.588297188282013 0.743521928787231 0.883856117725372 0.71582168340683 0.694112241268158 0.777336657047272 0.598108291625977 0.526908338069916 0.43535178899765 0.480567991733551 0.592094480991364 0.629685580730438 0.524004220962524 0.553732752799988 0.492114931344986 0.553234875202179 0.468867897987366 0.335411131381989 0.450959265232086 0.301167011260986 0.296649843454361 0.295185267925262
0.868076205253601 0.91414886713028 0.89554750919342 0.796662867069244 0.898528337478638 0.807179987430573 0.861605405807495 0.87685751914978 0.845896899700165 0.768796801567078 0.71699470281601 0.787981629371643 0.778956651687622 0.801899194717407 0.958939135074615 0.961278259754181 0.932880401611328 0.83685976266861 0.764643967151642 0.750913560390472 0.829601109027863 0.647948741912842 0.644302189350128 0.804991722106934 0.763460278511047 0.875923871994019 0.923361659049988 0.793511807918549 0.861871480941772 0.820716619491577 0.658707618713379 0.496021091938019 0.416928350925446 0.539306282997131 0.623766660690308 0.665308654308319 0.610265970230103 0.63139021396637 0.558086335659027 0.482761293649673 0.397264361381531 0.34837594628334 0.30418998003006 0.311559915542603 0.453529715538025 0.545651912689209
0.831716358661652 0.861587882041931 0.894985437393188 0.826354920864105 0.916270136833191 0.869832575321198 0.87077534198761 0.852742433547974 0.797766625881195 0.715918600559235 0.71189683675766 0.825888693332672 0.702447414398193 0.90941971540451 0.957096695899963 0.942649006843567 0.955175399780273 0.942649006843567 0.906771004199982 0.829368054866791 0.744450688362122 0.644338190555573 0.623357236385345 0.600621283054352 0.678441226482391 0.825108885765076 0.869130671024323 0.909344136714935 0.900021433830261 0.765373051166534 0.666937470436096 0.545001447200775 0.538061618804932 0.584837317466736 0.627655804157257 0.695013761520386 0.671655178070068 0.564062297344208 0.494610875844955 0.587516725063324 0.435241848230362 0.438530445098877 0.415182322263718 0.423794031143188 0.503845930099487 0.710016369819641
0.794421255588531 0.768561959266663 0.906644523143768 0.834821403026581 0.927792310714722 0.90557873249054 0.893236398696899 0.860741555690765 0.749482452869415 0.740319132804871 0.737692773342133 0.845486104488373 0.760660946369171 0.941203951835632 0.914594709873199 0.957719445228577 0.943469107151031 0.9450763463974 0.872010588645935 0.852540910243988 0.780458748340607 0.7415931224823 0.722348392009735 0.636961817741394 0.623693525791168 0.56365555524826 0.704784452915192 0.885414779186249 0.911727786064148 0.870713710784912 0.69246780872345 0.580883085727692 0.590241551399231 0.525645792484283 0.626178443431854 0.765249311923981 0.682481586933136 0.646955192089081 0.591700851917267 0.613193511962891 0.548797726631165 0.54137909412384 0.474492490291595 0.463018834590912 0.519199371337891 0.643058180809021
0.739152431488037 0.759662747383118 0.920695841312408 0.824585258960724 0.933062553405762 0.912662208080292 0.898447334766388 0.875203013420105 0.722873747348785 0.779362320899963 0.779758989810944 0.719211339950562 0.866204977035522 0.939338803291321 0.942683637142181 0.952485859394073 0.934455335140228 0.93658834695816 0.853289067745209 0.905698120594025 0.806621074676514 0.746965706348419 0.736778020858765 0.687951803207397 0.615799009799957 0.723242402076721 0.882874727249146 0.894509494304657 0.883856117725372 0.781605243682861 0.620560944080353 0.634922325611115 0.618987441062927 0.546553552150726 0.807298719882965 0.775827527046204 0.76543402671814 0.646955192089081 0.573604464530945 0.572546780109406 0.550451397895813 0.524524748325348 0.527567565441132 0.52923971414566 0.620647430419922 0.645427823066711
