output/projections/07_HS/Sclerurus cearensis.asc
NCOLS 168 
NROWS 144 
XLLCORNER -41.0000000002598 
YLLCORNER -7.99999999976785 
CELLSIZE 0.0416666666664048 
NODATA_value -3.4e+38 
[rows 40 to 59 of 144, columns 0 to 45 of 168]
0.98278546333313 0.962501645088196 0.806652724742889 0.69673877954483 0.792410492897034 0.871810019016266 0.773513793945312 0.680910110473633 0.642324030399323 0.625432312488556 0.725552678108215 0.971974313259125 0.977176904678345 0.923466682434082 0.713196992874146 0.587736845016479 0.527812898159027 0.550207853317261 0.532885313034058 0.549430191516876 0.597657918930054 0.69150984287262 0.636396467685699 0.559769213199615 0.609786689281464 0.616393148899078 0.522530317306519 0.552184283733368 0.74483186006546 0.937212944030762 0.85077702999115 0.869220435619354 0.944655478000641 0.841831505298615 0.859900653362274 0.959193170070648 0.814442157745361 0.662494599819183 0.627692639827728 0.608497500419617 0.630636990070343 0.573608577251434 0.538871169090271 0.622682094573975 0.651581108570099 0.702398419380188
0.971690893173218 0.98371809720993 0.940097630023956 0.804976940155029 0.722560405731201 0.691208779811859 0.808174073696136 0.763648092746735 0.652239918708801 0.676845848560333 0.653647720813751 0.881390690803528 0.811133027076721 0.714234888553619 0.625395476818085 0.567111074924469 0.567436933517456 0.526716649532318 0.564746558666229 0.546655654907227 0.650523066520691 0.828598260879517 0.614225327968597 0.538585722446442 0.63825261592865 0.61821037530899 0.55881655216217 0.560024499893188 0.608505070209503 0.667943775653839 0.643159091472626 0.678925693035126 0.720544457435608 0.838799715042114 0.763160526752472 0.884223461151123 0.853498637676239 0.663697898387909 0.695594251155853 0.611600816249847 0.579431176185608 0.526036083698273 0.592965006828308 0.61602109670639 0.631429195404053 0.707342624664307
0.968486428260803 0.980647563934326 0.983881711959839 0.826967060565948 0.699221968650818 0.67463356256485 0.807209074497223 0.79652863740921 0.74383533000946 0.767423629760742 0.714991509914398 0.704939424991608 0.674915552139282 0.60200822353363 0.556340038776398 0.608228445053101 0.653890907764435 0.532289206981659 0.577174305915833 0.625435590744019 0.641654491424561 0.659643769264221 0.568746984004974 0.549989998340607 0.85969740152359 0.697445213794708 0.636607229709625 0.583061218261719 0.600882947444916 0.579231083393097 0.606977701187134 0.601234078407288 0.640978276729584 0.775741577148438 0.825477659702301 0.75969523191452 0.697423338890076 0.629867315292358 0.589264512062073 0.60442328453064 0.584212958812714 0.518093228340149 0.604236423969269 0.63568377494812 0.653003334999084 0.667617619037628
0.970606625080109 0.981420755386353 0.981707334518433 0.832349061965942 0.733340799808502 0.668145418167114 0.873285293579102 0.879827320575714 0.842212557792664 0.79234367609024 0.747007429599762 0.710338413715363 0.663801908493042 0.649486243724823 0.545812427997589 0.662609279155731 0.646567463874817 0.577323257923126 0.560967922210693 0.613975286483765 0.666493237018585 0.677214086055756 0.596224248409271 0.552724361419678 0.652433633804321 0.777946174144745 0.647088348865509 0.612157046794891 0.717153787612915 0.692280113697052 0.649082541465759 0.596480011940002 0.592138409614563 0.604463696479797 0.650547325611115 0.610134959220886 0.585320591926575 0.653507590293884 0.601507246494293 0.626859724521637 0.557346701622009 0.537413775920868 0.514765679836273 0.554158270359039 0.670881450176239 0.650153338909149
0.969129860401154 0.982182800769806 0.983752489089966 0.887887299060822 0.740806639194489 0.752439022064209 0.871009767055511 0.848757803440094 0.800181210041046 0.745542824268341 0.711020886898041 0.722531080245972 0.699276983737946 0.686138391494751 0.575506865978241 0.621698796749115 0.681774854660034 0.607479393482208 0.609265565872192 0.615157127380371 0.68328994512558 0.669412732124329 0.611639022827148 0.584976196289062 0.607812583446503 0.609220206737518 0.592415571212769 0.612806737422943 0.655958533287048 0.678288400173187 0.608021318912506 0.579012513160706 0.597443401813507 0.67647123336792 0.664543211460114 0.599854409694672 0.76398503780365 0.807310044765472 0.642590641975403 0.55054384469986 0.558214962482452 0.568763673305511 0.536315858364105 0.555256426334381 0.586568176746368 0.657648921012878
0.967019319534302 0.9786217212677 0.983805477619171 0.967543303966522 0.839702546596527 0.789823472499847 0.800189733505249 0.82285737991333 0.757473826408386 0.71274346113205 0.722710311412811 0.728873550891876 0.758502602577209 0.734756052494049 0.595195233821869 0.60790628194809 0.671429872512817 0.649064719676971 0.64345794916153 0.642589867115021 0.7230104804039 0.647196531295776 0.645896255970001 0.623009026050568 0.591809988021851 0.644764602184296 0.593056559562683 0.601313292980194 0.640491724014282 0.69067519903183 0.625800013542175 0.613703727722168 0.615095138549805 0.695044636726379 0.683768093585968 0.656604588031769 0.65264481306076 0.621715307235718 0.589434683322906 0.53594982624054 0.557331740856171 0.632997035980225 0.585522592067719 0.55339515209198 0.61230605840683 0.5903160572052
0.962908506393433 0.975512146949768 0.982925593852997 0.983935117721558 0.905294358730316 0.827416598796844 0.800711274147034 0.764434993267059 0.711974680423737 0.769654154777527 0.710891783237457 0.76336944103241 0.782769918441772 0.733563363552094 0.625649392604828 0.597242593765259 0.677067697048187 0.715235352516174 0.65871262550354 0.728947043418884 0.745306551456451 0.640830338001251 0.63471531867981 0.6371209025383 0.591970324516296 0.680893778800964 0.623410940170288 0.628116965293884 0.651178240776062 0.727638423442841 0.697857022285461 0.648350894451141 0.68677818775177 0.659734129905701 0.579288065433502 0.637420773506165 0.642148673534393 0.572071552276611 0.560088753700256 0.505653202533722 0.57857221364975 0.684153378009796 0.58847838640213 0.540755748748779 0.631091177463531 0.592531740665436
0.947138667106628 0.962237298488617 0.978958129882812 0.983874678611755 0.93092405796051 0.819385647773743 0.749426901340485 0.696735501289368 0.819389998912811 0.806784629821777 0.739922404289246 0.799219012260437 0.798890650272369 0.681939363479614 0.665471613407135 0.63752681016922 0.615910232067108 0.643762469291687 0.656373023986816 0.705814838409424 0.721504986286163 0.68237692117691 0.637274384498596 0.650229811668396 0.615110337734222 0.67238175868988 0.614077031612396 0.619451105594635 0.700790226459503 0.881145656108856 0.710030019283295 0.726489186286926 0.699340999126434 0.625641644001007 0.550104200839996 0.576161921024323 0.638586103916168 0.535394728183746 0.581473886966705 0.554035723209381 0.561201751232147 0.633778810501099 0.623191297054291 0.564085781574249 0.636069476604462 0.628101348876953
0.946717798709869 0.9678555727005 0.978056252002716 0.983867824077606 0.925791323184967 0.795660138130188 0.714558899402618 0.808452904224396 0.892818510532379 0.788403332233429 0.808147430419922 0.799742519855499 0.747202575206757 0.657807767391205 0.747178912162781 0.679022789001465 0.651929199695587 0.622524499893188 0.616617739200592 0.65130203962326 0.863019943237305 0.734873056411743 0.672790229320526 0.652484178543091 0.646867215633392 0.688922822475433 0.680663347244263 0.646012663841248 0.715959370136261 0.885768353939056 0.797249495983124 0.774665474891663 0.74835878610611 0.645967364311218 0.623978197574615 0.592709898948669 0.656709671020508 0.526029884815216 0.62822163105011 0.602998614311218 0.60291975736618 0.662769973278046 0.673579454421997 0.574157893657684 0.623952448368073 0.641647338867188
0.948839724063873 0.961401998996735 0.975731432437897 0.983784258365631 0.8979731798172 0.787697970867157 0.77150946855545 0.933281481266022 0.907265722751617 0.821493923664093 0.80866152048111 0.763254940509796 0.761996209621429 0.672430694103241 0.687097072601318 0.752730309963226 0.715900063514709 0.669356465339661 0.644569039344788 0.664993107318878 0.707187354564667 0.68607759475708 0.680783927440643 0.716298878192902 0.747007250785828 0.730080366134644 0.686262667179108 0.761485040187836 0.683238327503204 0.839508414268494 0.825829982757568 0.846204459667206 0.865344762802124 0.718278884887695 0.658606946468353 0.569651186466217 0.668522238731384 0.555406749248505 0.593984484672546 0.684501051902771 0.656559824943542 0.697188317775726 0.617038190364838 0.574247777462006 0.654748201370239 0.652696788311005
0.952725291252136 0.963539600372314 0.976862549781799 0.981531023979187 0.974045693874359 0.924679160118103 0.97407054901123 0.951808094978333 0.880985915660858 0.835846960544586 0.758307158946991 0.742428183555603 0.817368745803833 0.704652011394501 0.673394501209259 0.73305755853653 0.731785595417023 0.715687572956085 0.6893669962883 0.673928201198578 0.700958609580994 0.640450477600098 0.649390578269958 0.743837952613831 0.93967217206955 0.770070612430573 0.705485880374908 0.72715026140213 0.706883132457733 0.776578545570374 0.879156112670898 0.819364130496979 0.804504156112671 0.68632572889328 0.67506730556488 0.608614802360535 0.550723671913147 0.531882286071777 0.599428772926331 0.700658738613129 0.706498444080353 0.661274194717407 0.604777812957764 0.624575316905975 0.618865668773651 0.68017590045929
0.960050284862518 0.94424432516098 0.956045985221863 0.962641179561615 0.973061859607697 0.977441906929016 0.981948137283325 0.981383800506592 0.890515983104706 0.786201953887939 0.743287622928619 0.818244874477386 0.81641036272049 0.69694447517395 0.712797582149506 0.704460561275482 0.729882776737213 0.750519156455994 0.744898617267609 0.676758408546448 0.764718115329742 0.724233210086823 0.653474569320679 0.661150872707367 0.69582611322403 0.786567211151123 0.882274568080902 0.723520159721375 0.763817369937897 0.916442930698395 0.855010509490967 0.724114179611206 0.68355393409729 0.672637939453125 0.603336215019226 0.568870365619659 0.619842648506165 0.579169034957886 0.679322063922882 0.681711435317993 0.624325931072235 0.593925833702087 0.622737526893616 0.663095951080322 0.619114220142365 0.690721809864044
0.951061725616455 0.935200333595276 0.945947170257568 0.949727356433868 0.966425955295563 0.970282971858978 0.98037588596344 0.970621109008789 0.846436142921448 0.778099119663239 0.782791972160339 0.834077060222626 0.799439489841461 0.696004688739777 0.758316516876221 0.748418211936951 0.715728461742401 0.724882841110229 0.773684740066528 0.712415993213654 0.711231231689453 0.713224709033966 0.683693766593933 0.716001272201538 0.719813883304596 0.826995253562927 0.718797981739044 0.717376291751862 0.809860587120056 0.92887669801712 0.889755070209503 0.764261484146118 0.751517951488495 0.673193335533142 0.573277652263641 0.64149284362793 0.626740872859955 0.613258361816406 0.702259123325348 0.652047753334045 0.642636656761169 0.626782238483429 0.608853280544281 0.654645025730133 0.632796108722687 0.642446398735046
0.947853624820709 0.93422669172287 0.944037795066833 0.946071326732635 0.954692840576172 0.967136144638062 0.980261445045471 0.924133896827698 0.83651077747345 0.800611436367035 0.780040442943573 0.791504144668579 0.751206934452057 0.716375827789307 0.735528528690338 0.781344175338745 0.749279856681824 0.725281953811646 0.772452414035797 0.738264143466949 0.704511225223541 0.758681178092957 0.692308843135834 0.735005438327789 0.821922361850739 0.727987349033356 0.730702996253967 0.735428035259247 0.75991827249527 0.82127982378006 0.873372375965118 0.843536496162415 0.692728936672211 0.682425558567047 0.606395781040192 0.735822319984436 0.677650570869446 0.684994578361511 0.691567182540894 0.643442690372467 0.698068141937256 0.61539101600647 0.613251149654388 0.657904624938965 0.631428956985474 0.702894151210785
0.94288444519043 0.933708727359772 0.943072497844696 0.941004753112793 0.943465173244476 0.971659898757935 0.979032039642334 0.903730094432831 0.837271273136139 0.803175330162048 0.772157967090607 0.753674387931824 0.753696262836456 0.703817248344421 0.765321493148804 0.804296910762787 0.74795788526535 0.748590409755707 0.804696381092072 0.730312705039978 0.724478542804718 0.777279019355774 0.742503821849823 0.744974613189697 0.731290876865387 0.736138761043549 0.738674163818359 0.737932980060577 0.765540182590485 0.862485945224762 0.912725567817688 0.828130185604095 0.686197638511658 0.700310885906219 0.609468758106232 0.665488064289093 0.773073077201843 0.724318206310272 0.67625880241394 0.689628481864929 0.676020264625549 0.611307621002197 0.631353139877319 0.701188504695892 0.663319647312164 0.68342250585556
0.950283885002136 0.931662261486053 0.935347855091095 0.944424211978912 0.94730281829834 0.974477767944336 0.973556697368622 0.843935906887054 0.811164855957031 0.816693484783173 0.780078053474426 0.757511854171753 0.7258180975914 0.734111547470093 0.738158166408539 0.796065449714661 0.740300059318542 0.742298007011414 0.809730470180511 0.7467160820961 0.736875414848328 0.751090049743652 0.77930098772049 0.729742169380188 0.762723445892334 0.743985533714294 0.741254329681396 0.759491205215454 0.7734734416008 0.880238950252533 0.930874645709991 0.862511932849884 0.773372411727905 0.818710088729858 0.703806757926941 0.71474152803421 0.801128923892975 0.673812866210938 0.662463307380676 0.692938566207886 0.631767272949219 0.621843874454498 0.657153248786926 0.659896194934845 0.675456881523132 0.668892800807953
0.938263535499573 0.927170813083649 0.942836880683899 0.935405850410461 0.957314431667328 0.975856900215149 0.907429337501526 0.816104054450989 0.808582544326782 0.778095901012421 0.771270394325256 0.766130805015564 0.744671225547791 0.768212080001831 0.758841633796692 0.772027909755707 0.758727252483368 0.775669455528259 0.806840360164642 0.789876639842987 0.740923166275024 0.763135254383087 0.791259586811066 0.737827479839325 0.742345154285431 0.746811211109161 0.766560852527618 0.832216858863831 0.839095175266266 0.803357362747192 0.93046510219574 0.946184754371643 0.949299514293671 0.946868717670441 0.83535248041153 0.711490452289581 0.78209114074707 0.683725416660309 0.706193923950195 0.7214515209198 0.650010228157043 0.615579843521118 0.687089145183563 0.668643653392792 0.67758047580719 0.684197008609772
0.934936940670013 0.927913725376129 0.929985702037811 0.936822950839996 0.965311348438263 0.974643230438232 0.864427804946899 0.825467646121979 0.774139225482941 0.776296734809875 0.763821542263031 0.791517496109009 0.791531026363373 0.755265831947327 0.77971613407135 0.774195373058319 0.781273603439331 0.78180468082428 0.776112675666809 0.840338110923767 0.783733248710632 0.777749836444855 0.798957228660583 0.763020813465118 0.748261868953705 0.770787835121155 0.75529819726944 0.776394665241241 0.78444242477417 0.918990612030029 0.949036836624146 0.952591896057129 0.943325102329254 0.878733694553375 0.852808713912964 0.817341327667236 0.822257697582245 0.761004328727722 0.765116691589355 0.704853653907776 0.629218935966492 0.594380438327789 0.808610200881958 0.697056949138641 0.683113873004913 0.8249351978302
0.921087324619293 0.939903795719147 0.923880517482758 0.940376460552216 0.96868771314621 0.972068965435028 0.841066837310791 0.798350989818573 0.788239002227783 0.802437663078308 0.765679001808167 0.811252176761627 0.795271158218384 0.761013388633728 0.793991208076477 0.815587222576141 0.820033490657806 0.785424411296844 0.757847607135773 0.80589234828949 0.802621006965637 0.844214200973511 0.82015472650528 0.779827177524567 0.758379220962524 0.801221013069153 0.79800546169281 0.864143371582031 0.768232882022858 0.798742651939392 0.937466740608215 0.915826737880707 0.938753962516785 0.876836121082306 0.933879017829895 0.938950479030609 0.928981125354767 0.839771926403046 0.732005655765533 0.689609706401825 0.645730376243591 0.614731311798096 0.747678220272064 0.806933462619781 0.774762749671936 0.777439653873444
0.933768808841705 0.932528018951416 0.926203489303589 0.947514235973358 0.971214234828949 0.945515930652618 0.835275709629059 0.811229109764099 0.816354632377625 0.800486266613007 0.789268672466278 0.831747651100159 0.803819417953491 0.779518306255341 0.817075252532959 0.839827597141266 0.8216792345047 0.827754259109497 0.803961396217346 0.757460415363312 0.846836864948273 0.888893067836761 0.804316699504852 0.821689248085022 0.771454870700836 0.762896418571472 0.816838502883911 0.822981834411621 0.818993389606476 0.837788224220276 0.913378417491913 0.916762709617615 0.937612414360046 0.941815793514252 0.949675142765045 0.935428082942963 0.951543569564819 0.878539204597473 0.746166467666626 0.705246210098267 0.703517436981201 0.6861532330513 0.661180317401886 0.782188296318054 0.778439402580261 0.743411660194397
