output/projections/07_HS/Sclerurus cearensis.asc
NCOLS 168 
NROWS 144 
XLLCORNER -41.0000000002598 
YLLCORNER -7.99999999976785 
CELLSIZE 0.0416666666664048 
NODATA_value -3.4e+38 
[rows 100 to 119 of 144, columns 92 to 137 of 168]
0.00588171929121017 0.00639407802373171 0.00682090083137155 0.0167339742183685 0.0148401986807585 0.0301484130322933 0.0378343686461449 0.0296147670596838 0.0185508728027344 0.0213182233273983 0.0697686374187469 0.0435234233736992 0.0357853434979916 0.0577940568327904 0.0317744463682175 0.0293522160500288 0.0489349886775017 0.056725699454546 0.0779114812612534 0.0690596997737885 0.0773611292243004 0.0551661998033524 0.0418730825185776 0.0436116196215153 0.0308475941419601 0.0272750463336706 0.0291071515530348 0.0523668006062508 0.0379653349518776 0.0369259677827358 0.0389720425009727 0.0387324616312981 0.0391640365123749 0.0560000725090504 0.0488038286566734 0.0369825474917889 0.0279319956898689 0.0235468633472919 0.0169934686273336 0.0139830000698566 0.0139738507568836 0.0138314105570316 0.0137173198163509 0.0217985529452562 0.0208201073110104 0.0324559323489666
0.00639701914042234 0.00695714866742492 0.007196597289294 0.0164692252874374 0.0135175744071603 0.0231894459575415 0.0332260616123676 0.0221643652766943 0.0194689873605967 0.0178754199296236 0.0195854119956493 0.0165311601012945 0.0289836674928665 0.02566047757864 0.0274011176079512 0.0330090634524822 0.0671237632632256 0.0725051984190941 0.0843141302466393 0.0927279144525528 0.0742340087890625 0.0357843451201916 0.0432077385485172 0.0444020442664623 0.0424134582281113 0.0297535583376884 0.029673159122467 0.0463801510632038 0.0501279458403587 0.0299930889159441 0.0387496761977673 0.0377409867942333 0.0538419298827648 0.0734798759222031 0.040175698697567 0.0307692866772413 0.0275698583573103 0.0190027970820665 0.014553370885551 0.0149926031008363 0.0163630954921246 0.0171757265925407 0.0166498236358166 0.0268499609082937 0.0301246922463179 0.026927350088954
0.00631225248798728 0.00849874038249254 0.0104888826608658 0.0115005411207676 0.0172153934836388 0.0436573587357998 0.0465136542916298 0.0217282753437757 0.018558332696557 0.015066210180521 0.0151133444160223 0.0348084382712841 0.0491824299097061 0.0325494818389416 0.0324616767466068 0.0520260818302631 0.0661512464284897 0.043883852660656 0.106319010257721 0.124604254961014 0.0593579523265362 0.0451741628348827 0.0470132790505886 0.04372538626194 0.0329692214727402 0.0263734050095081 0.0224455650895834 0.0388296581804752 0.0433260723948479 0.0254852995276451 0.0366833508014679 0.0482582971453667 0.0522850044071674 0.0551713444292545 0.0282937958836555 0.0242282953113317 0.0223416890949011 0.0199804920703173 0.0157441105693579 0.0144099034368992 0.0143620856106281 0.0149428816512227 0.0156861059367657 0.0197171941399574 0.0211779698729515 0.0178430899977684
0.00863577239215374 0.0102142682299018 0.0186987612396479 0.0183331966400146 0.0147408675402403 0.0708318501710892 0.0659557953476906 0.0258356500416994 0.0162614304572344 0.0126711204648018 0.0233429502695799 0.040928952395916 0.0436917580664158 0.0488767884671688 0.0359591767191887 0.0567093640565872 0.0347202941775322 0.0467550866305828 0.0855834111571312 0.103794164955616 0.055251020938158 0.0513889007270336 0.0409028641879559 0.0389821529388428 0.0382184945046902 0.030054971575737 0.0265918169170618 0.0292376335710287 0.0402072630822659 0.0294379536062479 0.0507232360541821 0.064393974840641 0.0497787185013294 0.0411309786140919 0.0291928835213184 0.0286353565752506 0.030074255540967 0.0229525398463011 0.016455015167594 0.0144287711009383 0.0142250517383218 0.014649648219347 0.0148294549435377 0.0132396994158626 0.0127627272158861 0.0127155417576432
0.00788448844105005 0.00873667001724243 0.0119630303233862 0.0106103233993053 0.0222620833665133 0.0261166747659445 0.0378343686461449 0.0217565130442381 0.0159323308616877 0.0117690712213516 0.0258246194571257 0.0371515303850174 0.0438306517899036 0.024376068264246 0.0441945381462574 0.0588760636746883 0.0382684357464314 0.0622890442609787 0.0963659211993217 0.123781397938728 0.122389554977417 0.046249445527792 0.0427030548453331 0.0394244827330112 0.0462198741734028 0.0330937579274178 0.0270227417349815 0.0494371056556702 0.0426654182374477 0.0506661385297775 0.0585385747253895 0.047921858727932 0.0681115984916687 0.0638802647590637 0.0447081364691257 0.0299859326332808 0.0318017266690731 0.022138761356473 0.0155418021604419 0.0166403129696846 0.0159208085387945 0.0163844786584377 0.0136538771912456 0.0141362268477678 0.0185812283307314 0.0286014843732119
0.00882535427808762 0.00979557819664478 0.00940243527293205 0.0102686388418078 0.0243752468377352 0.0165314637124538 0.0192542839795351 0.0181471388787031 0.0140838678926229 0.0125335725024343 0.0161510370671749 0.0208789929747581 0.0275288857519627 0.0382133238017559 0.0614408701658249 0.0376214720308781 0.0334677062928677 0.0691334009170532 0.103178419172764 0.135116651654243 0.126216769218445 0.0591922178864479 0.0698239356279373 0.0548497885465622 0.0465205013751984 0.0351115241646767 0.0405449159443378 0.0551764219999313 0.0547058768570423 0.0459435060620308 0.0469102151691914 0.0713264867663383 0.0984259247779846 0.094087228178978 0.036747969686985 0.030289625748992 0.0307308826595545 0.0180037468671799 0.0182783361524343 0.0164926685392857 0.0183687470853329 0.0189269762486219 0.0172206070274115 0.0242475867271423 0.0373029187321663 0.0376037694513798
0.0112600978463888 0.00997950974851847 0.0104196593165398 0.015358698554337 0.0171561241149902 0.0146336536854506 0.0172096807509661 0.0124748796224594 0.0123887220397592 0.0130585012957454 0.0147974491119385 0.0163705367594957 0.0356892757117748 0.0426155403256416 0.0342254750430584 0.0467878021299839 0.0592265091836452 0.0771575123071671 0.0843357890844345 0.136481896042824 0.110802911221981 0.0557726100087166 0.0493822209537029 0.0600255094468594 0.0566590987145901 0.0585915073752403 0.0508950240910053 0.0347172431647778 0.0592024885118008 0.0567973852157593 0.0496874935925007 0.0999684631824493 0.0740834698081017 0.0417479537427425 0.0461786165833473 0.0369174219667912 0.0236522518098354 0.0246152933686972 0.0208676420152187 0.0221226587891579 0.0209978614002466 0.0193418860435486 0.0176447480916977 0.019488126039505 0.0209003705531359 0.0204250793904066
0.0106076551601291 0.0109183043241501 0.0108427787199616 0.011779835447669 0.0126745356246829 0.0182488020509481 0.0128395007923245 0.0139494501054287 0.0176584180444479 0.0169440452009439 0.0158649105578661 0.0217317547649145 0.0408916771411896 0.0304195731878281 0.0632409229874611 0.0365862436592579 0.0539807341992855 0.0778238996863365 0.0471836663782597 0.140627399086952 0.0545362867414951 0.0575164817273617 0.0579548999667168 0.0552765913307667 0.0624297149479389 0.0460037067532539 0.043756976723671 0.0395280756056309 0.0636793226003647 0.0755979791283607 0.076341450214386 0.0963330566883087 0.0363026671111584 0.0481650419533253 0.035518117249012 0.0372720062732697 0.0255078561604023 0.0229269620031118 0.0206967294216156 0.0198053643107414 0.0198182556778193 0.0168441347777843 0.0210525169968605 0.0186661574989557 0.0177139192819595 0.0158095750957727
0.011406865902245 0.0129026845097542 0.0128942327573895 0.012140303850174 0.0129287522286177 0.0140527188777924 0.0133683113381267 0.0139466859400272 0.0153136746957898 0.0131784286350012 0.0140865044668317 0.0195320080965757 0.0359209217131138 0.0359088443219662 0.0394299700856209 0.0397383794188499 0.038782000541687 0.0587410293519497 0.0425272174179554 0.130032062530518 0.137117490172386 0.0447600595653057 0.052607785910368 0.046252828091383 0.0408984646201134 0.0447048731148243 0.0770074352622032 0.0555668026208878 0.098464347422123 0.0422873795032501 0.096217542886734 0.078681692481041 0.0414693132042885 0.0408847518265247 0.0528730973601341 0.0435218513011932 0.025028757750988 0.0194250214844942 0.0212333202362061 0.0203193239867687 0.0188707076013088 0.0179676320403814 0.0220130383968353 0.0243014916777611 0.0188451558351517 0.0172254201024771
0.0126406857743859 0.0138905588537455 0.0145822176709771 0.0126828448846936 0.0149236172437668 0.0120564289391041 0.014391316100955 0.0150329219177365 0.0144203472882509 0.0143022192642093 0.0157454218715429 0.0265001971274614 0.0280544646084309 0.0282661430537701 0.0725068002939224 0.0781842097640038 0.0863135829567909 0.0439010597765446 0.0444557964801788 0.12937419116497 0.123872391879559 0.0447316840291023 0.0483723804354668 0.0432990118861198 0.0629643797874451 0.0586633197963238 0.131676286458969 0.0430004745721817 0.095392532646656 0.0524102225899696 0.0881436094641685 0.0428414866328239 0.0504752956330776 0.0577397532761097 0.0549487806856632 0.0359377488493919 0.0438195988535881 0.0298977866768837 0.0348444655537605 0.0295866765081882 0.0241512898355722 0.0197208523750305 0.0309539530426264 0.0226941797882318 0.0156028596684337 0.0317886918783188
0.0131880007684231 0.0159895848482847 0.017198458313942 0.0151075273752213 0.0198388826102018 0.0157282613217831 0.0135421827435493 0.0141372215002775 0.0182558055967093 0.0166532192379236 0.0162040684372187 0.0183660704642534 0.0305032655596733 0.0324514321982861 0.0878458693623543 0.0436736829578876 0.0543936304748058 0.0450733080506325 0.0421893112361431 0.117382250726223 0.121891021728516 0.0468354560434818 0.0481768697500229 0.0469636395573616 0.090215303003788 0.114300422370434 0.0609460845589638 0.0526586398482323 0.0637093409895897 0.0428334623575211 0.0480124428868294 0.0519479662179947 0.0525048039853573 0.0559429973363876 0.0361743122339249 0.0431723855435848 0.0457197763025761 0.0546812824904919 0.0380811057984829 0.0282218996435404 0.0221001002937555 0.02331274561584 0.0297888293862343 0.0203325413167477 0.0202195104211569 0.0487964488565922
0.0130278337746859 0.0158691722899675 0.0190466530621052 0.0169177167117596 0.0228159725666046 0.0159427411854267 0.014860400930047 0.0153545709326863 0.0188484452664852 0.0217083711177111 0.0181314032524824 0.0230749379843473 0.0224711205810308 0.0270417165011168 0.0460169576108456 0.0739643797278404 0.0548319518566132 0.0462546721100807 0.0508321300148964 0.114829361438751 0.0886327177286148 0.0517387911677361 0.0522644221782684 0.0570061430335045 0.0994018241763115 0.0536418557167053 0.0551726892590523 0.043449267745018 0.0430002138018608 0.0426559261977673 0.054977435618639 0.0484641343355179 0.0466213263571262 0.0479193069040775 0.0428462289273739 0.0387668646872044 0.0406416282057762 0.0441044792532921 0.0349338762462139 0.0211153868585825 0.0229642949998379 0.0334932394325733 0.0323928855359554 0.0289569944143295 0.0317682661116123 0.0487323924899101
0.0163313634693623 0.0173985529690981 0.0191097650676966 0.0183820072561502 0.025768905878067 0.0169849749654531 0.0156719274818897 0.0168461967259645 0.0196847952902317 0.0205574780702591 0.0201301164925098 0.0201573725789785 0.024668712168932 0.0241407472640276 0.0295290183275938 0.0452926494181156 0.0957195162773132 0.0596471726894379 0.0743910744786263 0.0421902574598789 0.0628295317292213 0.0507832616567612 0.0490950085222721 0.0459654852747917 0.0668030753731728 0.0479945577681065 0.0419030748307705 0.0461365059018135 0.0389582552015781 0.0535453483462334 0.048543356359005 0.0490555576980114 0.035109955817461 0.0513590537011623 0.0676788836717606 0.0590577721595764 0.0478944517672062 0.0507412292063236 0.0327325090765953 0.0265702866017818 0.0393820218741894 0.0526898689568043 0.0351019203662872 0.0283769033849239 0.0280375089496374 0.0232047624886036
0.0180998872965574 0.019084895029664 0.0203282982110977 0.0241306312382221 0.0251126512885094 0.0173816364258528 0.0186815802007914 0.0187435057014227 0.0221182964742184 0.0205853004008532 0.0254957787692547 0.0223754942417145 0.0496825724840164 0.0270170494914055 0.0342623963952065 0.0460347719490528 0.0465707257390022 0.12420491874218 0.0398176163434982 0.0461859740316868 0.059989158064127 0.0502307154238224 0.0600457936525345 0.0704226791858673 0.0605581514537334 0.0425804778933525 0.0644879192113876 0.0389130227267742 0.0462530367076397 0.10060103982687 0.100197896361351 0.0502355732023716 0.0401979796588421 0.0736458972096443 0.0643803775310516 0.0479869768023491 0.0624776184558868 0.0684426352381706 0.0510013476014137 0.0477356128394604 0.0521836057305336 0.0306128337979317 0.0257994122803211 0.0228727199137211 0.0210583768785 0.0227089058607817
0.0185462459921837 0.0205496083945036 0.0238716956228018 0.0249252766370773 0.0251953452825546 0.0208837576210499 0.0218084119260311 0.0206120852380991 0.0231425017118454 0.033653236925602 0.0286082234233618 0.0362773053348064 0.0469094477593899 0.027191162109375 0.0414149612188339 0.049938578158617 0.0426504090428352 0.0376746319234371 0.0397797785699368 0.0650841891765594 0.0952934697270393 0.070434033870697 0.0444091334939003 0.0419895499944687 0.0806261748075485 0.0752826631069183 0.0758936852216721 0.0431428849697113 0.0579821690917015 0.103390865027905 0.0923235267400742 0.046635702252388 0.0437587425112724 0.0389423072338104 0.0548273585736752 0.0526896975934505 0.0741881802678108 0.0689145922660828 0.0568005032837391 0.0286557022482157 0.0255065318197012 0.0276932753622532 0.0343828126788139 0.031943753361702 0.030129361897707 0.0323912166059017
0.018430944532156 0.0369008146226406 0.0349842794239521 0.0346130095422268 0.0254860688000917 0.0241398382931948 0.0237177647650242 0.0228939205408096 0.0360378846526146 0.05668980255723 0.0363469943404198 0.0461767949163914 0.0426202118396759 0.0336829423904419 0.040102656930685 0.0342339687049389 0.0343932546675205 0.0380288474261761 0.0781675577163696 0.0578140877187252 0.072722539305687 0.102491080760956 0.0451156981289387 0.0891959071159363 0.0469840727746487 0.0704295784235001 0.0412664748728275 0.0418999791145325 0.057869553565979 0.121036820113659 0.107960537075996 0.0733066275715828 0.0442516878247261 0.0469347722828388 0.047452874481678 0.0511608459055424 0.0698657035827637 0.0604158900678158 0.0427855253219604 0.0362330488860607 0.0431964620947838 0.0301681812852621 0.0319848358631134 0.0309722721576691 0.0312253348529339 0.0356050245463848
0.0247219689190388 0.0228098873049021 0.0445996336638927 0.0435540676116943 0.0318058468401432 0.0251397900283337 0.0263341646641493 0.0317874029278755 0.043831929564476 0.0437845103442669 0.0362355336546898 0.0548190511763096 0.0362217761576176 0.0357682146131992 0.0380674712359905 0.0517164133489132 0.0574010610580444 0.0610801428556442 0.0557075068354607 0.0771505087614059 0.137143269181252 0.0494981668889523 0.0513781979680061 0.0951867774128914 0.0434382259845734 0.055524006485939 0.0610260851681232 0.0562530755996704 0.0729915797710419 0.138790130615234 0.100527189671993 0.0626557916402817 0.0437000133097172 0.0501578077673912 0.0563611127436161 0.0621371865272522 0.0591100677847862 0.0575947687029839 0.0572374276816845 0.0490003749728203 0.0322133526206017 0.0299426969140768 0.0225232597440481 0.0227531455457211 0.0211622435599566 0.0190630443394184
0.0336062572896481 0.0223948284983635 0.0244174189865589 0.0548829138278961 0.0356604158878326 0.0326644666492939 0.0255797021090984 0.0387001186609268 0.0385390222072601 0.0481980703771114 0.0452942699193954 0.0573075674474239 0.0440129302442074 0.0424842052161694 0.0407474301755428 0.0523974038660526 0.0446810647845268 0.0513709150254726 0.0388913303613663 0.0480699986219406 0.0533081665635109 0.0440973192453384 0.0599125400185585 0.0839884355664253 0.0433474369347095 0.056987076997757 0.0703518018126488 0.0984879061579704 0.114692002534866 0.148089453577995 0.112419903278351 0.0473374500870705 0.0498703010380268 0.051102202385664 0.0470327064394951 0.0575845167040825 0.0569222792983055 0.0583069398999214 0.0471682474017143 0.0324018001556396 0.0256222877651453 0.0255891624838114 0.0235187616199255 0.0201921705156565 0.0214921701699495 0.0244923587888479
0.0302023701369762 0.0288673024624586 0.0258802808821201 0.0254450254142284 0.0413356609642506 0.0449929274618626 0.0381630547344685 0.0434330403804779 0.045322984457016 0.0547705627977848 0.0443759635090828 0.0491551160812378 0.0430693067610264 0.0438260287046432 0.0407214909791946 0.0402918756008148 0.0397261679172516 0.0396250002086163 0.0418610088527203 0.0422260016202927 0.0412960536777973 0.0421378910541534 0.0831817984580994 0.0619962848722935 0.0666025206446648 0.126251116394997 0.100048013031483 0.0703952312469482 0.119431987404823 0.135432466864586 0.0577662438154221 0.0505222119390965 0.0442271493375301 0.0521697029471397 0.0643402636051178 0.0673083066940308 0.0650845840573311 0.0674158781766891 0.0484664812684059 0.0375904515385628 0.0346056669950485 0.0250760987401009 0.0226722303777933 0.022642832249403 0.0228294413536787 0.0287788659334183
0.0345560126006603 0.0343226492404938 0.033121682703495 0.0297079067677259 0.0420849956572056 0.0404120720922947 0.0500055626034737 0.0467500910162926 0.0516179613769054 0.0556569807231426 0.044240165501833 0.0503873191773891 0.0458565391600132 0.0420635491609573 0.0411816947162151 0.0420745275914669 0.0479269288480282 0.040022287517786 0.0430744551122189 0.0418531596660614 0.0414177738130093 0.0441670343279839 0.0837490558624268 0.0911237001419067 0.10555412620306 0.0785367265343666 0.0547989457845688 0.0794860124588013 0.137238189578056 0.126691147685051 0.0445918664336205 0.0520058237016201 0.0566718131303787 0.0692718476057053 0.076871782541275 0.0752003863453865 0.0703773573040962 0.0626510083675385 0.0456623286008835 0.0431142300367355 0.0331798121333122 0.0295376051217318 0.0233744978904724 0.0240655243396759 0.0302880611270666 0.0399030819535255
