output/projections/07_HS/Sclerurus cearensis.asc
NCOLS 168 
NROWS 144 
XLLCORNER -41.0000000002598 
YLLCORNER -7.99999999976785 
CELLSIZE 0.0416666666664048 
NODATA_value -3.4e+38 
[rows 80 to 99 of 144, columns 92 to 137 of 168]
0.54641056060791 0.617961645126343 0.592977404594421 0.578223288059235 0.567114651203156 0.524880826473236 0.560506165027618 0.537106573581696 0.445939302444458 0.476671546697617 0.458732038736343 0.4742591381073 0.507519006729126 0.541895985603333 0.558765709400177 0.509113430976868 0.580217838287354 0.548227369785309 0.556931436061859 0.574971735477448 0.0484243892133236 0.060827299952507 0.0686051845550537 0.0670054778456688 0.0725313425064087 0.0755425915122032 0.0853247791528702 0.0847542136907578 0.089199960231781 0.114337496459484 0.122656479477882 0.110819987952709 0.0717068836092949 0.0640670135617256 0.0391144603490829 0.0302269402891397 0.0256148092448711 0.0234180334955454 0.0169284120202065 0.0131758032366633 0.00852384511381388 0.00763433566316962 0.008010134100914 0.00843851454555988 0.0100179314613342 0.0110375378280878
0.576945900917053 0.653731465339661 0.636354863643646 0.599952042102814 0.567320287227631 0.552450597286224 0.526384115219116 0.428108692169189 0.443661898374557 0.515294015407562 0.489988774061203 0.477016031742096 0.538790941238403 0.554367423057556 0.589206874370575 0.506458580493927 0.578074276447296 0.56678581237793 0.580154657363892 0.597980320453644 0.0560775250196457 0.0692292898893356 0.0801916792988777 0.0664268061518669 0.0862230882048607 0.0902170315384865 0.105350367724895 0.093976691365242 0.102737791836262 0.116772972047329 0.131149291992188 0.0658686831593513 0.0372208319604397 0.0351727344095707 0.0238141641020775 0.0249081756919622 0.0230927169322968 0.0213272776454687 0.0133780939504504 0.0106927584856749 0.00860077515244484 0.00863358844071627 0.00906461197882891 0.00936661288142204 0.0104180639609694 0.0106084505096078
0.598633885383606 0.658166289329529 0.638755798339844 0.602602124214172 0.57967209815979 0.546636164188385 0.472819745540619 0.423028826713562 0.461972862482071 0.546438217163086 0.528600335121155 0.533114314079285 0.519025206565857 0.571768879890442 0.613047957420349 0.523793816566467 0.6148282289505 0.586040139198303 0.59669017791748 0.042428195476532 0.0534775704145432 0.0794122517108917 0.0944034457206726 0.0667662024497986 0.0857613459229469 0.103644013404846 0.107338771224022 0.0926787033677101 0.0944367349147797 0.0745609030127525 0.0694920942187309 0.0369037166237831 0.0283911675214767 0.0281424708664417 0.0211405977606773 0.0190722476691008 0.0135812675580382 0.0137948198243976 0.0119490129873157 0.0113280490040779 0.0109476409852505 0.0102585107088089 0.00989412982016802 0.0107002258300781 0.0111754080280662 0.0103649720549583
0.597556412220001 0.62350594997406 0.616584539413452 0.623770415782928 0.587037742137909 0.500617027282715 0.451867312192917 0.447748869657516 0.439816266298294 0.484044820070267 0.507263958454132 0.528434932231903 0.519315659999847 0.580544471740723 0.62308657169342 0.536848187446594 0.549972593784332 0.0249319113790989 0.0309875626116991 0.0386759713292122 0.0428783781826496 0.0782569274306297 0.072551891207695 0.0484184622764587 0.0610537976026535 0.0878619253635406 0.0829224288463593 0.0840044468641281 0.0618958696722984 0.0515117570757866 0.052224937826395 0.0430409274995327 0.0377527959644794 0.0336658731102943 0.021450275555253 0.0173817537724972 0.0128998421132565 0.00962437223643064 0.0109737953171134 0.0099104568362236 0.00911302492022514 0.00902730878442526 0.00952644646167755 0.0107072554528713 0.0110684372484684 0.0127993579953909
0.639808118343353 0.627105176448822 0.563749969005585 0.535881340503693 0.474981367588043 0.444929093122482 0.440205007791519 0.435936272144318 0.451499581336975 0.448484897613525 0.480180293321609 0.512143909931183 0.543436288833618 0.568714797496796 0.626779139041901 0.587037801742554 0.563672184944153 0.0262216441333294 0.031734149903059 0.0406915359199047 0.0580486766993999 0.066197969019413 0.0833678171038628 0.058160949498415 0.0506262965500355 0.0675768405199051 0.0598733574151993 0.0565670467913151 0.0409898795187473 0.0407390967011452 0.0397379733622074 0.0387025251984596 0.0370758324861526 0.0257251262664795 0.0218912605196238 0.0151322269812226 0.0120807401835918 0.0137629415839911 0.0149835590273142 0.0148309813812375 0.0104464143514633 0.0112755307927728 0.0107783684507012 0.0107142888009548 0.0113582964986563 0.0137098534032702
0.649585664272308 0.536109447479248 0.473978161811829 0.471388399600983 0.545998692512512 0.572711110115051 0.458161264657974 0.435430258512497 0.518591463565826 0.561462998390198 0.521273851394653 0.553062498569489 0.598890423774719 0.0101580955088139 0.00779399601742625 0.0117585323750973 0.0208592973649502 0.0250027123838663 0.0339890718460083 0.0435623377561569 0.0549690648913383 0.0659861788153648 0.0584296956658363 0.0388127490878105 0.0424314811825752 0.0495514310896397 0.0502951592206955 0.0470682755112648 0.0372810773551464 0.0375144779682159 0.0371648631989956 0.040780670940876 0.0341523513197899 0.0237959306687117 0.019381882622838 0.0118222692981362 0.0105024836957455 0.00936601683497429 0.0120390523225069 0.012532826513052 0.0128010045737028 0.0130662824958563 0.0129998717457056 0.0115963304415345 0.0115940272808075 0.0143770184367895
0.547036826610565 0.540420114994049 0.557490289211273 0.602602124214172 0.652625024318695 0.608717501163483 0.468495070934296 0.474272340536118 0.49001532793045 0.477283835411072 0.535340011119843 0.544625520706177 0.583330094814301 0.0122206676751375 0.0110439155250788 0.00955220963805914 0.0179963074624538 0.0238394420593977 0.0325023159384727 0.0426329486072063 0.056291326880455 0.0459124594926834 0.0365041643381119 0.0398911610245705 0.0424187853932381 0.0463776029646397 0.0449873842298985 0.0477042123675346 0.0447460860013962 0.0494544692337513 0.0429080575704575 0.0424395613372326 0.0347565934062004 0.0264329239726067 0.0201007984578609 0.0112604675814509 0.0108100855723023 0.0102476952597499 0.0106639070436358 0.00778002617880702 0.00843147002160549 0.00932145398110151 0.00942221190780401 0.00986114796251059 0.010850396938622 0.0149690620601177
0.545505046844482 0.638667404651642 0.663566589355469 0.639826536178589 0.633028566837311 0.554206848144531 0.47075229883194 0.490462779998779 0.52389258146286 0.549405634403229 0.00869637914001942 0.00784619245678186 0.00954531691968441 0.0114673711359501 0.0123386140912771 0.0135235833004117 0.0173486229032278 0.0230948403477669 0.0320664122700691 0.0388007871806622 0.0507994405925274 0.0369432233273983 0.0353707000613213 0.0450357608497143 0.058441411703825 0.0579085052013397 0.0536392964422703 0.0600050799548626 0.0630539059638977 0.0668949410319328 0.0692203119397163 0.0403475984930992 0.0421605631709099 0.0401849113404751 0.0304043777287006 0.0217267107218504 0.015954103320837 0.00956843700259924 0.0100460611283779 0.00901777949184179 0.0106842936947942 0.00993520114570856 0.00946618057787418 0.00852830149233341 0.00871282257139683 0.011790519580245
0.604832887649536 0.667294323444366 0.631828367710114 0.608405232429504 0.54145348072052 0.596228122711182 0.545076191425323 0.00500961113721132 0.602171897888184 0.00531866913661361 0.00546403229236603 0.00815274566411972 0.010189269669354 0.00907443836331367 0.0118036372587085 0.0175266414880753 0.0197522696107626 0.0253026857972145 0.0309153273701668 0.0490345619618893 0.0483753494918346 0.0345987267792225 0.0466189086437225 0.0674389973282814 0.0837925150990486 0.0486114732921124 0.0495655424892902 0.0563410818576813 0.0633034855127335 0.0761493965983391 0.0562956593930721 0.0309787262231112 0.0412389077246189 0.0376334898173809 0.0276706740260124 0.0215356703847647 0.0131990173831582 0.0118655562400818 0.0118655562400818 0.0109289288520813 0.0107178678736091 0.0114016970619559 0.0125428736209869 0.0115231228992343 0.0129176145419478 0.0146494545042515
0.625170648097992 0.642731130123138 0.594463586807251 0.560322821140289 0.616962790489197 0.644509136676788 0.541123867034912 0.00417283689603209 0.0046694278717041 0.00612639170140028 0.00690233008936048 0.0065646730363369 0.00964198727160692 0.0103802531957626 0.0104335248470306 0.0141586698591709 0.0255551245063543 0.0236317422240973 0.0333336628973484 0.0509313084185123 0.053595308214426 0.04244414716959 0.0676988959312439 0.0814590975642204 0.0710760653018951 0.0588590167462826 0.064710833132267 0.0780222192406654 0.0843594819307327 0.0785150751471519 0.0386750027537346 0.0277653764933348 0.0282352846115828 0.026574807241559 0.0237343274056911 0.0158158484846354 0.0110569028183818 0.0124413343146443 0.01294547598809 0.0155357047915459 0.0150456288829446 0.0135891931131482 0.0141577003523707 0.0125239547342062 0.012011731043458 0.014221622608602
0.620815277099609 0.577739417552948 0.560322821140289 0.597547888755798 0.0109474696218967 0.00683783181011677 0.00475139962509274 0.00537566374987364 0.00536502664908767 0.00543537875637412 0.00579093070700765 0.0057506668381393 0.00782829057425261 0.00892271846532822 0.0103261042386293 0.0120072904974222 0.0249694027006626 0.0343057066202164 0.0374580100178719 0.0572276450693607 0.0730718001723289 0.08669663220644 0.0987169742584229 0.0650754421949387 0.112306192517281 0.0703343376517296 0.0743480250239372 0.100535795092583 0.113368310034275 0.0727488696575165 0.0291518848389387 0.0349552482366562 0.0372333116829395 0.0307348687201738 0.0222596973180771 0.0178161431103945 0.010280029848218 0.0104886954650283 0.0103400219231844 0.0107528790831566 0.0149595243856311 0.0157312639057636 0.0171126816421747 0.0175909716635942 0.0166137367486954 0.0155060011893511
0.594783663749695 0.593042612075806 0.58582079410553 0.010721281170845 0.0139411548152566 0.00621856143698096 0.004844278562814 0.00543150352314115 0.00768042262643576 0.0060110273770988 0.00532419141381979 0.0053904508240521 0.00655554374679923 0.00712006259709597 0.00965178199112415 0.0143141141161323 0.0223738253116608 0.0368695259094238 0.0593947879970074 0.0592279136180878 0.0931346565485001 0.0826628431677818 0.0733904540538788 0.132234454154968 0.0943310037255287 0.0682673901319504 0.0566433668136597 0.122512258589268 0.0578337498009205 0.0520044416189194 0.0310684647411108 0.0302778407931328 0.0317889712750912 0.0242206193506718 0.0242475345730782 0.0222308207303286 0.017172085121274 0.0105846608057618 0.00946291163563728 0.00853096693754196 0.0086249727755785 0.0106228804215789 0.00965972896665335 0.0105993039906025 0.00926780048757792 0.00996082834899426
0.612601935863495 0.00673837214708328 0.00653292611241341 0.0120240738615394 0.0110750738531351 0.00518353842198849 0.0051012746989727 0.00553760351613164 0.00798794440925121 0.00744156539440155 0.00626897951588035 0.00621310388669372 0.00802612211555243 0.00748313684016466 0.0105273416265845 0.0158580839633942 0.0241908468306065 0.039714653044939 0.0618258565664291 0.08172657340765 0.0556481815874577 0.0390111394226551 0.0818465948104858 0.0746017396450043 0.0482704415917397 0.0342058911919594 0.0451140776276588 0.0621821656823158 0.0432059466838837 0.0340232290327549 0.0298086497932673 0.0313022695481777 0.0295854099094868 0.0273819714784622 0.0224856622517109 0.0176715720444918 0.0144080081954598 0.0135009149089456 0.0190705470740795 0.0102752037346363 0.0132223656401038 0.0167489722371101 0.0149587392807007 0.0111855575814843 0.0116497119888663 0.0161400157958269
0.00682853767648339 0.0106626562774181 0.0128496456891298 0.0108207482844591 0.00519038923084736 0.00501010660082102 0.00732817035168409 0.00841752253472805 0.00717051792889833 0.00808869674801826 0.00768236070871353 0.00666243210434914 0.0077832737006247 0.00820450019091368 0.0114625887945294 0.0173994265496731 0.0304829943925142 0.0401314422488213 0.0801277905702591 0.0550574958324432 0.0387330986559391 0.0341759994626045 0.0364597514271736 0.0457804761826992 0.0393855161964893 0.0317137837409973 0.0360329523682594 0.0437036864459515 0.0543363653123379 0.0320011079311371 0.0368022918701172 0.0398183800280094 0.044375903904438 0.0460698269307613 0.0299570858478546 0.0270966812968254 0.0286854039877653 0.0239182654768229 0.0149161573499441 0.0152120310813189 0.0148641327396035 0.0141215361654758 0.0131649281829596 0.0122130010277033 0.0172320213168859 0.0170299261808395
0.0159034486860037 0.0469705164432526 0.0165972076356411 0.00975833740085363 0.00504188053309917 0.00555591192096472 0.00842306483536959 0.00762824015691876 0.00724486587569118 0.00817786995321512 0.00783208291977644 0.00753587717190385 0.00871790293604136 0.0123598892241716 0.013067252933979 0.0261118859052658 0.0509080328047276 0.0714242234826088 0.0819028615951538 0.0512100420892239 0.0434390269219875 0.0360165685415268 0.0329148396849632 0.0254859291017056 0.023934269323945 0.0357420071959496 0.0371503010392189 0.0354309864342213 0.0478588603436947 0.0502710975706577 0.0454564690589905 0.06026266887784 0.0404614880681038 0.0344957299530506 0.0342100188136101 0.0352341681718826 0.0219699963927269 0.0163831859827042 0.0146018145605922 0.0164441913366318 0.0144239701330662 0.0125278532505035 0.0116742569953203 0.0163911357522011 0.0178254023194313 0.0171486996114254
0.0873713120818138 0.0690793767571449 0.0148663930594921 0.00670797191560268 0.00647959299385548 0.00538000464439392 0.00550826638936996 0.00664605619385839 0.00736876251176 0.00797643978148699 0.00918405968695879 0.00696648703888059 0.00886093452572823 0.0133493589237332 0.024000121280551 0.0390501618385315 0.0806337371468544 0.0430199280381203 0.0397883467376232 0.0521634854376316 0.0455340668559074 0.031496174633503 0.0293304584920406 0.0361868664622307 0.0409379936754704 0.0466409437358379 0.0631325170397758 0.0697979256510735 0.0722307488322258 0.0494210384786129 0.0654854699969292 0.0544623136520386 0.056647215038538 0.0390790775418282 0.0439268872141838 0.0265616700053215 0.0181767288595438 0.0153610622510314 0.0115862963721156 0.0122981835156679 0.0105623370036483 0.0128100868314505 0.0171709265559912 0.0175724308937788 0.016298795118928 0.0168176311999559
0.111248910427094 0.0376014038920403 0.0114084025844932 0.00510539533570409 0.00586707517504692 0.00606402056291699 0.00516044814139605 0.013432402163744 0.00945302471518517 0.0261641833931208 0.0128427231684327 0.0170177537947893 0.0173295736312866 0.029174504801631 0.0728219151496887 0.0736094564199448 0.0540387593209743 0.0519824139773846 0.0546411871910095 0.0508260875940323 0.0380248688161373 0.0353472530841827 0.0508349053561687 0.0722844302654266 0.0328133106231689 0.0610927753150463 0.0924116596579552 0.0826340913772583 0.0708496794104576 0.0479291006922722 0.0726028233766556 0.0750942751765251 0.0690961554646492 0.0385100357234478 0.0443371795117855 0.0360366441309452 0.0302353408187628 0.0241100061684847 0.0143862729892135 0.0133593203499913 0.0166791547089815 0.0172945931553841 0.0191021002829075 0.020054230466485 0.016689719632268 0.0189148467034101
0.0469615198671818 0.0255788322538137 0.0068753631785512 0.00586320459842682 0.00519660115242004 0.00614348240196705 0.0138940410688519 0.0200274847447872 0.0271141584962606 0.0608093738555908 0.0664666816592216 0.0400722734630108 0.0485168844461441 0.0574648939073086 0.0559987537562847 0.0524968281388283 0.0524638183414936 0.060230478644371 0.0545243583619595 0.0490653850138187 0.0387848131358624 0.0425096042454243 0.0884027555584908 0.0341215617954731 0.0671580508351326 0.0943057462573051 0.0854755342006683 0.0705344676971436 0.0702218413352966 0.0507928617298603 0.0847147107124329 0.0815158188343048 0.0524455048143864 0.0363943949341774 0.0438381507992744 0.04108065366745 0.0253269765526056 0.0154708651825786 0.0170799382030964 0.0165095999836922 0.0171981528401375 0.0168275590986013 0.015201292000711 0.0133575284853578 0.015423727221787 0.0238469373434782
0.0131811369210482 0.00962946191430092 0.00551808346062899 0.007139150518924 0.00578843988478184 0.0082660261541605 0.0206913333386183 0.0130176916718483 0.0209705736488104 0.0315866209566593 0.0443653389811516 0.0614735335111618 0.0711893960833549 0.0702143013477325 0.0748048052191734 0.0548371486365795 0.0567319951951504 0.0557245835661888 0.0454788655042648 0.0382305458188057 0.0412490889430046 0.0472231283783913 0.0686909630894661 0.0378772243857384 0.0385038070380688 0.0343487039208412 0.0392251908779144 0.0661124736070633 0.0458614155650139 0.0477235205471516 0.0793450623750687 0.0458142086863518 0.0353500209748745 0.0369825474917889 0.0388922654092312 0.0333308503031731 0.0210978891700506 0.0158644206821918 0.0142537523061037 0.0137854870408773 0.0147713785991073 0.0143714863806963 0.0115131512284279 0.0159507412463427 0.0119399381801486 0.0118045611307025
0.00763286370784044 0.00546857435256243 0.00628284038975835 0.00772358989343047 0.00712743727490306 0.0111369006335735 0.0281110852956772 0.0274955872446299 0.0170901790261269 0.0300881527364254 0.0690851658582687 0.0832190662622452 0.0520261973142624 0.0632685050368309 0.0504498556256294 0.0416685529053211 0.0343712009489536 0.0539445392787457 0.0493310950696468 0.0812896341085434 0.0383939370512962 0.0707839727401733 0.0389878898859024 0.0424296781420708 0.0347192846238613 0.0290549751371145 0.0346414223313332 0.0623508989810944 0.0415442623198032 0.0599376708269119 0.0487259142100811 0.0463173389434814 0.0362992770969868 0.0392474457621574 0.0376025587320328 0.0295292716473341 0.0248783808201551 0.0190592426806688 0.017648758366704 0.0136494003236294 0.0122533375397325 0.0112781887874007 0.0120122395455837 0.017802519723773 0.0127238780260086 0.027167234569788
