output/projections/07_HS/Sclerurus cearensis.asc
NCOLS 168 
NROWS 144 
XLLCORNER -41.0000000002598 
YLLCORNER -7.99999999976785 
CELLSIZE 0.0416666666664048 
NODATA_value -3.4e+38 
[rows 120 to 139 of 144, columns 0 to 45 of 168]
0.953905045986176 0.956954896450043 0.953147947788239 0.964214146137238 0.962451577186584 0.959569036960602 0.959142029285431 0.958556473255157 0.960015952587128 0.968226194381714 0.968134224414825 0.962942659854889 0.95948326587677 0.966583371162415 0.963060915470123 0.958771049976349 0.967815339565277 0.968732059001923 0.973583459854126 0.972997307777405 0.971639156341553 0.961170554161072 0.971316397190094 0.973540246486664 0.967728555202484 0.969439804553986 0.965089499950409 0.968421578407288 0.975751638412476 0.981876730918884 0.98557710647583 0.985560059547424 0.983647227287292 0.975559055805206 0.968871235847473 0.971339821815491 0.975574433803558 0.982973754405975 0.983701527118683 0.985156357288361 0.985467076301575 0.985383033752441 0.984200894832611 0.985383033752441 0.983511328697205 0.981529831886292
0.971479892730713 0.966797530651093 0.969850957393646 0.958065271377563 0.963854432106018 0.959537863731384 0.965021848678589 0.967007398605347 0.963402152061462 0.96303403377533 0.959546804428101 0.96233856678009 0.965583860874176 0.968537390232086 0.964419186115265 0.962989985942841 0.969620406627655 0.975138247013092 0.973302364349365 0.970825850963593 0.968378245830536 0.968907594680786 0.971334874629974 0.969527542591095 0.972077608108521 0.973672449588776 0.96966814994812 0.970930457115173 0.977481722831726 0.983343720436096 0.983733952045441 0.983654618263245 0.983876526355743 0.979592800140381 0.973249495029449 0.977508127689362 0.978060901165009 0.981719851493835 0.981999933719635 0.983408570289612 0.982602536678314 0.98237419128418 0.975456833839417 0.982875943183899 0.984421014785767 0.983511328697205
0.972076058387756 0.974956274032593 0.967375338077545 0.963483273983002 0.961872935295105 0.964752733707428 0.962179720401764 0.967648029327393 0.96393221616745 0.968390583992004 0.965581655502319 0.966222286224365 0.971262037754059 0.96945321559906 0.974689662456512 0.965496599674225 0.969377100467682 0.974392354488373 0.976158678531647 0.968714952468872 0.975562751293182 0.971316397190094 0.971869707107544 0.967935085296631 0.977395594120026 0.977395594120026 0.975934982299805 0.977553486824036 0.976889550685883 0.975820004940033 0.979137003421783 0.975372433662415 0.978154718875885 0.982629537582397 0.982235252857208 0.98295795917511 0.982806622982025 0.978996753692627 0.976764380931854 0.98015683889389 0.97791987657547 0.981885731220245 0.978439509868622 0.974910795688629 0.975319743156433 0.983533620834351
0.973877370357513 0.969486176967621 0.9711634516716 0.970337629318237 0.96256810426712 0.96769392490387 0.971250355243683 0.969987452030182 0.969233334064484 0.975347876548767 0.974042057991028 0.969774603843689 0.97623610496521 0.970283448696136 0.975251972675323 0.97144228219986 0.969047248363495 0.973587393760681 0.97485738992691 0.973000407218933 0.975562751293182 0.969794154167175 0.976706981658936 0.967851579189301 0.977614402770996 0.975562751293182 0.979216158390045 0.980629205703735 0.983858585357666 0.975858986377716 0.973146498203278 0.983003675937653 0.984847664833069 0.985639870166779 0.98557710647583 0.985654234886169 0.984526395797729 0.98554253578186 0.984479188919067 0.980556786060333 0.979739546775818 0.974970757961273 0.979677021503448 0.983533620834351 0.980387389659882 0.976065754890442
0.966544091701508 0.967546582221985 0.960731625556946 0.968584001064301 0.964871764183044 0.964341282844543 0.974372208118439 0.976818084716797 0.974140405654907 0.973811566829681 0.976520359516144 0.973214328289032 0.975999414920807 0.975778639316559 0.973403513431549 0.974457144737244 0.974424779415131 0.974411487579346 0.976324021816254 0.974585711956024 0.975547254085541 0.971529245376587 0.976959943771362 0.967198729515076 0.971547603607178 0.976514518260956 0.982115626335144 0.985609531402588 0.985524475574493 0.980002582073212 0.968310952186584 0.973871529102325 0.982809126377106 0.985609531402588 0.98554253578186 0.985560059547424 0.985486745834351 0.985446870326996 0.981801927089691 0.983835875988007 0.981951415538788 0.976738631725311 0.974961340427399 0.982455790042877 0.98297381401062 0.979878127574921
0.962887585163116 0.960163295269012 0.959958136081696 0.964992344379425 0.963484585285187 0.963692963123322 0.967621803283691 0.975582838058472 0.971591353416443 0.973545610904694 0.975337624549866 0.978129267692566 0.976981937885284 0.974265813827515 0.973187506198883 0.975488424301147 0.979783236980438 0.977596461772919 0.980111420154572 0.977508306503296 0.971851527690887 0.971586108207703 0.976263880729675 0.972878992557526 0.969898879528046 0.977764964103699 0.983552932739258 0.985560059547424 0.98554253578186 0.980167031288147 0.972140491008759 0.975589454174042 0.978143692016602 0.981287062168121 0.985560059547424 0.985505878925323 0.985426127910614 0.985505878925323 0.983562469482422 0.982591867446899 0.983701527118683 0.984428226947784 0.98383891582489 0.981446921825409 0.98004686832428 0.975904405117035
0.962896883487701 0.964191675186157 0.966264367103577 0.962684214115143 0.965370416641235 0.965613484382629 0.968970358371735 0.972407639026642 0.966573357582092 0.970724821090698 0.975357830524445 0.983165442943573 0.980483829975128 0.973507285118103 0.968754172325134 0.976234138011932 0.981733202934265 0.982958555221558 0.984227240085602 0.983198404312134 0.968193769454956 0.971203327178955 0.978026270866394 0.978156268596649 0.975036978721619 0.978261530399323 0.982951641082764 0.985544741153717 0.98557710647583 0.981849849224091 0.975465893745422 0.980519235134125 0.97995400428772 0.978817939758301 0.983664870262146 0.985560059547424 0.985446870326996 0.985486745834351 0.985486745834351 0.98263144493103 0.983244359493256 0.982315480709076 0.979435741901398 0.982857286930084 0.978980600833893 0.985593557357788
0.967079997062683 0.967059314250946 0.963970541954041 0.963508129119873 0.965125739574432 0.966344356536865 0.967916011810303 0.967095136642456 0.968211531639099 0.970110476016998 0.976361572742462 0.984075486660004 0.985235750675201 0.98249363899231 0.972860932350159 0.972009181976318 0.977770268917084 0.981454849243164 0.984511435031891 0.983358323574066 0.96815288066864 0.973884224891663 0.977645993232727 0.978254795074463 0.978206217288971 0.978803694248199 0.980856716632843 0.982230663299561 0.983657121658325 0.984210729598999 0.983899176120758 0.982182741165161 0.980545997619629 0.978322744369507 0.98128479719162 0.983007907867432 0.985486745834351 0.985404849052429 0.985446870326996 0.984903216362 0.98308402299881 0.981903612613678 0.977297425270081 0.977225244045258 0.974468410015106 0.985524475574493
0.968775510787964 0.964562773704529 0.964351534843445 0.964275598526001 0.964114248752594 0.965994417667389 0.969660639762878 0.978317499160767 0.975887835025787 0.969445168972015 0.975071012973785 0.979034423828125 0.981437981128693 0.983906865119934 0.979952931404114 0.974400043487549 0.973600149154663 0.97843211889267 0.982167422771454 0.982133269309998 0.975159227848053 0.975825726985931 0.978081166744232 0.980292201042175 0.980998277664185 0.979548215866089 0.979141592979431 0.980381906032562 0.981426417827606 0.982607543468475 0.984672367572784 0.984958827495575 0.984371483325958 0.980987727642059 0.979203879833221 0.983447849750519 0.985120832920074 0.985467076301575 0.985593557357788 0.982809126377106 0.98557710647583 0.984757900238037 0.979325473308563 0.974012851715088 0.975942432880402 0.985467076301575
0.965359747409821 0.965874314308167 0.964457273483276 0.962817966938019 0.966286361217499 0.970830082893372 0.968985676765442 0.979567408561707 0.981068074703217 0.973805844783783 0.976079285144806 0.976075410842896 0.976525485515594 0.981590867042542 0.9838907122612 0.980580151081085 0.971685588359833 0.976370930671692 0.980437219142914 0.981724560260773 0.978185951709747 0.975064158439636 0.978247702121735 0.981066226959229 0.981569886207581 0.983238399028778 0.981942653656006 0.980020523071289 0.980109393596649 0.982652544975281 0.16688147187233 0.983781754970551 0.985505878925323 0.98536628484726 0.982324302196503 0.980707764625549 0.981832444667816 0.982217371463776 0.19904537498951 0.984296321868896 0.985486745834351 0.19904537498951 0.98212206363678 0.982116341590881 0.19904537498951 0.188412994146347
0.965945839881897 0.969992756843567 0.970251500606537 0.963916420936584 0.964388132095337 0.969020068645477 0.97311919927597 0.978920757770538 0.98031210899353 0.980684101581573 0.976552248001099 0.977469742298126 0.973533749580383 0.979437112808228 0.98343825340271 0.9841628074646 0.977561473846436 0.972489714622498 0.979844033718109 0.982951998710632 0.981046974658966 0.974033415317535 0.977152407169342 0.980110585689545 0.982477784156799 0.196622535586357 0.19837298989296 0.197547793388367 0.129987329244614 0.155996963381767 0.108323872089386 0.156599134206772 0.188412994146347 0.19904537498951 0.19904537498951 0.179651141166687 0.152366265654564 0.139287546277046 0.153795689344406 0.149788156151772 0.149705439805984 0.189904779195786 0.176802143454552 0.179651141166687 0.19904537498951 0.181089028716087
0.968896627426147 0.970998883247375 0.964113354682922 0.963187694549561 0.967500686645508 0.975805580615997 0.981209754943848 0.982573270797729 0.979912459850311 0.978213429450989 0.977971136569977 0.976609528064728 0.974036335945129 0.977668762207031 0.981602430343628 0.984313726425171 0.983227074146271 0.114167682826519 0.143218472599983 0.983794569969177 0.184819385409355 0.11494243144989 0.126869961619377 0.14618407189846 0.166247546672821 0.197341904044151 0.19904537498951 0.19904537498951 0.1401397138834 0.135669231414795 0.110412605106831 0.117084838449955 0.147243723273277 0.169835075736046 0.186930224299431 0.182535871863365 0.19904537498951 0.176802143454552 0.143937453627586 0.123255737125874 0.131247639656067 0.146026656031609 0.152531713247299 0.181089028716087 0.19904537498951 0.19904537498951
0.968080401420593 0.966717004776001 0.965218603610992 0.962951302528381 0.965742647647858 0.968694508075714 0.977704465389252 0.983544886112213 0.983701527118683 0.981009304523468 0.974291503429413 0.976529777050018 0.975782811641693 0.976492643356323 0.149457514286041 0.181089028716087 0.191405579447746 0.143457800149918 0.131913617253304 0.186930224299431 0.19904537498951 0.110781654715538 0.113688841462135 0.131391569972038 0.163746580481529 0.198063239455223 0.19904537498951 0.19904537498951 0.176657617092133 0.148795634508133 0.132881596684456 0.106901384890079 0.11728647351265 0.121721513569355 0.110037013888359 0.139831393957138 0.19904537498951 0.197499290108681 0.173988744616508 0.139363199472427 0.120272494852543 0.137814283370972 0.159098610281944 0.19904537498951 0.173848733305931 0.161017566919327
0.96574878692627 0.966737926006317 0.967203855514526 0.969594180583954 0.966614782810211 0.965640604496002 0.971756815910339 0.152744218707085 0.173988744616508 0.195962280035019 0.164420053362846 0.976977825164795 0.11897649616003 0.116684414446354 0.141399264335632 0.179651141166687 0.19904537498951 0.195962280035019 0.130803823471069 0.181089028716087 0.194434329867363 0.112978287041187 0.113755747675896 0.135212793946266 0.164102733135223 0.194991648197174 0.19904537498951 0.19904537498951 0.191405579447746 0.154638171195984 0.139285296201706 0.11728647351265 0.129628643393517 0.118297189474106 0.111827351152897 0.106712073087692 0.143218472599983 0.186930224299431 0.194434329867363 0.181089028716087 0.148877948522568 0.121858477592468 0.168511033058167 0.19904537498951 0.183991670608521 0.142346099019051
0.970749199390411 0.965646684169769 0.970507681369781 0.973023951053619 0.967192709445953 0.101620502769947 0.128176018595695 0.106224581599236 0.150243774056435 0.186930224299431 0.19904537498951 0.173988744616508 0.136435076594353 0.1276665776968 0.142187550663948 0.130069077014923 0.19904537498951 0.19904537498951 0.152615711092949 0.14147587120533 0.183553144335747 0.126154884696007 0.1190295368433 0.122194617986679 0.131539925932884 0.169055268168449 0.19904537498951 0.195962280035019 0.19904537498951 0.160316690802574 0.135443061590195 0.129482120275497 0.138046026229858 0.122555390000343 0.119110785424709 0.115617297589779 0.124308601021767 0.113378055393696 0.14781329035759 0.197499290108681 0.19904537498951 0.169055268168449 0.152277514338493 0.166971817612648 0.157801672816277 0.14210832118988
0.96633768081665 0.10293085873127 0.0998731777071953 0.0938744693994522 0.109817236661911 0.123679630458355 0.116820342838764 0.10408852994442 0.161764964461327 0.186930224299431 0.186930224299431 0.131692737340927 0.183991670608521 0.172595351934433 0.13951912522316 0.12838976085186 0.12970195710659 0.16706483066082 0.19904537498951 0.178222179412842 0.16410531103611 0.147078290581703 0.139127343893051 0.116936221718788 0.102670930325985 0.12157990783453 0.19904537498951 0.19904537498951 0.171346455812454 0.161542296409607 0.150612592697144 0.134081706404686 0.142820343375206 0.125656470656395 0.121166981756687 0.121028684079647 0.115415997803211 0.113044828176498 0.113822691142559 0.150776475667953 0.19904537498951 0.198579698801041 0.184037625789642 0.167150005698204 0.15085968375206 0.151276275515556
0.101369775831699 0.0994367897510529 0.0991612300276756 0.0965559408068657 0.102631397545338 0.0985396429896355 0.0969096124172211 0.115289412438869 0.179651141166687 0.179651141166687 0.167110025882721 0.138743236660957 0.151696234941483 0.158407002687454 0.172595351934433 0.140612363815308 0.122555390000343 0.134308159351349 0.170796349644661 0.183991670608521 0.176188379526138 0.17883874475956 0.149535328149796 0.126064836978912 0.108494028449059 0.105578400194645 0.148302614688873 0.19904537498951 0.174313068389893 0.151610225439072 0.143775105476379 0.139031767845154 0.133986875414848 0.12416722625494 0.129993453621864 0.12992000579834 0.126154884696007 0.130580246448517 0.124441124498844 0.12772923707962 0.158315405249596 0.192760825157166 0.197547793388367 0.172543585300446 0.146265178918839 0.136507213115692
0.0921783521771431 0.098871536552906 0.110118791460991 0.115936562418938 0.122349999845028 0.101103156805038 0.106717243790627 0.118434742093086 0.161764964461327 0.16045044362545 0.16045044362545 0.186930224299431 0.169835075736046 0.143596947193146 0.146999165415764 0.151028618216515 0.127088889479637 0.128171801567078 0.123605154454708 0.176660358905792 0.180944561958313 0.171438708901405 0.154361709952354 0.134948164224625 0.117513969540596 0.111855819821358 0.114807434380054 0.144574403762817 0.16814723610878 0.149948909878731 0.159618273377419 0.162421628832817 0.143674552440643 0.126226529479027 0.128533124923706 0.131985872983932 0.131762742996216 0.131539925932884 0.133702829480171 0.126429408788681 0.173936650156975 0.172265499830246 0.182772725820541 0.171895265579224 0.167781427502632 0.154042154550552
0.0954443961381912 0.0984241887927055 0.106687024235725 0.104436837136745 0.124383434653282 0.103830859065056 0.108397349715233 0.124877527356148 0.157847359776497 0.173988744616508 0.185456454753876 0.19904537498951 0.162424191832542 0.167968198657036 0.154893130064011 0.137814283370972 0.132956475019455 0.118906438350677 0.122206509113312 0.167514711618423 0.163041263818741 0.176094099879265 0.168420016765594 0.149247512221336 0.132823750376701 0.112477913498878 0.112166486680508 0.120193555951118 0.141789510846138 0.148302614688873 0.153790801763535 0.153706267476082 0.160664275288582 0.140825524926186 0.1292604804039 0.149122685194016 0.134985059499741 0.138428509235382 0.139592617750168 0.134528085589409 0.153703823685646 0.136652380228043 0.183742299675941 0.186776429414749 0.153113186359406 0.160486608743668
0.093502439558506 0.102571487426758 0.0976641848683357 0.0998281389474869 0.10724376142025 0.0999149456620216 0.116001233458519 0.131544232368469 0.127738952636719 0.148962661623955 0.129628643393517 0.155148431658745 0.149290025234222 0.175062373280525 0.161718368530273 0.137659966945648 0.137737110257149 0.116615533828735 0.140141978859901 0.15472312271595 0.133780285716057 0.14513772726059 0.162775471806526 0.16251003742218 0.144574403762817 0.119168825447559 0.119168825447559 0.133309870958328 0.140668377280235 0.121367387473583 0.137889251112938 0.159096091985703 0.156168103218079 0.150921478867531 0.130137547850609 0.128816813230515 0.142103731632233 0.139514595270157 0.129687339067459 0.131898775696754 0.170423313975334 0.136339411139488 0.154293850064278 0.194581106305122 0.13997158408165 0.146587625145912
