output/projections/05_YDS/Cassia ferruginea.asc
NCOLS 168 
NROWS 144 
XLLCORNER -41.0000000002598 
YLLCORNER -7.99999999976785 
CELLSIZE 0.0416666666664048 
NODATA_value -3.4e+38 
[rows 80 to 99 of 144, columns 46 to 91 of 168]
0.63022369146347 0.637337803840637 0.589736819267273 0.611323654651642 0.621173977851868 0.591826915740967 0.606548190116882 0.58022266626358 0.590142846107483 0.57308292388916 0.57135146856308 0.555391669273376 0.559075891971588 0.538467526435852 0.526286780834198 0.49986320734024 0.505364537239075 0.525776147842407 0.428655117750168 0.414092808961868 0.465678632259369 0.454618781805038 0.450724363327026 0.420016080141068 0.355553895235062 0.464564651250839 0.498094856739044 0.493379652500153 0.495540678501129 0.480234116315842 0.466460943222046 0.445088267326355 0.418102741241455 0.426154673099518 0.408507972955704 0.40679994225502 0.388972103595734 0.369356393814087 0.300565332174301 0.324947267770767 0.348493039608002 0.349385768175125 0.272985309362411 0.259734272956848 0.288965433835983 0.279347330331802
0.644539833068848 0.653313040733337 0.630589962005615 0.624712407588959 0.640782177448273 0.625234127044678 0.598265826702118 0.594482183456421 0.609545111656189 0.59356015920639 0.575772762298584 0.5577192902565 0.561786472797394 0.543541669845581 0.495540678501129 0.525502979755402 0.525384187698364 0.455593287944794 0.423082411289215 0.414283484220505 0.434245854616165 0.465483069419861 0.473508715629578 0.43385973572731 0.433666676282883 0.400363713502884 0.497701913118362 0.475919842720032 0.477880477905273 0.483766227960587 0.468026041984558 0.423466116189957 0.396600365638733 0.397541165351868 0.425770312547684 0.410218209028244 0.394027292728424 0.349743157625198 0.261428534984589 0.357602655887604 0.348493039608002 0.347601354122162 0.285715579986572 0.250125020742416 0.26286718249321 0.296388059854507
0.660305500030518 0.669237494468689 0.630040526390076 0.638031363487244 0.675642549991608 0.640420317649841 0.615424036979675 0.619878470897675 0.612533807754517 0.588621199131012 0.578266382217407 0.577307760715485 0.539443969726562 0.537686109542847 0.544906318187714 0.536854207515717 0.472529172897339 0.447224497795105 0.446447461843491 0.416382819414139 0.430966347455978 0.476900070905685 0.498300284147263 0.438498467206955 0.430773615837097 0.404419302940369 0.499077260494232 0.477684378623962 0.474547833204269 0.481607496738434 0.466069757938385 0.425770312547684 0.406989634037018 0.385428935289383 0.386546552181244 0.371005535125732 0.351711839437485 0.284855902194977 0.297837525606155 0.365338057279587 0.362245738506317 0.364973664283752 0.309425830841064 0.252504974603653 0.2645044028759 0.301690757274628
0.681491851806641 0.690128207206726 0.639844477176666 0.663646876811981 0.65810352563858 0.637337803840637 0.621543765068054 0.609170973300934 0.613279640674591 0.570196211338043 0.563248872756958 0.574236214160919 0.562947034835815 0.569510161876678 0.530008137226105 0.464505463838577 0.461769670248032 0.473704665899277 0.475272417068481 0.419059097766876 0.42824575304985 0.468672394752502 0.513417303562164 0.459621697664261 0.454355955123901 0.423364162445068 0.499470233917236 0.481411278247833 0.456695109605789 0.458450704813004 0.46157431602478 0.428462624549866 0.407558798789978 0.403579860925674 0.391028821468353 0.391028821468353 0.349385768175125 0.289095759391785 0.375815898180008 0.361519783735275 0.364427387714386 0.366614609956741 0.29695650935173 0.256504744291306 0.292255043983459 0.321584194898605
0.717028498649597 0.687094807624817 0.668018579483032 0.653135001659393 0.641143918037415 0.620988965034485 0.604107260704041 0.60673576593399 0.59356015920639 0.581138730049133 0.532602846622467 0.531233072280884 0.54002970457077 0.532161116600037 0.478272676467896 0.470238387584686 0.49986320734024 0.52146315574646 0.4766446352005 0.434052765369415 0.430195540189743 0.464955687522888 0.499470233917236 0.521778166294098 0.503203392028809 0.437835812568665 0.497898370027542 0.503006875514984 0.461183696985245 0.441403180360794 0.440434485673904 0.425193965435028 0.427308261394501 0.413835823535919 0.395905405282974 0.349385768175125 0.306729555130005 0.320201992988586 0.361701220273972 0.372822105884552 0.382454603910446 0.368258655071259 0.325872808694839 0.267798393964767 0.30461248755455 0.357488423585892
0.704684019088745 0.669237494468689 0.649923145771027 0.654558062553406 0.622282981872559 0.604483127593994 0.589952766895294 0.56904011964798 0.570003569126129 0.563140392303467 0.543736636638641 0.517462193965912 0.497308939695358 0.471609115600586 0.506150364875793 0.464173674583435 0.521778166294098 0.522247612476349 0.469004571437836 0.43617770075798 0.447934001684189 0.465151190757751 0.501750648021698 0.538467526435852 0.532356739044189 0.475331783294678 0.478272676467896 0.47258847951889 0.46509200334549 0.445476502180099 0.445088267326355 0.429232656955719 0.411549925804138 0.391964972019196 0.364791542291641 0.362608939409256 0.322961539030075 0.361644238233566 0.377616733312607 0.379303991794586 0.404336780309677 0.394778162240982 0.346710741519928 0.260545790195465 0.321842074394226 0.392491608858109
0.691135764122009 0.672534584999084 0.635883271694183 0.635883271694183 0.624865710735321 0.607485592365265 0.591472864151001 0.572313606739044 0.553450107574463 0.540420114994049 0.520993649959564 0.493183195590973 0.51844334602356 0.513536334037781 0.494558364152908 0.490040361881256 0.540810465812683 0.511846482753754 0.488478153944016 0.431351840496063 0.465542286634445 0.504501283168793 0.501750648021698 0.572121202945709 0.544906318187714 0.552496314048767 0.48298117518425 0.453187137842178 0.467634707689285 0.446835935115814 0.453449845314026 0.440047234296799 0.397410124540329 0.343179404735565 0.344519019126892 0.379118978977203 0.338828802108765 0.38403844833374 0.401311814785004 0.42884761095047 0.414789378643036 0.376524239778519 0.327851712703705 0.264697998762131 0.260545790195465 0.352930754423141
0.69147115945816 0.671321868896484 0.657749772071838 0.644032001495361 0.622467696666718 0.581944465637207 0.589952766895294 0.589572429656982 0.559850692749023 0.558106958866119 0.520601391792297 0.506858766078949 0.509019553661346 0.537295401096344 0.481402367353439 0.635306656360626 0.561205923557281 0.520601391792297 0.536854207515717 0.453187137842178 0.453939408063889 0.502536535263062 0.509040772914886 0.588240563869476 0.608822047710419 0.55482691526413 0.484747678041458 0.449751675128937 0.427885353565216 0.407558798789978 0.397221952676773 0.376339763402939 0.349385768175125 0.325872808694839 0.337884902954102 0.381712377071381 0.37819442152977 0.353894233703613 0.403390675783157 0.385615140199661 0.386919349431992 0.366432130336761 0.366614609956741 0.345465689897537 0.250984460115433 0.29419082403183
0.672534584999084 0.652065932750702 0.636065244674683 0.615795969963074 0.617653727531433 0.597510039806366 0.629276692867279 0.600744485855103 0.574236214160919 0.58190381526947 0.534363269805908 0.51196551322937 0.521044194698334 0.549951195716858 0.481986522674561 0.747967839241028 0.581521332263947 0.572890639305115 0.596360802650452 0.449100404977798 0.499392837285995 0.551701307296753 0.516335248947144 0.605797708034515 0.585913717746735 0.528687953948975 0.584387421607971 0.537831127643585 0.47840940952301 0.438692092895508 0.398728370666504 0.355124145746231 0.366432130336761 0.346532732248306 0.327588260173798 0.401311814785004 0.396788477897644 0.374114692211151 0.415237367153168 0.43385973572731 0.454423934221268 0.38878533244133 0.388972103595734 0.366432130336761 0.276273131370544 0.29947093129158
0.673399448394775 0.655800938606262 0.628206729888916 0.653491020202637 0.641143918037415 0.643130600452423 0.613838672637939 0.599424242973328 0.579032897949219 0.534363269805908 0.551312506198883 0.533776581287384 0.521436452865601 0.534150004386902 0.584974706172943 0.775900304317474 0.630376100540161 0.66534811258316 0.536854207515717 0.474743813276291 0.464173674583435 0.510001599788666 0.518101513385773 0.559959352016449 0.586335599422455 0.637125670909882 0.589912295341492 0.573359608650208 0.519894003868103 0.482529252767563 0.423783183097839 0.373025238513947 0.368075847625732 0.383011639118195 0.344519019126892 0.38403844833374 0.389693766832352 0.445384234189987 0.481215089559555 0.487889021635056 0.473312795162201 0.433087795972824 0.4104083776474 0.361701220273972 0.303912192583084 0.39829432964325
0.648491263389587 0.663471400737762 0.668715357780457 0.677018880844116 0.643310964107513 0.621728599071503 0.618485629558563 0.575964689254761 0.555391669273376 0.532407224178314 0.546447396278381 0.55558568239212 0.541183114051819 0.531190574169159 0.737110376358032 0.767821252346039 0.578649699687958 0.593899011611938 0.52961653470993 0.476311892271042 0.485916614532471 0.514517962932587 0.50332248210907 0.542353808879852 0.551506876945496 0.571050941944122 0.528441607952118 0.486907243728638 0.512239217758179 0.486062437295914 0.411359578371048 0.407748579978943 0.410979032516479 0.398106008768082 0.39980211853981 0.393712222576141 0.467693954706192 0.473959922790527 0.509096920490265 0.494763761758804 0.452281445264816 0.427308261394501 0.40793839097023 0.382640242576599 0.344313979148865 0.428270190954208
0.683875381946564 0.682173848152161 0.690967977046967 0.681641459465027 0.625234127044678 0.603167057037354 0.610106110572815 0.597913563251495 0.572505950927734 0.578841328620911 0.54917299747467 0.547810554504395 0.562088489532471 0.551810383796692 0.74270635843277 0.729853808879852 0.678392231464386 0.631562650203705 0.51844334602356 0.5258948802948 0.492004543542862 0.510787189006805 0.507644534111023 0.559269607067108 0.561592996120453 0.573167324066162 0.530399680137634 0.518716871738434 0.472529172897339 0.447613120079041 0.439079076051712 0.474684447050095 0.430388331413269 0.43559792637825 0.444505989551544 0.429425120353699 0.472784370183945 0.48867455124855 0.485925555229187 0.471353977918625 0.469200313091278 0.451892077922821 0.433280795812607 0.38097071647644 0.395660370588303 0.408318102359772
0.698762118816376 0.711667954921722 0.679762482643127 0.656155705451965 0.643671572208405 0.616539478302002 0.633666217327118 0.611787378787994 0.59356015920639 0.601875007152557 0.561012387275696 0.565181314945221 0.563055515289307 0.570814907550812 0.780474305152893 0.848496437072754 0.816834330558777 0.573167324066162 0.535731911659241 0.548801422119141 0.516088366508484 0.514714300632477 0.532407224178314 0.569124758243561 0.556185364723206 0.534703969955444 0.514595329761505 0.466656535863876 0.459426492452621 0.456500083208084 0.483766227960587 0.516754508018494 0.468026041984558 0.460012137889862 0.481999963521957 0.459036141633987 0.489460080862045 0.487103581428528 0.472529172897339 0.468808859586716 0.471353977918625 0.426539123058319 0.400556743144989 0.390055954456329 0.423466116189957 0.395660370588303
0.718620419502258 0.728523135185242 0.689791977405548 0.681129574775696 0.640239298343658 0.634608507156372 0.651384592056274 0.633118748664856 0.594318389892578 0.608073055744171 0.579990446567535 0.548978388309479 0.561508059501648 0.620464980602264 0.862919747829437 0.880107045173645 0.799540758132935 0.583814680576324 0.57308292388916 0.566617548465729 0.544498801231384 0.619597673416138 0.592571437358856 0.596928238868713 0.560061872005463 0.532943665981293 0.501238584518433 0.500649154186249 0.502810418605804 0.503203392028809 0.52530699968338 0.516754508018494 0.491620630025864 0.470825791358948 0.511846482753754 0.510078966617584 0.496139049530029 0.46939605474472 0.46743905544281 0.447418808937073 0.439853489398956 0.412377685308456 0.413591474294662 0.520405232906342 0.435984432697296 0.362983167171478
0.73669445514679 0.720206916332245 0.712473630905151 0.693813621997833 0.655090987682343 0.657041728496552 0.647985994815826 0.634760200977325 0.619041800498962 0.603568732738495 0.573851883411407 0.58690732717514 0.620063662528992 0.596942842006683 0.764495551586151 0.816363513469696 0.652781069278717 0.599801599979401 0.616629362106323 0.555197536945343 0.560927450656891 0.628543019294739 0.688344836235046 0.574704825878143 0.525111019611359 0.515303194522858 0.543151676654816 0.543151676654816 0.543151676654816 0.553079187870026 0.55482691526413 0.535290539264679 0.480234116315842 0.49357607960701 0.531574010848999 0.538221836090088 0.493388593196869 0.485140264034271 0.464309990406036 0.462551087141037 0.455135464668274 0.43058517575264 0.538467526435852 0.504382193088531 0.414128333330154 0.36798420548439
0.750143826007843 0.736084222793579 0.72914445400238 0.701237797737122 0.694647789001465 0.654735743999481 0.682323276996613 0.657958626747131 0.641113579273224 0.596022665500641 0.605046689510345 0.603167057037354 0.698633968830109 0.628023147583008 0.848597466945648 0.742735326290131 0.745130777359009 0.645801603794098 0.598857939243317 0.565374433994293 0.637125670909882 0.600933015346527 0.574236214160919 0.614583611488342 0.565374433994293 0.720523536205292 0.764762818813324 0.585723042488098 0.588390409946442 0.58428031206131 0.533530533313751 0.506936132907867 0.496326565742493 0.517069697380066 0.54743880033493 0.535681486129761 0.505364537239075 0.5092933177948 0.501631557941437 0.507721900939941 0.481018871068954 0.459409296512604 0.492593854665756 0.424867659807205 0.438027918338776 0.503767549991608
0.770946800708771 0.791446208953857 0.754827916622162 0.710929751396179 0.731620788574219 0.673226594924927 0.683684587478638 0.674009144306183 0.638577997684479 0.592422068119049 0.599209904670715 0.654380321502686 0.651530802249908 0.732361972332001 0.913236737251282 0.880806088447571 0.728301405906677 0.641475200653076 0.612160682678223 0.607860326766968 0.643280684947968 0.584237158298492 0.640930414199829 0.795354247093201 0.832273006439209 0.881279706954956 0.858134090900421 0.640570938587189 0.690196454524994 0.606533706188202 0.549579739570618 0.520797491073608 0.509412407875061 0.556361794471741 0.566231489181519 0.586295008659363 0.548606812953949 0.534312844276428 0.509096920490265 0.48298117518425 0.470825791358948 0.460679411888123 0.437685340642929 0.550966382026672 0.749910116195679 0.802253782749176
0.763933718204498 0.768578886985779 0.765343487262726 0.740296065807343 0.747819602489471 0.698799431324005 0.672106742858887 0.638396620750427 0.614024996757507 0.584618926048279 0.613189458847046 0.688276410102844 0.638938426971436 0.887416243553162 0.91770350933075 0.886283934116364 0.871171355247498 0.80312967300415 0.697785615921021 0.636762142181396 0.596779346466064 0.581562042236328 0.593344867229462 0.626920878887177 0.732977688312531 0.861800312995911 0.843997240066528 0.881509721279144 0.801423609256744 0.612185955047607 0.588009655475616 0.557525396347046 0.554809331893921 0.575964689254761 0.581521332263947 0.590672612190247 0.572975039482117 0.526678681373596 0.517854690551758 0.528049945831299 0.491218835115433 0.507251679897308 0.519474923610687 0.537473082542419 0.644719898700714 0.784752905368805
0.735278725624084 0.731899559497833 0.78949362039566 0.741352379322052 0.762596845626831 0.720297753810883 0.69128292798996 0.656364977359772 0.605797708034515 0.617282450199127 0.645439624786377 0.72900128364563 0.725998878479004 0.91457062959671 0.899236142635345 0.922728478908539 0.840557873249054 0.804616570472717 0.674526989459991 0.640570938587189 0.618485629558563 0.603543221950531 0.621358871459961 0.63077300786972 0.641653597354889 0.684006989002228 0.819862365722656 0.903647899627686 0.900829374790192 0.745727360248566 0.622002840042114 0.592611789703369 0.593749761581421 0.568269014358521 0.628726482391357 0.632659256458282 0.58953195810318 0.569510161876678 0.545490920543671 0.548217535018921 0.522758603096008 0.521385908126831 0.51196551322937 0.508626699447632 0.532407224178314 0.58190381526947
0.70262336730957 0.729579985141754 0.802798390388489 0.739388406276703 0.775900304317474 0.722509145736694 0.693124830722809 0.658665776252747 0.599587380886078 0.666971981525421 0.665748834609985 0.655707120895386 0.881473422050476 0.927530705928802 0.92456728219986 0.916388213634491 0.860965311527252 0.790317356586456 0.677705943584442 0.682072639465332 0.636216640472412 0.62615442276001 0.623206198215485 0.637156128883362 0.626001298427582 0.764641642570496 0.832608163356781 0.819638192653656 0.824921131134033 0.642558991909027 0.605046689510345 0.628543019294739 0.626706182956696 0.633879244327545 0.775079309940338 0.634119272232056 0.617026090621948 0.552301943302155 0.527462303638458 0.526482760906219 0.523738920688629 0.519032001495361 0.519032001495361 0.518050909042358 0.529224932193756 0.53313934803009
