output/projections/05_YDS/Cassia ferruginea.asc
NCOLS 168 
NROWS 144 
XLLCORNER -41.0000000002598 
YLLCORNER -7.99999999976785 
CELLSIZE 0.0416666666664048 
NODATA_value -3.4e+38 
[rows 120 to 139 of 144, columns 92 to 137 of 168]
0.759602248668671 0.763330399990082 0.813728094100952 0.757427096366882 0.806258618831635 0.89150196313858 0.913193225860596 0.892558991909027 0.902998149394989 0.911846995353699 0.917759776115417 0.869524478912354 0.82704097032547 0.841828584671021 0.870131194591522 0.87296324968338 0.875282824039459 0.862315773963928 0.875282824039459 0.844615459442139 0.832049131393433 0.823637902736664 0.837631404399872 0.817808747291565 0.836481273174286 0.859284639358521 0.849316656589508 0.841605603694916 0.856716215610504 0.928233206272125 0.938058197498322 0.942342698574066 0.943777501583099 0.946865141391754 0.927685558795929 0.913112103939056 0.84626030921936 0.838971555233002 0.813755810260773 0.804658114910126 0.787790596485138 0.78181791305542 0.801551222801208 0.831036925315857 0.828969955444336 0.822526037693024
0.746244490146637 0.877149760723114 0.846651434898376 0.817050933837891 0.863977074623108 0.926242113113403 0.934061050415039 0.933575332164764 0.925373256206512 0.920578837394714 0.890819847583771 0.858772099018097 0.823392271995544 0.844799101352692 0.823228478431702 0.856716215610504 0.874359428882599 0.869175314903259 0.835746943950653 0.800720751285553 0.805829524993896 0.846050381660461 0.827043294906616 0.812729001045227 0.817179679870605 0.8318150639534 0.832991480827332 0.855677962303162 0.919649124145508 0.937045872211456 0.940170109272003 0.941091775894165 0.946666121482849 0.94638866186142 0.931142807006836 0.861331641674042 0.839283764362335 0.813355147838593 0.801799595355988 0.807115495204926 0.809550762176514 0.816479861736298 0.809915482997894 0.801008582115173 0.831517577171326 0.822869956493378
0.779748141765594 0.783160030841827 0.830713391304016 0.8429936170578 0.893129885196686 0.897861182689667 0.847274005413055 0.798359870910645 0.821181535720825 0.870129406452179 0.867243766784668 0.848774194717407 0.815279960632324 0.836901247501373 0.871553897857666 0.878469169139862 0.86151134967804 0.855363667011261 0.831064105033875 0.799371778964996 0.841605603694916 0.857232987880707 0.825226485729218 0.820928812026978 0.833577215671539 0.837631404399872 0.869175314903259 0.864799678325653 0.929348647594452 0.936159193515778 0.938694417476654 0.94165563583374 0.945463061332703 0.941383004188538 0.910621821880341 0.89005845785141 0.8498894572258 0.83238273859024 0.814188897609711 0.813474416732788 0.81100058555603 0.798027515411377 0.796120703220367 0.790276288986206 0.800130188465118 0.79726380109787
0.715616405010223 0.762808501720428 0.883269727230072 0.722585737705231 0.739762008190155 0.877202391624451 0.904001355171204 0.886340081691742 0.888446629047394 0.86341255903244 0.862313866615295 0.852523624897003 0.823392271995544 0.848087131977081 0.849709570407867 0.843690276145935 0.840889930725098 0.831655204296112 0.825061619281769 0.800720751285553 0.845500409603119 0.844948828220367 0.837631404399872 0.824617564678192 0.83122444152832 0.856197834014893 0.868213474750519 0.884631633758545 0.929624974727631 0.934639513492584 0.939055263996124 0.942171633243561 0.94435852766037 0.938590288162231 0.910350382328033 0.914125144481659 0.908451020717621 0.853954255580902 0.848682284355164 0.856773912906647 0.82087105512619 0.799037516117096 0.828148245811462 0.808824121952057 0.793256521224976 0.788750171661377
0.935260891914368 0.938513278961182 0.936440467834473 0.924495041370392 0.933721363544464 0.934447228908539 0.93338006734848 0.915959060192108 0.879007577896118 0.847873330116272 0.84888356924057 0.844505488872528 0.810277163982391 0.829440176486969 0.841603398323059 0.823392271995544 0.829876840114594 0.834586143493652 0.8049036860466 0.819516897201538 0.832049131393433 0.830867409706116 0.82302463054657 0.843840837478638 0.864305913448334 0.869175314903259 0.88718843460083 0.878918588161469 0.933135330677032 0.936018168926239 0.939904272556305 0.942640900611877 0.928271353244781 0.934496641159058 0.939191281795502 0.925656259059906 0.906870126724243 0.851586103439331 0.827614426612854 0.833694458007812 0.805229067802429 0.821712076663971 0.830816090106964 0.806013405323029 0.811242878437042 0.819290816783905
0.937231063842773 0.940960943698883 0.935545861721039 0.933282315731049 0.931966543197632 0.930720388889313 0.898088395595551 0.862415015697479 0.871079325675964 0.84942364692688 0.850499033927917 0.830749690532684 0.814772844314575 0.815914034843445 0.846450328826904 0.830035805702209 0.81464409828186 0.834003210067749 0.800227224826813 0.830471277236938 0.817008912563324 0.818266272544861 0.824249505996704 0.85877400636673 0.853264629840851 0.841266334056854 0.871081173419952 0.901135802268982 0.923309326171875 0.933867156505585 0.937507927417755 0.934336364269257 0.918316006660461 0.916706085205078 0.913022935390472 0.875658869743347 0.884678304195404 0.838416934013367 0.84407365322113 0.858925223350525 0.865135729312897 0.864593982696533 0.827251553535461 0.800800025463104 0.809915482997894 0.798238217830658
0.936206161975861 0.934735476970673 0.918519377708435 0.918834388256073 0.924611806869507 0.899900317192078 0.902898013591766 0.902527749538422 0.881142556667328 0.869173467159271 0.882781028747559 0.848341882228851 0.800363481044769 0.815279960632324 0.863511323928833 0.848087131977081 0.82704097032547 0.831655204296112 0.808845698833466 0.815744817256927 0.81383603811264 0.799371778964996 0.835554659366608 0.854841291904449 0.845351099967957 0.835746943950653 0.875005066394806 0.884802341461182 0.908398449420929 0.914190709590912 0.935403525829315 0.922466397285461 0.911143481731415 0.905303239822388 0.897947013378143 0.880277216434479 0.846754610538483 0.836598634719849 0.915851354598999 0.911350250244141 0.879774868488312 0.832498610019684 0.820755422115326 0.818473398685455 0.790015637874603 0.786605656147003
0.934879183769226 0.933282315731049 0.933086276054382 0.933477759361267 0.919023752212524 0.927386045455933 0.905093491077423 0.885487794876099 0.870605111122131 0.868693292140961 0.853687226772308 0.849962115287781 0.822902619838715 0.833575010299683 0.846997499465942 0.850783288478851 0.828243911266327 0.805037498474121 0.798197448253632 0.82928079366684 0.793401539325714 0.815534293651581 0.82302463054657 0.812555074691772 0.828083634376526 0.834159076213837 0.843838751316071 0.857608795166016 0.885231375694275 0.908887386322021 0.927897274494171 0.927254498004913 0.906520903110504 0.898562610149384 0.889593362808228 0.875217735767365 0.874628305435181 0.852181077003479 0.85792738199234 0.837794065475464 0.826722025871277 0.829296231269836 0.818781435489655 0.807115495204926 0.787308812141418 0.814350605010986
0.931966543197632 0.935213327407837 0.935545861721039 0.924200236797333 0.931804239749908 0.923607349395752 0.905695855617523 0.894323945045471 0.902032554149628 0.885800778865814 0.869173467159271 0.866757571697235 0.846159279346466 0.821051716804504 0.832989275455475 0.856575906276703 0.837629199028015 0.822162687778473 0.803576111793518 0.812726557254791 0.787817895412445 0.826074361801147 0.815534293651581 0.84877622127533 0.87296324968338 0.857952356338501 0.848232209682465 0.86317902803421 0.880581855773926 0.91265594959259 0.934543430805206 0.937415778636932 0.941482663154602 0.93459278345108 0.915107190608978 0.900932431221008 0.876597106456757 0.851287841796875 0.828955829143524 0.813509166240692 0.805475473403931 0.803125083446503 0.789013087749481 0.790188193321228 0.818314492702484 0.806011915206909
0.930991768836975 0.932932674884796 0.92088657617569 0.934783399105072 0.929348647594452 0.917759776115417 0.917441010475159 0.904973149299622 0.887916028499603 0.874233841896057 0.865780711174011 0.852523624897003 0.854106843471527 0.84439355134964 0.803710579872131 0.803710579872131 0.791461229324341 0.790066003799438 0.815279960632324 0.819683432579041 0.798197448253632 0.811912059783936 0.837285339832306 0.854317307472229 0.850605487823486 0.867922306060791 0.879245340824127 0.86479777097702 0.899519920349121 0.925702035427094 0.920014500617981 0.923749446868896 0.922726273536682 0.899268865585327 0.861214280128479 0.845926523208618 0.836383700370789 0.813859760761261 0.802290081977844 0.799281001091003 0.812785863876343 0.819507241249084 0.841376006603241 0.855311274528503 0.860494256019592 0.837693333625793
0.929624974727631 0.919960141181946 0.905912756919861 0.92478883266449 0.920578837394714 0.912522435188293 0.896535873413086 0.909792184829712 0.884200572967529 0.891747653484344 0.902998149394989 0.884802341461182 0.860163807868958 0.82704097032547 0.819516897201538 0.818892419338226 0.815110266208649 0.843505561351776 0.825224161148071 0.794919371604919 0.792156279087067 0.8049036860466 0.854317307472229 0.849709570407867 0.856057167053223 0.848774194717407 0.86662745475769 0.855260074138641 0.899621665477753 0.904223084449768 0.908569514751434 0.894480049610138 0.889164984226227 0.865064442157745 0.856542706489563 0.853723585605621 0.835941970348358 0.813505113124847 0.804383516311646 0.833319783210754 0.899419009685516 0.907165706157684 0.880454957485199 0.892090797424316 0.909104883670807 0.88334858417511
0.917441010475159 0.906985402107239 0.90336686372757 0.906629085540771 0.92681610584259 0.932128429412842 0.92478883266449 0.917121052742004 0.905191540718079 0.915177762508392 0.912185311317444 0.879989981651306 0.841453194618225 0.821380198001862 0.844061315059662 0.822409689426422 0.859284639358521 0.850605487823486 0.857748210430145 0.857952356338501 0.808977425098419 0.778657913208008 0.848087131977081 0.807760834693909 0.799105644226074 0.805128335952759 0.860670149326324 0.888334929943085 0.852100193500519 0.862982988357544 0.862523555755615 0.839478135108948 0.81001603603363 0.801895081996918 0.849342525005341 0.888963401317596 0.910888671875 0.838282406330109 0.893909156322479 0.938739657402039 0.952634572982788 0.939145445823669 0.897805511951447 0.852255702018738 0.863277852535248 0.845959186553955
0.931804239749908 0.931262135505676 0.933037161827087 0.933428943157196 0.934206128120422 0.934735476970673 0.92088657617569 0.912522435188293 0.928513586521149 0.923904299736023 0.89808988571167 0.866759479045868 0.864799678325653 0.838204026222229 0.85826188325882 0.870131194591522 0.867730319499969 0.866759479045868 0.858465373516083 0.842574954032898 0.831812858581543 0.786548018455505 0.760832726955414 0.778657913208008 0.817806303501129 0.847143411636353 0.824212074279785 0.83318829536438 0.826642215251923 0.881142556667328 0.86248368024826 0.853232264518738 0.887272119522095 0.930031299591064 0.941222369670868 0.943359017372131 0.903862655162811 0.83395653963089 0.900157868862152 0.943274974822998 0.953756511211395 0.942172765731812 0.934491455554962 0.891928255558014 0.874994099140167 0.873426020145416
0.936767101287842 0.934831321239471 0.933964133262634 0.935498476028442 0.934974789619446 0.932290017604828 0.923904299736023 0.928792953491211 0.920270025730133 0.905191540718079 0.90000319480896 0.88718843460083 0.882462561130524 0.865782558917999 0.893765985965729 0.878918588161469 0.87711226940155 0.870131194591522 0.861007571220398 0.844799101352692 0.799012720584869 0.763022124767303 0.780684351921082 0.859284639358521 0.872681021690369 0.86662745475769 0.895118236541748 0.893363416194916 0.837250053882599 0.870605111122131 0.91724818944931 0.934350848197937 0.938739657402039 0.929501414299011 0.932924151420593 0.91209751367569 0.910956621170044 0.891893208026886 0.935451030731201 0.949827909469604 0.951049566268921 0.933331489562988 0.928628861904144 0.923002004623413 0.894710421562195 0.871590077877045
0.936487197875977 0.935545861721039 0.935403525829315 0.936299979686737 0.935165703296661 0.933037161827087 0.919336974620819 0.91807746887207 0.911507487297058 0.905191540718079 0.902998149394989 0.893765985965729 0.89336496591568 0.885061204433441 0.891339957714081 0.882899165153503 0.879813134670258 0.844245493412018 0.854841291904449 0.787960350513458 0.761493980884552 0.782650828361511 0.814899146556854 0.87249493598938 0.88718843460083 0.86662745475769 0.851568043231964 0.877717971801758 0.84070873260498 0.894562423229218 0.926187098026276 0.924026906490326 0.925827741622925 0.893126904964447 0.929912328720093 0.916030526161194 0.892987191677094 0.898186862468719 0.941222369670868 0.952099740505219 0.953023135662079 0.953756511211395 0.952481806278229 0.930663526058197 0.922190427780151 0.88351047039032
0.935971081256866 0.935403525829315 0.935451030731201 0.933770000934601 0.933184325695038 0.92681610584259 0.914849936962128 0.915830075740814 0.9265296459198 0.906985402107239 0.896535873413086 0.90075957775116 0.878018319606781 0.875282824039459 0.867922306060791 0.858465373516083 0.841453194618225 0.796835720539093 0.784272491931915 0.786923408508301 0.817808747291565 0.825833737850189 0.861814439296722 0.873430132865906 0.845718920230865 0.856403827667236 0.886510193347931 0.867728471755981 0.862982988357544 0.856371998786926 0.895039558410645 0.897057056427002 0.869374334812164 0.84459376335144 0.87408834695816 0.878202438354492 0.924905180931091 0.939681947231293 0.948462247848511 0.949753820896149 0.928001224994659 0.916688799858093 0.897263050079346 0.883789002895355 0.874830842018127 0.865488946437836
0.936673939228058 0.936346828937531 0.934447228908539 0.933672726154327 0.927951872348785 0.925081610679626 0.916154563426971 0.915830075740814 0.904100477695465 0.89692634344101 0.890520513057709 0.8793665766716 0.872211813926697 0.866759479045868 0.892558991909027 0.88025826215744 0.848990976810455 0.79665333032608 0.830038070678711 0.826439380645752 0.823394656181335 0.853582680225372 0.864305913448334 0.855677962303162 0.833577215671539 0.88158506155014 0.89808988571167 0.896144151687622 0.863808751106262 0.815495371818542 0.875005066394806 0.890272378921509 0.878347158432007 0.908748686313629 0.928233206272125 0.937921047210693 0.94435852766037 0.949940145015717 0.947180569171906 0.943065464496613 0.926943898200989 0.914686560630798 0.888627231121063 0.901249885559082 0.87729674577713 0.888968765735626
0.935022592544556 0.934783399105072 0.936018168926239 0.933526575565338 0.920578837394714 0.933672726154327 0.931262135505676 0.909097731113434 0.913193225860596 0.918394029140472 0.905912756919861 0.896535873413086 0.907340466976166 0.864007472991943 0.860502183437347 0.845718920230865 0.829082489013672 0.808454751968384 0.833577215671539 0.832991480827332 0.827645599842072 0.849316656589508 0.852525651454926 0.837631404399872 0.846050381660461 0.909445524215698 0.906985402107239 0.911166787147522 0.865782558917999 0.872025191783905 0.92766946554184 0.925373256206512 0.935782432556152 0.939859867095947 0.941352665424347 0.943819224834442 0.944933831691742 0.946187973022461 0.94446986913681 0.933522582054138 0.910358488559723 0.934440135955811 0.917676210403442 0.894488096237183 0.889166414737701 0.887564718723297
0.935165703296661 0.938830018043518 0.936112225055695 0.933526575565338 0.925953507423401 0.93459153175354 0.92766946554184 0.92766946554184 0.929624974727631 0.924200236797333 0.899623095989227 0.887609720230103 0.86965399980545 0.882024526596069 0.864305913448334 0.84769070148468 0.826439380645752 0.832991480827332 0.825833737850189 0.838775038719177 0.834743797779083 0.846050381660461 0.857748210430145 0.850928246974945 0.877566039562225 0.919960141181946 0.917759776115417 0.870131194591522 0.885061204433441 0.905552804470062 0.935403525829315 0.938739657402039 0.940478801727295 0.940873563289642 0.940829813480377 0.937875270843506 0.942513287067413 0.945746064186096 0.945774257183075 0.924104750156403 0.908646941184998 0.906617105007172 0.9119952917099 0.900618553161621 0.889321208000183 0.870197951793671
0.934302628040314 0.939548194408417 0.937138557434082 0.935593247413635 0.935356020927429 0.933770000934601 0.933135330677032 0.9314786195755 0.930720388889313 0.906629085540771 0.90000319480896 0.885916292667389 0.88025826215744 0.873430132865906 0.862315773963928 0.842726469039917 0.833577215671539 0.853582680225372 0.866271793842316 0.868213474750519 0.864799678325653 0.87711226940155 0.872025191783905 0.885489463806152 0.907340466976166 0.912858426570892 0.915177762508392 0.905552804470062 0.934109449386597 0.927101612091064 0.934061050415039 0.935022592544556 0.937415778636932 0.938739657402039 0.93535715341568 0.940478801727295 0.943902492523193 0.94670581817627 0.936953365802765 0.910742580890656 0.896438658237457 0.894884824752808 0.884930431842804 0.887073636054993 0.874131917953491 0.868492722511292
