output/projections/05_YDS/Cassia ferruginea.asc
NCOLS 168 
NROWS 144 
XLLCORNER -41.0000000002598 
YLLCORNER -7.99999999976785 
CELLSIZE 0.0416666666664048 
NODATA_value -3.4e+38 
[rows 100 to 119 of 144, columns 92 to 137 of 168]
0.461950033903122 0.489358842372894 0.492799490690231 0.642737150192261 0.632568538188934 0.73589015007019 0.756044864654541 0.710283279418945 0.652325689792633 0.657526433467865 0.876627445220947 0.799154877662659 0.735753238201141 0.840840101242065 0.71977835893631 0.698034346103668 0.611654460430145 0.639424622058868 0.625673115253448 0.674284160137177 0.686639726161957 0.766398549079895 0.864542305469513 0.853133738040924 0.699007868766785 0.720627963542938 0.642522931098938 0.552203893661499 0.654336214065552 0.615617990493774 0.625545263290405 0.585378527641296 0.555893778800964 0.471520602703094 0.486250221729279 0.555584967136383 0.578615665435791 0.630711078643799 0.651436448097229 0.644899904727936 0.648491263389587 0.651352345943451 0.66906350851059 0.714117169380188 0.707961320877075 0.7542445063591
0.476618409156799 0.493175774812698 0.490902900695801 0.645079851150513 0.612356901168823 0.688575506210327 0.72900128364563 0.690090298652649 0.680428862571716 0.647529244422913 0.670300185680389 0.58742368221283 0.54445481300354 0.664022505283356 0.702459335327148 0.6224524974823 0.581219911575317 0.605725824832916 0.646073937416077 0.639296472072601 0.675922691822052 0.7979616522789 0.858417332172394 0.853133738040924 0.838299512863159 0.74776291847229 0.614619791507721 0.554288148880005 0.587692677974701 0.640237987041473 0.573047816753387 0.582305192947388 0.516067981719971 0.4749855697155 0.611712455749512 0.633942604064941 0.614864766597748 0.647858798503876 0.65410852432251 0.650459408760071 0.678220748901367 0.685551226139069 0.688761353492737 0.738746821880341 0.744951546192169 0.739520072937012
0.464121252298355 0.550449371337891 0.574882864952087 0.595163345336914 0.677001237869263 0.791488230228424 0.77522075176239 0.689922213554382 0.67888879776001 0.617155253887177 0.589923977851868 0.496046215295792 0.547357499599457 0.730777859687805 0.747839570045471 0.58002758026123 0.606732308864594 0.695358037948608 0.605723857879639 0.633059203624725 0.76522433757782 0.869077324867249 0.867511928081512 0.837766110897064 0.771704494953156 0.716225862503052 0.63341212272644 0.563205897808075 0.605952084064484 0.679345786571503 0.564775586128235 0.515014946460724 0.509747862815857 0.543946504592896 0.698891282081604 0.663710415363312 0.630711078643799 0.640491604804993 0.650900840759277 0.645079851150513 0.656687438488007 0.663739621639252 0.670719623565674 0.691874444484711 0.70134174823761 0.689890623092651
0.549282193183899 0.583256423473358 0.658717095851898 0.672555863857269 0.63039755821228 0.855213940143585 0.818431317806244 0.70963591337204 0.660679578781128 0.567709565162659 0.502775430679321 0.541756629943848 0.810433447360992 0.819576323032379 0.768719673156738 0.552878737449646 0.737281799316406 0.643303871154785 0.655499160289764 0.669150769710541 0.795329630374908 0.896457314491272 0.81690239906311 0.71550327539444 0.80767947435379 0.738100826740265 0.637666404247284 0.608610570430756 0.576043963432312 0.634390592575073 0.512435436248779 0.518212556838989 0.570452451705933 0.590981245040894 0.640328168869019 0.60853636264801 0.581435739994049 0.629728496074677 0.651257932186127 0.660481750965118 0.655623555183411 0.662686347961426 0.666889727115631 0.650491654872894 0.65370112657547 0.65618771314621
0.532780766487122 0.548089861869812 0.590497255325317 0.593272686004639 0.6988325715065 0.71704089641571 0.767178058624268 0.689754009246826 0.657875180244446 0.545863211154938 0.513961791992188 0.591050982475281 0.813010931015015 0.703339815139771 0.596366286277771 0.609746336936951 0.773707509040833 0.646168768405914 0.59966629743576 0.648302972316742 0.71161961555481 0.877754032611847 0.803896844387054 0.821843326091766 0.85273939371109 0.672584712505341 0.668709278106689 0.557781338691711 0.555329561233521 0.543849289417267 0.541756629943848 0.606958389282227 0.545940458774567 0.614267528057098 0.587920248508453 0.641298651695251 0.615160882472992 0.646936357021332 0.671516537666321 0.680809080600739 0.671841859817505 0.678392231464386 0.656864583492279 0.66906350851059 0.718552708625793 0.760053813457489
0.551615953445435 0.569466590881348 0.574882864952087 0.561373710632324 0.70638644695282 0.652328193187714 0.686549484729767 0.668736755847931 0.631379365921021 0.551084041595459 0.55854743719101 0.623218834400177 0.691892147064209 0.781724572181702 0.553114593029022 0.794877231121063 0.736330628395081 0.658504724502563 0.614650845527649 0.631791710853577 0.730856120586395 0.846234619617462 0.829685628414154 0.916476607322693 0.864166676998138 0.738097667694092 0.652796983718872 0.598394513130188 0.605466246604919 0.733178019523621 0.641085982322693 0.551532566547394 0.566620230674744 0.614654719829559 0.848120987415314 0.763463497161865 0.648059248924255 0.69667786359787 0.694109797477722 0.694776892662048 0.692643642425537 0.697308540344238 0.684873163700104 0.733095645904541 0.783711910247803 0.794050991535187
0.578690469264984 0.566573858261108 0.574882864952087 0.652862727642059 0.659776449203491 0.648396492004395 0.670475482940674 0.610863327980042 0.590315759181976 0.585837960243225 0.60113251209259 0.618606686592102 0.533371806144714 0.682801485061646 0.750387191772461 0.854159414768219 0.680732548236847 0.686639726161957 0.696212291717529 0.63081032037735 0.779499351978302 0.877895891666412 0.900279521942139 0.928747832775116 0.904639363288879 0.725953757762909 0.772744536399841 0.772799551486969 0.667109429836273 0.707716166973114 0.701690196990967 0.59662789106369 0.741836369037628 0.878414511680603 0.866845905780792 0.804488480091095 0.743663549423218 0.737414836883545 0.713185727596283 0.720048487186432 0.712312638759613 0.700780749320984 0.687918305397034 0.700430810451508 0.710877537727356 0.719521701335907
0.572354555130005 0.589736819267273 0.580075681209564 0.597583651542664 0.625066578388214 0.673074901103973 0.617855668067932 0.623494803905487 0.686259865760803 0.661401808261871 0.6221604347229 0.556972861289978 0.54317581653595 0.711192548274994 0.67797726392746 0.794541537761688 0.731489658355713 0.712519347667694 0.75799286365509 0.656162917613983 0.842395305633545 0.842954277992249 0.920186161994934 0.914848625659943 0.923083662986755 0.791078746318817 0.855926871299744 0.836855292320251 0.727628171443939 0.699458420276642 0.709985971450806 0.721436440944672 0.857797741889954 0.794240117073059 0.831926107406616 0.813509166240692 0.743663549423218 0.737871170043945 0.71238124370575 0.704847574234009 0.706805825233459 0.701073110103607 0.717598080635071 0.70259040594101 0.708468437194824 0.694460570812225
0.60364031791687 0.605331420898438 0.604016304016113 0.615269184112549 0.63019061088562 0.645344495773315 0.629728496074677 0.626459419727325 0.648490965366364 0.579686880111694 0.577668905258179 0.572951972484589 0.592300117015839 0.745853185653687 0.802009403705597 0.765642881393433 0.812759816646576 0.786262810230255 0.790959775447845 0.680007815361023 0.717381536960602 0.867892622947693 0.895911574363708 0.865407526493073 0.839939296245575 0.811105489730835 0.739762008190155 0.779710352420807 0.69263356924057 0.886493623256683 0.726137340068817 0.831363618373871 0.902999699115753 0.885361969470978 0.90543794631958 0.855019211769104 0.755178809165955 0.725373029708862 0.720852255821228 0.726666033267975 0.715431153774261 0.70057874917984 0.728056609630585 0.740325212478638 0.720297753810883 0.71343868970871
0.619724333286285 0.636214315891266 0.638757109642029 0.625066578388214 0.648754775524139 0.619844734668732 0.644041895866394 0.641734063625336 0.621132135391235 0.596588850021362 0.601558148860931 0.596136629581451 0.718071043491364 0.71550327539444 0.632463037967682 0.723203122615814 0.742051959037781 0.863516747951508 0.816065490245819 0.719938933849335 0.766178607940674 0.86496502161026 0.881324231624603 0.836616933345795 0.802276313304901 0.797380924224854 0.712484121322632 0.869374334812164 0.766509175300598 0.858956933021545 0.807572424411774 0.914256274700165 0.922914922237396 0.924555420875549 0.908879578113556 0.83002233505249 0.729734838008881 0.775634169578552 0.795354247093201 0.7629354596138 0.74955415725708 0.714630424976349 0.769916236400604 0.748264014720917 0.703537821769714 0.793554842472076
0.631288945674896 0.669258892536163 0.653040826320648 0.637558400630951 0.686549484729767 0.661383986473083 0.616541564464569 0.610158145427704 0.67678964138031 0.637883365154266 0.605593502521515 0.631327867507935 0.718154966831207 0.736330628395081 0.648584723472595 0.821768879890442 0.826685965061188 0.87398761510849 0.852211534976959 0.763904988765717 0.785277903079987 0.879811406135559 0.878169775009155 0.838978946208954 0.767452836036682 0.748113632202148 0.868309140205383 0.916947424411774 0.85537326335907 0.898987650871277 0.919084250926971 0.919296205043793 0.925230741500854 0.917482912540436 0.852126359939575 0.817943572998047 0.889916598796844 0.883562922477722 0.802922785282135 0.760080814361572 0.743156671524048 0.742856562137604 0.766698479652405 0.738671541213989 0.7452512383461 0.829860925674438
0.629640996456146 0.661559998989105 0.682135403156281 0.673099458217621 0.716562271118164 0.662768721580505 0.649020254611969 0.643706262111664 0.669760525226593 0.703622281551361 0.626883625984192 0.689976274967194 0.662381708621979 0.668948233127594 0.718887388706207 0.746864497661591 0.826081037521362 0.856818854808807 0.850499033927917 0.785987973213196 0.820431411266327 0.897856950759888 0.896142601966858 0.835565328598022 0.781665742397308 0.867892622947693 0.921086072921753 0.878179788589478 0.887339353561401 0.900922000408173 0.924080908298492 0.9056236743927 0.905959010124207 0.900049269199371 0.844543635845184 0.8375523686409 0.873404026031494 0.861612975597382 0.798533737659454 0.743513703346252 0.744710922241211 0.794670760631561 0.7910977602005 0.769079804420471 0.785585820674896 0.838235676288605
0.663843810558319 0.675969243049622 0.691169381141663 0.702286779880524 0.732361972332001 0.666106820106506 0.64852648973465 0.659422814846039 0.669159829616547 0.6871178150177 0.675214886665344 0.634267032146454 0.674528241157532 0.606732308864594 0.595610797405243 0.66467273235321 0.763050377368927 0.778083026409149 0.845351099967957 0.829440176486969 0.869843661785126 0.889997005462646 0.858433961868286 0.827890813350677 0.838437139987946 0.88858836889267 0.854232490062714 0.846625030040741 0.87298572063446 0.843170583248138 0.854001462459564 0.842220723628998 0.867872834205627 0.830370962619781 0.822864949703217 0.84966653585434 0.91086220741272 0.886746764183044 0.78862190246582 0.779034972190857 0.830737769603729 0.843869566917419 0.799540758132935 0.775164067745209 0.777212023735046 0.760923862457275
0.693680107593536 0.690329968929291 0.701752007007599 0.734418272972107 0.725373029708862 0.673480093479156 0.683008432388306 0.66474986076355 0.680737912654877 0.663233160972595 0.693658649921417 0.652919232845306 0.8485307097435 0.599700152873993 0.636968016624451 0.691317975521088 0.760849714279175 0.785226464271545 0.835167348384857 0.877292573451996 0.873148798942566 0.889859855175018 0.855260074138641 0.836674749851227 0.844067394733429 0.841838896274567 0.822925329208374 0.85838258266449 0.849206328392029 0.794424057006836 0.827072262763977 0.887760162353516 0.902626276016235 0.844106495380402 0.879834532737732 0.900181651115417 0.944811999797821 0.939771234989166 0.873525381088257 0.86477792263031 0.858897805213928 0.787306070327759 0.770386636257172 0.758157730102539 0.757725179195404 0.755303263664246
0.702636122703552 0.717475950717926 0.733958125114441 0.731495499610901 0.745163798332214 0.698578298091888 0.707578837871552 0.645922124385834 0.675482332706451 0.759374976158142 0.71550327539444 0.77495813369751 0.846406519412994 0.59966629743576 0.610256016254425 0.692560255527496 0.782420456409454 0.82716292142868 0.847543120384216 0.860163807868958 0.833418667316437 0.865976989269257 0.867114067077637 0.858772099018097 0.841717004776001 0.834399163722992 0.841834723949432 0.88044273853302 0.843867540359497 0.806750595569611 0.838802397251129 0.902654945850372 0.915014386177063 0.906986057758331 0.931949079036713 0.931398689746857 0.947167813777924 0.932239890098572 0.886900246143341 0.779977738857269 0.767313778400421 0.780920445919037 0.798783898353577 0.791482865810394 0.789399921894073 0.795091450214386
0.673089563846588 0.785855889320374 0.763747215270996 0.774949550628662 0.749546587467194 0.70495480298996 0.67813116312027 0.663353621959686 0.781155347824097 0.898473978042603 0.766331374645233 0.865957796573639 0.820089936256409 0.617479801177979 0.640226602554321 0.77576470375061 0.797116696834564 0.82716292142868 0.837054967880249 0.807538509368896 0.808018267154694 0.84714549779892 0.878918588161469 0.846997499465942 0.867114067077637 0.824822127819061 0.885574221611023 0.879101514816284 0.842298686504364 0.807572424411774 0.846246778964996 0.893528699874878 0.920397162437439 0.919196009635925 0.91688597202301 0.920697033405304 0.941439628601074 0.908854961395264 0.838120341300964 0.813040018081665 0.826504588127136 0.78385978937149 0.790443301200867 0.794322073459625 0.786064505577087 0.803537249565125
0.730722963809967 0.727043628692627 0.796582996845245 0.79734605550766 0.776298344135284 0.712144494056702 0.698118269443512 0.71688175201416 0.851587772369385 0.859975457191467 0.79806125164032 0.911755084991455 0.79069322347641 0.658062934875488 0.699356377124786 0.680768132209778 0.745216488838196 0.756255269050598 0.790066003799438 0.785695791244507 0.82944244146347 0.856197834014893 0.857748210430145 0.861311554908752 0.883334398269653 0.861309587955475 0.878558397293091 0.861013054847717 0.85744720697403 0.812879979610443 0.86647093296051 0.917758584022522 0.927218794822693 0.929052412509918 0.930724263191223 0.931243538856506 0.916267693042755 0.903225839138031 0.898703038692474 0.850711464881897 0.79445469379425 0.783992946147919 0.749888956546783 0.751653671264648 0.752386510372162 0.740174055099487
0.755614459514618 0.709739863872528 0.707578837871552 0.816347181797028 0.764191448688507 0.753362894058228 0.683713972568512 0.717180073261261 0.823613941669464 0.890929341316223 0.82179981470108 0.923010289669037 0.80248349905014 0.772167086601257 0.752308905124664 0.754697501659393 0.799552381038666 0.807363390922546 0.854108870029449 0.829679131507874 0.839912116527557 0.863810658454895 0.853582680225372 0.872025191783905 0.88802969455719 0.862180054187775 0.851034343242645 0.826685965061188 0.829685628414154 0.833815693855286 0.884629964828491 0.930946290493011 0.941396057605743 0.933576643466949 0.924938261508942 0.932625293731689 0.918889403343201 0.908985078334808 0.854459285736084 0.797858238220215 0.769551396369934 0.770108461380005 0.758013606071472 0.740336954593658 0.751026630401611 0.764441609382629
0.757883608341217 0.746838212013245 0.727367877960205 0.706930875778198 0.767747402191162 0.801519572734833 0.702991783618927 0.779091656208038 0.841154515743256 0.917759776115417 0.830749690532684 0.899623095989227 0.878647744655609 0.85343986749649 0.792849600315094 0.821793019771576 0.857748210430145 0.857232987880707 0.863810658454895 0.865782558917999 0.857748210430145 0.862815618515015 0.830632090568542 0.856197834014893 0.86030113697052 0.809972763061523 0.857748210430145 0.892558991909027 0.867243766784668 0.845609664916992 0.932290017604828 0.94025844335556 0.934496521949768 0.943148672580719 0.949111461639404 0.943444073200226 0.933960199356079 0.922216355800629 0.855628192424774 0.822639286518097 0.803502202033997 0.768294632434845 0.758212685585022 0.758500695228577 0.760224103927612 0.787174463272095
0.765492141246796 0.758034706115723 0.739019095897675 0.711306691169739 0.732854902744293 0.805883228778839 0.840712904930115 0.852630794048309 0.904100477695465 0.914849936962128 0.875465452671051 0.898859083652496 0.889695703983307 0.832244694232941 0.843284487724304 0.866271793842316 0.886341691017151 0.85826188325882 0.870131194591522 0.868213474750519 0.852525651454926 0.857748210430145 0.82944244146347 0.832404136657715 0.82944244146347 0.861814439296722 0.894165635108948 0.883768200874329 0.845901548862457 0.878469169139862 0.935782432556152 0.941004574298859 0.944317221641541 0.950386703014374 0.953582882881165 0.946587800979614 0.930612802505493 0.906806111335754 0.852691173553467 0.835080921649933 0.809552252292633 0.769555985927582 0.766053140163422 0.779800236225128 0.794285774230957 0.821145117282867
