output/projections/05_YDS/Cassia ferruginea.asc
NCOLS 168 
NROWS 144 
XLLCORNER -41.0000000002598 
YLLCORNER -7.99999999976785 
CELLSIZE 0.0416666666664048 
NODATA_value -3.4e+38 
[rows 40 to 59 of 144, columns 46 to 91 of 168]
0.606761157512665 0.5641068816185 0.56062525510788 0.572205662727356 0.593709409236908 0.574704825878143 0.562947034835815 0.71912956237793 0.638833105564117 0.61446475982666 0.61910879611969 0.59551477432251 0.625757992267609 0.628147602081299 0.613736629486084 0.631994485855103 0.630347847938538 0.629248380661011 0.627963960170746 0.611124932765961 0.610003709793091 0.60906845331192 0.608506917953491 0.607570350170135 0.607195496559143 0.623177647590637 0.62243914604187 0.605882585048676 0.621515214443207 0.604755997657776 -3.4e+38 -3.4e+38 -3.4e+38 -3.4e+38 -3.4e+38 -3.4e+38 -3.4e+38 -3.4e+38 -3.4e+38 -3.4e+38 -3.4e+38 -3.4e+38 -3.4e+38 -3.4e+38 -3.4e+38 -3.4e+38
0.576540410518646 0.570773899555206 0.581138730049133 0.579032897949219 0.580564737319946 0.59356015920639 0.624586343765259 0.708401381969452 0.632827818393707 0.630999743938446 0.611481547355652 0.605302393436432 0.641187131404877 0.646952509880066 0.659590840339661 0.651683926582336 0.634549796581268 0.631628811359406 0.629798293113708 0.628331124782562 0.611124932765961 0.610190629959106 0.60925555229187 0.608881294727325 0.607757687568665 0.607195496559143 0.607008039951324 0.60644543170929 0.605694890022278 0.589012980461121 0.621145367622375 -3.4e+38 -3.4e+38 -3.4e+38 -3.4e+38 -3.4e+38 -3.4e+38 -3.4e+38 -3.4e+38 -3.4e+38 -3.4e+38 -3.4e+38 -3.4e+38 -3.4e+38 -3.4e+38 -3.4e+38
0.565181314945221 0.571928799152374 0.5711590051651 0.575580775737762 0.585763573646545 0.595076143741608 0.649776637554169 0.855834543704987 0.634652078151703 0.598900675773621 0.602858781814575 0.606053233146667 0.643173694610596 0.625021457672119 0.636006593704224 0.64397394657135 0.662760019302368 0.636006593704224 0.632542669773102 0.630164682865143 0.612804651260376 0.627780377864838 0.610190629959106 0.608881294727325 0.608132362365723 0.607570350170135 0.607008039951324 0.606633007526398 0.605882585048676 0.605319380760193 0.604755997657776 0.604568123817444 -3.4e+38 -3.4e+38 -3.4e+38 -3.4e+38 -3.4e+38 -3.4e+38 -3.4e+38 -3.4e+38 -3.4e+38 -3.4e+38 -3.4e+38 -3.4e+38 -3.4e+38 -3.4e+38
0.579265236854553 0.587669312953949 0.558021903038025 0.587669312953949 0.605985343456268 0.67954158782959 0.649925410747528 0.672628343105316 0.579691529273987 0.630855679512024 0.636290609836578 0.625677168369293 0.64136791229248 0.61706805229187 0.65017694234848 0.632907927036285 0.642169952392578 0.643252849578857 0.635824620723724 0.632542669773102 0.630347847938538 0.612991094589233 0.611498475074768 0.610003709793091 0.60906845331192 0.607757687568665 0.606820523738861 0.60644543170929 0.605694890022278 0.605319380760193 0.604380190372467 0.604380190372467 0.604004263877869 -3.4e+38 -3.4e+38 -3.4e+38 -3.4e+38 -3.4e+38 -3.4e+38 -3.4e+38 -3.4e+38 -3.4e+38 -3.4e+38 -3.4e+38 -3.4e+38 -3.4e+38
0.600530445575714 0.583664357662201 0.568502843379974 0.64619117975235 0.653345167636871 0.70429652929306 0.587819218635559 0.575196743011475 0.669677317142487 0.789907693862915 0.655025660991669 0.629901111125946 0.629351258277893 0.634105205535889 0.621145367622375 0.624837219715118 0.656230032444 0.626510560512543 0.638549983501434 0.634732007980347 0.631445944309235 0.62943172454834 0.612058460712433 0.626677811145782 0.609629690647125 0.608506917953491 0.607382953166962 0.60644543170929 0.605694890022278 0.605319380760193 0.60419225692749 0.603628277778625 0.587109088897705 0.603252112865448 -3.4e+38 -3.4e+38 -3.4e+38 -3.4e+38 -3.4e+38 -3.4e+38 -3.4e+38 -3.4e+38 -3.4e+38 -3.4e+38 -3.4e+38 -3.4e+38
0.601661145687103 0.600153267383575 0.575237572193146 0.666921257972717 0.635940790176392 0.579798996448517 0.58480978012085 0.596564590930939 0.908388018608093 0.755262851715088 0.63995897769928 0.623096644878387 0.620879232883453 0.637017846107483 0.631731390953064 0.6442551612854 0.6200350522995 0.658177733421326 0.612618148326874 0.65071302652359 0.633090496063232 0.629981517791748 0.62759667634964 0.626125991344452 0.60925555229187 0.624284386634827 0.607382953166962 0.606633007526398 0.605507135391235 0.588251769542694 0.587490081787109 0.603252112865448 0.602687656879425 0.602687656879425 0.601934611797333 0.617810666561127 -3.4e+38 -3.4e+38 -3.4e+38 -3.4e+38 -3.4e+38 -3.4e+38 -3.4e+38 -3.4e+38 -3.4e+38 -3.4e+38
0.607394933700562 0.616725265979767 0.676422119140625 0.623480021953583 0.599612951278687 0.585763573646545 0.595050454139709 0.730074763298035 0.804280638694763 0.673867583274841 0.693213224411011 0.701700627803802 0.634690821170807 0.652000308036804 0.635016441345215 0.631548523902893 0.606991052627563 0.638651788234711 0.651248693466187 0.652853548526764 0.630530953407288 0.630530953407288 0.627780377864838 0.62594199180603 0.607945084571838 0.623177647590637 0.606257855892181 0.605507135391235 0.60513162612915 0.587870955467224 0.603064000606537 0.634834289550781 0.618181705474854 0.601369559764862 0.600992679595947 0.600804209709167 -3.4e+38 -3.4e+38 -3.4e+38 -3.4e+38 -3.4e+38 -3.4e+38 -3.4e+38 -3.4e+38 -3.4e+38 -3.4e+38
0.606644988059998 0.631870567798615 0.677453339099884 0.631108283996582 0.6256023645401 0.638608455657959 0.661103427410126 0.681982457637787 0.692288339138031 0.677362501621246 0.928613841533661 0.675046622753143 0.641767859458923 0.650036215782166 0.619027495384216 0.61810028553009 0.619583368301392 0.631914258003235 0.638107478618622 0.65481024980545 0.632725298404694 0.626493871212006 0.6272292137146 0.625573873519897 0.607382953166962 0.605694890022278 0.604568123817444 0.603816270828247 0.603252112865448 0.585774838924408 0.585774838924408 0.601934611797333 0.601369559764862 0.600615680217743 0.60004997253418 0.599483966827393 0.598917722702026 0.598540067672729 -3.4e+38 -3.4e+38 -3.4e+38 -3.4e+38 -3.4e+38 -3.4e+38 -3.4e+38 -3.4e+38
0.627288460731506 0.630956053733826 0.683514595031738 0.648881793022156 0.658810555934906 0.668285012245178 0.690443634986877 0.66549152135849 0.666448056697845 0.859524786472321 0.846069931983948 0.647325277328491 0.663124859333038 0.603528678417206 0.635055184364319 0.613824307918549 0.624572098255157 0.627699732780457 0.630633652210236 0.639376938343048 0.631628811359406 0.60513162612915 0.62243914604187 0.623731195926666 0.606257855892181 0.60513162612915 0.603064000606537 0.602311193943024 0.601369559764862 0.600804209709167 0.60004997253418 0.583102524280548 0.582720339298248 0.582338094711304 0.598351240158081 0.597784459590912 0.597406446933746 0.596650123596191 0.596460938453674 -3.4e+38 -3.4e+38 -3.4e+38 -3.4e+38 -3.4e+38 -3.4e+38 -3.4e+38
0.624159455299377 0.653574883937836 0.704753696918488 0.833559930324554 0.727277874946594 0.771721184253693 0.704046189785004 0.649418830871582 0.696956276893616 0.747448325157166 0.671935737133026 0.62461131811142 0.621658265590668 0.615725219249725 0.628840088844299 0.629023551940918 0.636692941188812 0.624572098255157 0.626597106456757 0.628067016601562 0.639558136463165 0.624468684196472 0.597217440605164 0.618367195129395 0.619479417800903 0.619294166564941 0.601746320724487 0.600804209709167 0.599483966827393 0.598351240158081 0.597784459590912 0.597217440605164 0.580233931541443 0.579659521579742 0.59608256816864 0.595325410366058 0.595325410366058 0.578318476676941 0.578126788139343 -3.4e+38 -3.4e+38 -3.4e+38 -3.4e+38 -3.4e+38 -3.4e+38 -3.4e+38
0.638757109642029 0.64929187297821 0.676485478878021 0.91894793510437 0.87187534570694 0.79899662733078 0.744619071483612 0.674385547637939 0.656689703464508 0.644989252090454 0.636850118637085 0.645349085330963 0.5889613032341 0.612559080123901 0.641562640666962 0.629940092563629 0.626636207103729 0.609717726707458 0.615313649177551 0.622727453708649 0.604926824569702 0.614650964736938 0.616324961185455 0.610547542572021 0.614278554916382 0.599295258522034 0.599672675132751 0.598540067672729 0.597406446933746 0.580042481422424 0.579276502132416 0.578318476676941 0.577743351459503 0.576976239681244 0.576976239681244 0.576208770275116 0.576016843318939 0.575824856758118 0.558344721794128 0.574864745140076 0.591722905635834 -3.4e+38 -3.4e+38 -3.4e+38 -3.4e+38 -3.4e+38
0.651793241500854 0.67888879776001 0.748581171035767 0.923119843006134 0.884770274162292 0.903465688228607 0.869374930858612 0.829638838768005 0.714097499847412 0.64011549949646 0.63939094543457 0.603004455566406 0.604508578777313 0.630281567573547 0.614794969558716 0.634483873844147 0.613863945007324 0.622582077980042 0.603716731071472 0.635055184364319 0.621434092521667 0.610921263694763 0.603046953678131 0.611854910850525 0.590393126010895 0.594378352165222 0.594757258892059 0.595136046409607 0.595136046409607 0.594567835330963 0.576784431934357 0.575632929801941 0.575056850910187 0.574672698974609 0.574480593204498 0.57371187210083 0.573327422142029 0.572750568389893 0.572365880012512 0.571788668632507 0.554465055465698 0.571596205234528 -3.4e+38 -3.4e+38 -3.4e+38 -3.4e+38
0.662087738513947 0.75079345703125 0.86280357837677 0.95664781332016 0.933645367622375 0.875260531902313 0.817186832427979 0.826391816139221 0.827854156494141 0.658812820911407 0.603756785392761 0.620338380336761 0.628998696804047 0.629915237426758 0.632841885089874 0.607323586940765 0.606010794639587 0.619252264499664 0.622212648391724 0.608782172203064 0.588473916053772 0.582943379878998 0.586378693580627 0.604363203048706 0.608115434646606 0.586586534976959 0.590012907981873 0.591153144836426 0.591153144836426 0.591343104839325 0.590773165225983 0.590012907981873 0.572750568389893 0.571981072425842 0.571403741836548 0.570826232433319 0.570441126823425 0.569863259792328 0.569092512130737 0.569092512130737 0.551550984382629 0.568514227867126 0.56812858581543 -3.4e+38 -3.4e+38 -3.4e+38
0.771088421344757 0.848929107189178 0.951812207698822 0.959089398384094 0.959058582782745 0.926507532596588 0.909623146057129 0.868336617946625 0.678139925003052 0.621728599071503 0.712831854820251 0.650461673736572 0.649388790130615 0.627897560596466 0.612185955047607 0.588390409946442 0.555973768234253 0.58190381526947 0.582859516143799 0.59105259180069 0.57835054397583 0.597873389720917 0.582943379878998 0.585806727409363 0.594740152359009 0.602105915546417 0.582196235656738 0.586395978927612 0.587348699569702 0.586967706680298 0.570248484611511 0.586967706680298 0.569863259792328 0.568899750709534 0.568321406841278 0.567935764789581 0.566971182823181 0.566778242588043 0.549411654472351 0.549217104911804 0.565426886081696 0.565233767032623 0.547659993171692 0.530094146728516 -3.4e+38 -3.4e+38
0.716838240623474 0.863902509212494 0.950126647949219 0.959732115268707 0.915707170963287 0.776446461677551 0.761082589626312 0.850411772727966 0.70357483625412 0.741995453834534 0.753690600395203 0.66744476556778 0.628448307514191 0.626059472560883 0.582668423652649 0.561314523220062 0.593180894851685 0.591282963752747 0.60844761133194 0.589722156524658 0.588200032711029 0.568739235401154 0.592002093791962 0.573744058609009 0.601646602153778 0.593792617321014 0.596443831920624 0.57625824213028 0.582960724830627 0.583151757717133 0.566778242588043 0.56619918346405 0.56619918346405 0.56619918346405 0.565620005130768 0.564654231071472 0.547270536422729 0.546881079673767 0.54649156332016 0.545712292194366 0.545322597026825 0.544737935066223 0.544542968273163 0.544153094291687 0.526960670948029 -3.4e+38
0.777949094772339 0.94694322347641 0.955492556095123 0.958624362945557 0.887564718723297 0.740022897720337 0.664523482322693 0.816716730594635 0.735395967960358 0.685979545116425 0.647597253322601 0.626427412033081 0.62274169921875 0.572505950927734 0.563248872756958 0.591093003749847 0.593939304351807 0.564794957637787 0.624586343765259 0.586295008659363 0.580947458744049 0.563333749771118 0.585913717746735 0.573167324066162 0.576816499233246 0.580074489116669 0.590185821056366 0.576642036437988 0.549529612064362 0.580283224582672 0.563108026981354 0.562914669513702 0.562141060829163 0.562141060829163 0.544932842254639 0.560980021953583 0.577984511852264 0.560592830181122 0.542983174324036 0.542593061923981 0.542007863521576 0.541617631912231 0.541227340698242 0.540446698665619 0.540056228637695 0.522452592849731
0.866105079650879 0.954853177070618 0.932812809944153 0.874572455883026 0.79547530412674 0.675561368465424 0.664265692234039 0.685979545116425 0.660959124565125 0.649746596813202 0.619227111339569 0.596968472003937 0.594697296619415 0.555888652801514 0.611600756645203 0.592801570892334 0.591093003749847 0.57135146856308 0.575196743011475 0.577691316604614 0.551312506198883 0.553061604499817 0.560431659221649 0.545101165771484 0.551718890666962 0.554632782936096 0.560255527496338 0.564510881900787 0.568178296089172 0.552057504653931 0.562141060829163 0.55962461233139 0.55904346704483 0.558268368244171 0.558074533939362 0.557686865329742 0.574530124664307 0.557105183601379 0.539470553398132 0.538884699344635 0.538494110107422 0.538103401660919 0.537517368793488 0.536931157112122 0.536931157112122 0.519510567188263
0.946785032749176 0.957359254360199 0.932911276817322 0.870176136493683 0.740562915802002 0.703226745128632 0.66464775800705 0.639846801757812 0.641294419765472 0.620893537998199 0.591472864151001 0.585382163524628 0.557828068733215 0.577540338039398 0.615514039993286 0.591093003749847 0.568269014358521 0.570966482162476 0.57308292388916 0.542548894882202 0.569232881069183 0.555197536945343 0.562366843223572 0.564879775047302 0.542566537857056 0.550941228866577 0.535094976425171 0.531965434551239 0.541345655918121 0.548362016677856 0.550891101360321 0.562914669513702 0.557299077510834 0.555747270584106 0.554776906967163 0.553806066513062 0.536735773086548 0.536149442195892 0.535758495330811 0.535171985626221 0.534976482391357 0.517352163791656 0.516959667205811 0.516174614429474 0.515585780143738 0.514996886253357
0.898378312587738 0.893519937992096 0.778214931488037 0.748560011386871 0.717793226242065 0.666746616363525 0.645262062549591 0.613838672637939 0.594507873058319 0.583282291889191 0.602790772914886 0.581179440021515 0.598454713821411 0.607860326766968 0.589572429656982 0.570196211338043 0.572698295116425 0.549367606639862 0.537277698516846 0.53669148683548 0.567690491676331 0.569810926914215 0.559463322162628 0.541981279850006 0.54022490978241 0.543736636638641 0.520797491073608 0.541591107845306 0.554632782936096 0.566055953502655 0.578176200389862 0.559430956840515 0.538298785686493 0.554776906967163 0.552640497684479 0.551085531711578 0.55030769109726 0.532238185405731 0.531846821308136 0.531259715557098 0.531063973903656 0.5130335688591 0.5130335688591 0.512444496154785 0.512248158454895 0.5114626288414
0.752553880214691 0.815493226051331 0.849101662635803 0.781319141387939 0.707005381584167 0.673663675785065 0.661311268806458 0.615700006484985 0.605985343456268 0.574277102947235 0.597698986530304 0.616725265979767 0.627992331981659 0.589192032814026 0.570966482162476 0.565760612487793 0.548589169979095 0.536886870861053 0.534541130065918 0.532585144042969 0.551421582698822 0.582709133625031 0.579607486724854 0.533972144126892 0.535536408424377 0.538076817989349 0.520405232906342 0.51863956451416 0.546270251274109 0.565090417861938 0.577025711536407 0.550113201141357 0.557880699634552 0.554194450378418 0.551668763160706 0.531846821308136 0.529889464378357 0.529106259346008 0.528127074241638 0.527735352516174 0.527147650718689 0.508909463882446 0.508713006973267 0.508516609668732 0.508123755455017 0.507730841636658
