output/projections/05_YDS/Myrcia silvatica.asc
NCOLS 168 
NROWS 144 
XLLCORNER -41.0000000002598 
YLLCORNER -7.99999999976785 
CELLSIZE 0.0416666666664048 
NODATA_value -3.4e+38 
[rows 100 to 119 of 144, columns 46 to 91 of 168]
0.155191361904144 0.173757076263428 0.300214916467667 0.170665010809898 0.240287438035011 0.195631578564644 0.195631295442581 0.151228412985802 0.112623065710068 0.155200079083443 0.112750850617886 0.228174790740013 0.506221055984497 0.68895435333252 0.653524875640869 0.53392767906189 0.500503361225128 0.312986850738525 0.264120906591415 0.248330950737 0.175993755459785 0.15825130045414 0.153388187289238 0.150756075978279 0.166045665740967 0.201332718133926 0.188921332359314 0.191475048661232 0.292013347148895 0.230902671813965 0.23961877822876 0.331082999706268 0.258210778236389 0.215857684612274 0.207768753170967 0.18217808008194 0.16516900062561 0.161852657794952 0.159957349300385 0.155716672539711 0.147360503673553 0.151081621646881 0.14768148958683 0.15026581287384 0.164110630750656 0.151897430419922
0.164962962269783 0.168861255049706 0.190265625715256 0.167794108390808 0.189285129308701 0.174671053886414 0.199475035071373 0.139047205448151 0.124335013329983 0.149113744497299 0.124195881187916 0.557293236255646 0.563268780708313 0.685388922691345 0.567983388900757 0.460399389266968 0.384636282920837 0.417103201150894 0.217378407716751 0.197669178247452 0.185431823134422 0.184662908315659 0.16082201898098 0.164993345737457 0.172686904668808 0.166044846177101 0.180660963058472 0.19827538728714 0.250468909740448 0.401689350605011 0.386155366897583 0.414938777685165 0.247377440333366 0.214139372110367 0.191087424755096 0.190496325492859 0.173966631293297 0.17214035987854 0.163590788841248 0.162545770406723 0.163765475153923 0.163590788841248 0.176734074950218 0.166581004858017 0.136490821838379 0.143553107976913
0.178005069494247 0.197841137647629 0.168154776096344 0.187720969319344 0.229057520627975 0.18733423948288 0.15907795727253 0.131005257368088 0.122677244246006 0.126007094979286 0.235439240932465 0.729150354862213 0.700840890407562 0.456278145313263 0.39098733663559 0.413679033517838 0.54786080121994 0.260661870241165 0.234314262866974 0.214999675750732 0.177105739712715 0.260423392057419 0.169788956642151 0.180095300078392 0.186973333358765 0.177845329046249 0.177471831440926 0.203595533967018 0.327708065509796 0.377729326486588 0.437704652547836 0.452825158834457 0.354360967874527 0.271879196166992 0.206103801727295 0.185817033052444 0.183702602982521 0.181606873869896 0.183320179581642 0.184661388397217 0.165344476699829 0.164115309715271 0.15876542031765 0.159105822443962 0.138001441955566 0.138001441955566
0.226804986596107 0.215608224272728 0.187721863389015 0.224365919828415 0.271583437919617 0.23496949672699 0.17467488348484 0.137373998761177 0.11995592713356 0.156368032097816 0.586003422737122 0.612049877643585 0.529774010181427 0.488686054944992 0.531365215778351 0.566728949546814 0.284675389528275 0.307523220777512 0.39131286740303 0.198885709047318 0.210511401295662 0.244774207472801 0.193457946181297 0.207562059164047 0.200312227010727 0.193252936005592 0.187943994998932 0.226843163371086 0.273895233869553 0.391005456447601 0.577990651130676 0.439907968044281 0.339052885770798 0.266856044530869 0.212217912077904 0.199500933289528 0.194254770874977 0.177662670612335 0.179722890257835 0.18736657500267 0.178035870194435 0.159105032682419 0.143243789672852 0.139832571148872 0.147519886493683 0.14370958507061
0.234719932079315 0.230399623513222 0.173929169774055 0.245427697896957 0.255974262952805 0.199665129184723 0.152371406555176 0.137827828526497 0.143377587199211 0.224813804030418 0.458153963088989 0.664113104343414 0.70905864238739 0.639518022537231 0.601405560970306 0.3418909907341 0.346210539340973 0.542799115180969 0.345653593540192 0.224842175841331 0.203602120280266 0.27212992310524 0.198890507221222 0.216508820652962 0.232037782669067 0.216075465083122 0.213278830051422 0.229538187384605 0.282347559928894 0.356398642063141 0.325465053319931 0.284943133592606 0.257481962442398 0.245244488120079 0.224181547760963 0.197065860033035 0.17050689458847 0.226854532957077 0.234784781932831 0.181801706552505 0.154888048768044 0.140755385160446 0.148322641849518 0.16237485408783 0.17287215590477 0.171774327754974
0.258144795894623 0.20375582575798 0.183855548501015 0.225020334124565 0.189277797937393 0.15686984360218 0.158054456114769 0.159251123666763 0.177630111575127 0.301014631986618 0.57543808221817 0.73933607339859 0.743989884853363 0.491542756557465 0.527870535850525 0.498884975910187 0.636589884757996 0.452179372310638 0.24429452419281 0.241252049803734 0.201335653662682 0.306182354688644 0.216941386461258 0.253113180398941 0.394352942705154 0.255284935235977 0.269854009151459 0.347367823123932 0.388578623533249 0.383444488048553 0.29944697022438 0.256265074014664 0.255778908729553 0.244301930069923 0.206095889210701 0.198482543230057 0.253845691680908 0.227976366877556 0.206102147698402 0.187753975391388 0.175256997346878 0.145603656768799 0.166223600506783 0.191478505730629 0.196661666035652 0.167287528514862
0.257167279720306 0.246128529310226 0.276892185211182 0.219073355197906 0.17651441693306 0.204394936561584 0.191051498055458 0.175225377082825 0.325412213802338 0.231087997555733 0.474960058927536 0.693279802799225 0.593098223209381 0.559481799602509 0.373498648405075 0.47688490152359 0.556678414344788 0.32070991396904 0.269098460674286 0.262375503778458 0.254072606563568 0.264363169670105 0.286756038665771 0.357859015464783 0.440840154886246 0.337891012430191 0.312711626291275 0.282600969076157 0.251911818981171 0.311340600252151 0.297309637069702 0.257238060235977 0.238689601421356 0.22240985929966 0.19226536154747 0.211577862501144 0.24548602104187 0.20360766351223 0.19970415532589 0.176922485232353 0.162374049425125 0.156221985816956 0.162716269493103 0.190295249223709 0.189117312431335 0.219551458954811
0.324532508850098 0.300977766513824 0.267046213150024 0.219947218894958 0.188884273171425 0.249709278345108 0.215606525540352 0.180626571178436 0.337847471237183 0.301275640726089 0.53197181224823 0.381882518529892 0.655788242816925 0.470511883497238 0.321234583854675 0.465139120817184 0.32768389582634 0.299430519342422 0.323222935199738 0.32545405626297 0.398303419351578 0.289365857839584 0.306977838277817 0.420816510915756 0.397089838981628 0.368179589509964 0.322379440069199 0.269853323698044 0.268095642328262 0.257237285375595 0.273647218942642 0.241483569145203 0.225731357932091 0.218898579478264 0.223071664571762 0.195260182023048 0.190695375204086 0.194065153598785 0.169790104031563 0.15893167257309 0.167285889387131 0.176543220877647 0.17524915933609 0.179155871272087 0.22395546734333 0.23455123603344
0.354832768440247 0.291936784982681 0.272568613290787 0.233587205410004 0.200684100389481 0.385493099689484 0.406542629003525 0.284382551908493 0.287240207195282 0.335574060678482 0.380678296089172 0.64564460515976 0.467333346605301 0.346468210220337 0.356649070978165 0.331332385540009 0.253092348575592 0.284138768911362 0.388248294591904 0.47087436914444 0.304265320301056 0.29676154255867 0.38704326748848 0.430174559354782 0.296499937772751 0.309978038072586 0.358437061309814 0.318219423294067 0.267593950033188 0.257960647344589 0.244527250528336 0.252148687839508 0.238232314586639 0.184275284409523 0.207985490560532 0.270115971565247 0.194464653730392 0.167820453643799 0.167469322681427 0.181798115372658 0.19646392762661 0.175253495573997 0.21694278717041 0.214568510651588 0.246428266167641 0.208402931690216
0.393347531557083 0.319532662630081 0.290363937616348 0.26779580116272 0.213235482573509 0.267802387475967 0.444878101348877 0.393992125988007 0.495976656675339 0.572928309440613 0.459073781967163 0.454966366291046 0.342720925807953 0.298331409692764 0.311035692691803 0.245451390743256 0.26211342215538 0.464817672967911 0.433591842651367 0.333322525024414 0.309419900178909 0.314067363739014 0.339024990797043 0.290152549743652 0.325449258089066 0.293049067258835 0.388875275850296 0.349102228879929 0.29596871137619 0.25552424788475 0.222627177834511 0.219988107681274 0.282094031572342 0.235924080014229 0.209666311740875 0.187757655978203 0.166580751538277 0.166403070092201 0.231137976050377 0.220432266592979 0.217812925577164 0.173233702778816 0.218464493751526 0.285730451345444 0.238466873764992 0.195255726575851
0.435405284166336 0.353681087493896 0.327072083950043 0.266046643257141 0.25258332490921 0.26208707690239 0.284368634223938 0.397029280662537 0.411162823438644 0.36546066403389 0.322905659675598 0.34704327583313 0.322905272245407 0.280246317386627 0.264334708452225 0.278967469930649 0.330765336751938 0.451207369565964 0.389156728982925 0.310229599475861 0.307785749435425 0.29568737745285 0.303451716899872 0.303183287382126 0.278732180595398 0.403191924095154 0.66098940372467 0.539947509765625 0.389170050621033 0.287007331848145 0.23133946955204 0.444613486528397 0.316567897796631 0.256025046110153 0.201543584465981 0.196256220340729 0.196260958909988 0.197067439556122 0.277990609407425 0.248097315430641 0.221096038818359 0.190691649913788 0.196265712380409 0.241958737373352 0.243372231721878 0.221307560801506
0.475569367408752 0.35925155878067 0.297780722379684 0.286441564559937 0.272069156169891 0.278433859348297 0.285146832466125 0.296996176242828 0.34704327583313 0.278198510408401 0.32514014840126 0.324022352695465 0.297536134719849 0.2728491127491 0.274370104074478 0.342447966337204 0.333879709243774 0.383400440216064 0.352574020624161 0.341307133436203 0.297552019357681 0.27135357260704 0.409033805131912 0.295421659946442 0.279488384723663 0.321804493665695 0.540873408317566 0.619303226470947 0.46515217423439 0.324883490800858 0.235449433326721 0.362563848495483 0.246187627315521 0.21867772936821 0.200102761387825 0.198891162872314 0.205470830202103 0.224403575062752 0.252157360315323 0.289391070604324 0.310271233320236 0.22087462246418 0.228650167584419 0.28029853105545 0.256026148796082 0.229775726795197
0.48066321015358 0.458744555711746 0.312926590442657 0.328483760356903 0.331020951271057 0.300462484359741 0.2789526283741 0.276919007301331 0.315983414649963 0.330763220787048 0.355190634727478 0.323469758033752 0.290130317211151 0.292500674724579 0.336715936660767 0.349368125200272 0.338150173425674 0.312410771846771 0.304788142442703 0.304256081581116 0.276926219463348 0.374400317668915 0.394317001104355 0.348216861486435 0.253332555294037 0.309410452842712 0.396144837141037 0.36638155579567 0.314339429140091 0.283106595277786 0.248072236776352 0.25625404715538 0.209453254938126 0.217806100845337 0.200312867760658 0.219554901123047 0.224173843860626 0.406913906335831 0.434263110160828 0.306741505861282 0.221755355596542 0.242659792304039 0.265370070934296 0.298123151063919 0.255546003580093 0.24359729886055
0.513500809669495 0.476204931735992 0.425733000040054 0.314574360847473 0.330465257167816 0.359568446874619 0.36398833990097 0.299404501914978 0.317908704280853 0.342443972826004 0.366666346788406 0.368149369955063 0.34532430768013 0.312956780195236 0.299413800239563 0.29861131310463 0.303983122110367 0.289094150066376 0.268330812454224 0.280260115861893 0.28803214430809 0.290656268596649 0.271845430135727 0.27059131860733 0.303165972232819 0.323469251394272 0.360476404428482 0.319588840007782 0.316820174455643 0.277444422245026 0.245461866259575 0.223504900932312 0.23822246491909 0.244531705975533 0.209451884031296 0.248320043087006 0.317943871021271 0.383755296468735 0.35582959651947 0.282105028629303 0.228424116969109 0.239398777484894 0.25993400812149 0.313554555177689 0.272645324468613 0.270366013050079
0.496603339910507 0.464460909366608 0.43981859087944 0.344424396753311 0.369601249694824 0.335280746221542 0.367538571357727 0.371701449155807 0.31735423207283 0.325704842805862 0.378889530897141 0.478796243667603 0.368751257658005 0.340157359838486 0.32571417093277 0.320689469575882 0.294897049665451 0.304792493581772 0.297549188137054 0.294358283281326 0.293299078941345 0.292771548032761 0.280767172574997 0.259889662265778 0.319850236177444 0.293558180332184 0.36312010884285 0.298083305358887 0.257212817668915 0.241467028856277 0.237515673041344 0.240771993994713 0.294909924268723 0.261885344982147 0.237990200519562 0.275420784950256 0.354933649301529 0.401083409786224 0.331379145383835 0.268117725849152 0.247373700141907 0.25993287563324 0.268365442752838 0.311632841825485 0.314377039670944 0.265609502792358
0.507138788700104 0.479405105113983 0.456225574016571 0.434801578521729 0.475263565778732 0.455916464328766 0.361045122146606 0.418600380420685 0.365472823381424 0.367545992136002 0.39035752415657 0.384310245513916 0.391885250806808 0.436103463172913 0.428587734699249 0.378597855567932 0.311052590608597 0.314885586500168 0.313237309455872 0.305069357156754 0.301563590764999 0.299953281879425 0.294614225625992 0.271590560674667 0.29887655377388 0.294889062643051 0.274885028600693 0.254539966583252 0.28283953666687 0.280780136585236 0.247824907302856 0.273881018161774 0.337036460638046 0.298103421926498 0.295440077781677 0.257474303245544 0.275418788194656 0.409070163965225 0.384960412979126 0.317135155200958 0.290700525045395 0.269362181425095 0.278240770101547 0.34364315867424 0.360525876283646 0.278231889009476
0.528473377227783 0.517330706119537 0.479075580835342 0.454960495233536 0.552852392196655 0.506180346012115 0.487697124481201 0.555066704750061 0.409011572599411 0.417978346347809 0.41241055727005 0.414267301559448 0.425145417451859 0.399810671806335 0.390668988227844 0.376505553722382 0.364609211683273 0.377704620361328 0.325438350439072 0.369044631719589 0.332471996545792 0.359891980886459 0.329929172992706 0.337297916412354 0.34245166182518 0.297014266252518 0.310225814580917 0.309407144784927 0.332757920026779 0.298615515232086 0.268584579229355 0.29463666677475 0.324335783720016 0.375625491142273 0.315460175275803 0.283376216888428 0.304547518491745 0.385254502296448 0.342488199472427 0.371762752532959 0.309176474809647 0.298381000757217 0.291225373744965 0.333356440067291 0.338193714618683 0.315192401409149
0.601364374160767 0.619551241397858 0.532266736030579 0.405906647443771 0.425107657909393 0.393370479345322 0.431051790714264 0.612012028694153 0.496936947107315 0.483554035425186 0.420471400022507 0.43828222155571 0.404103130102158 0.412117898464203 0.418624341487885 0.418934971094131 0.401349604129791 0.356372117996216 0.366967797279358 0.487076997756958 0.555092871189117 0.47562038898468 0.496955990791321 0.458787441253662 0.351987987756729 0.363707304000854 0.429517656564713 0.380393296480179 0.361062288284302 0.299693316221237 0.312420278787613 0.319599747657776 0.343911647796631 0.361969113349915 0.337897837162018 0.306443721055984 0.308343499898911 0.393444240093231 0.34047669172287 0.363161832094193 0.316297054290771 0.336769253015518 0.313818901777267 0.336758464574814 0.40261036157608 0.41061595082283
0.653188407421112 0.595231235027313 0.550955235958099 0.518601655960083 0.515414953231812 0.416097700595856 0.457489758729935 0.514141917228699 0.517327725887299 0.464484363794327 0.452137261629105 0.486749172210693 0.454984903335571 0.444581419229507 0.462924093008041 0.403802663087845 0.379502713680267 0.372019231319427 0.395841121673584 0.42295828461647 0.393709123134613 0.391578763723373 0.377086460590363 0.368442982435226 0.373208314180374 0.374105721712112 0.404105544090271 0.368742316961288 0.327965199947357 0.331065744161606 0.356966018676758 0.367873966693878 0.357852220535278 0.379519671201706 0.401688039302826 0.3575659096241 0.350850999355316 0.404756963253021 0.436446338891983 0.409684419631958 0.344210028648376 0.374147981405258 0.377141058444977 0.334206879138947 0.369962573051453 0.426442950963974
0.715312480926514 0.655495285987854 0.582581758499146 0.542732059955597 0.487678557634354 0.485456883907318 0.448961108922958 0.529741704463959 0.50521981716156 0.548109114170074 0.517006993293762 0.57386839389801 0.484516680240631 0.505564868450165 0.598026275634766 0.491230100393295 0.508452832698822 0.511960804462433 0.461026310920715 0.546896159648895 0.531363546848297 0.40043631196022 0.401041060686111 0.416450798511505 0.415823340415955 0.395226091146469 0.37559962272644 0.343897134065628 0.339018762111664 0.372328609228134 0.386447548866272 0.430174112319946 0.408744752407074 0.451866298913956 0.59653627872467 0.470889896154404 0.455659598112106 0.497323662042618 0.47184094786644 0.423016011714935 0.378031402826309 0.396794497966766 0.393449008464813 0.346804082393646 0.35727322101593 0.38223460316658
