output/projections/05_YDS/Myrcia silvatica.asc
NCOLS 168 
NROWS 144 
XLLCORNER -41.0000000002598 
YLLCORNER -7.99999999976785 
CELLSIZE 0.0416666666664048 
NODATA_value -3.4e+38 
[rows 120 to 139 of 144, columns 46 to 91 of 168]
0.681493401527405 0.668618500232697 0.63594788312912 0.566673457622528 0.579764485359192 0.45939227938652 0.528451323509216 0.541774749755859 0.546836853027344 0.667193710803986 0.646794319152832 0.588143467903137 0.528150320053101 0.549700438976288 0.459416747093201 0.432953804731369 0.492176353931427 0.544349014759064 0.660968780517578 0.792236983776093 0.797845602035522 0.696004033088684 0.601389408111572 0.498232126235962 0.513222634792328 0.461648136377335 0.389160066843033 0.360186874866486 0.397992372512817 0.517377257347107 0.545006453990936 0.582326471805573 0.648895502090454 0.686238706111908 0.55134391784668 0.52185046672821 0.521539568901062 0.535528361797333 0.516449332237244 0.47216796875 0.45661535859108 0.448088079690933 0.415247738361359 0.368178188800812 0.370853066444397 0.395254701375961
0.738094687461853 0.686175227165222 0.62286764383316 0.586296617984772 0.634761929512024 0.607756316661835 0.606833636760712 0.521121442317963 0.53510457277298 0.574774861335754 0.608956217765808 0.762667179107666 0.729871213436127 0.494391292333603 0.483238279819489 0.483248293399811 0.5148024559021 0.574496805667877 0.701092123985291 0.616861581802368 0.611126840114594 0.551929116249084 0.468613356351852 0.45878541469574 0.455311328172684 0.400123178958893 0.427969574928284 0.411818891763687 0.434847950935364 0.465466737747192 0.466746002435684 0.501769185066223 0.537105202674866 0.539649963378906 0.499552369117737 0.482021242380142 0.484250962734222 0.49571892619133 0.533929407596588 0.510062992572784 0.462003141641617 0.444618999958038 0.418028563261032 0.388272225856781 0.387362271547318 0.391601532697678
0.733894050121307 0.627063632011414 0.643013894557953 0.617765486240387 0.706406235694885 0.656634330749512 0.676753044128418 0.682024896144867 0.676743388175964 0.677851617336273 0.679520130157471 0.61683315038681 0.564797759056091 0.523711800575256 0.485469847917557 0.550976097583771 0.590329945087433 0.555708289146423 0.506521880626678 0.463219851255417 0.501426100730896 0.460384696722031 0.469582825899124 0.413661271333694 0.409027546644211 0.436414271593094 0.473728537559509 0.493476450443268 0.461984246969223 0.495071917772293 0.550075471401215 0.551031708717346 0.518032610416412 0.494759380817413 0.485201179981232 0.584501504898071 0.60478812456131 0.554806411266327 0.551020741462708 0.546595275402069 0.477247059345245 0.42393746972084 0.422067612409592 0.409370422363281 0.411212354898453 0.409975975751877
0.656643390655518 0.663514494895935 0.703493893146515 0.680101871490479 0.772686719894409 0.680372953414917 0.580697000026703 0.583800077438354 0.760354220867157 0.629419028759003 0.590611279010773 0.643585801124573 0.736866295337677 0.703223049640656 0.658954679965973 0.615054488182068 0.763389229774475 0.782414138317108 0.588793158531189 0.531352400779724 0.700830936431885 0.639214336872101 0.483259350061417 0.462596267461777 0.442690908908844 0.496973514556885 0.513231635093689 0.56516420841217 0.496037513017654 0.506555497646332 0.550083935260773 0.520262658596039 0.525673866271973 0.522489845752716 0.551648616790771 0.507515847682953 0.501452028751373 0.533601224422455 0.60539323091507 0.519302010536194 0.487419843673706 0.455019146203995 0.455026596784592 0.437692850828171 0.41895580291748 0.418014794588089
0.649132192134857 0.705063939094543 0.711923956871033 0.730385839939117 0.75001072883606 0.716350376605988 0.700010299682617 0.676191747188568 0.630013227462769 0.63976377248764 0.751180708408356 0.900059461593628 0.893695712089539 0.888498902320862 0.792222142219543 0.715056478977203 0.830026924610138 0.762229263782501 0.648853838443756 0.786501586437225 0.696802854537964 0.538962066173553 0.490907609462738 0.539291620254517 0.464818239212036 0.554461419582367 0.549737274646759 0.482006222009659 0.557631134986877 0.557957291603088 0.628305971622467 0.542176306247711 0.54059100151062 0.536149680614471 0.523124516010284 0.53201687335968 0.537402391433716 0.629473209381104 0.738149285316467 0.614799380302429 0.512288510799408 0.542158722877502 0.562338292598724 0.536776721477509 0.592503845691681 0.6418696641922
0.727851867675781 0.807522714138031 0.658077836036682 0.715564370155334 0.833760321140289 0.817231714725494 0.800483167171478 0.804126560688019 0.736605823040009 0.735117077827454 0.818371057510376 0.929759681224823 0.908869028091431 0.853586733341217 0.756397545337677 0.772694706916809 0.867070734500885 0.714269638061523 0.786934554576874 0.82640278339386 0.645351707935333 0.602606117725372 0.732406616210938 0.665808022022247 0.566709935665131 0.577954649925232 0.551316618919373 0.484544664621353 0.66499137878418 0.620824098587036 0.672344148159027 0.565173029899597 0.540896952152252 0.574232399463654 0.568293154239655 0.588814318180084 0.666392922401428 0.794967710971832 0.812854826450348 0.685935139656067 0.716897428035736 0.864427208900452 0.863977193832397 0.842613279819489 0.85755580663681 0.836255848407745
0.794728636741638 0.743468344211578 0.685328841209412 0.710322141647339 0.780842065811157 0.722747504711151 0.723002314567566 0.746847331523895 0.742492318153381 0.857827246189117 0.865873038768768 0.810465693473816 0.851500868797302 0.847920536994934 0.762682676315308 0.84956169128418 0.861076295375824 0.86647754907608 0.848584055900574 0.809108316898346 0.620465874671936 0.698941051959991 0.629140973091125 0.633605182170868 0.531029164791107 0.527543187141418 0.504938840866089 0.519593954086304 0.750514626502991 0.702463746070862 0.658709824085236 0.553851127624512 0.545953571796417 0.622002720832825 0.616293668746948 0.574218988418579 0.664110839366913 0.802346706390381 0.76889306306839 0.664675891399384 0.856770396232605 0.865763604640961 0.859569668769836 0.862774312496185 0.860797524452209 0.847123861312866
0.877979576587677 0.743481755256653 0.704790532588959 0.736097872257233 0.737080514431 0.732355773448944 0.632662177085876 0.637393593788147 0.688614249229431 0.777118265628815 0.635341703891754 0.72174596786499 0.833933770656586 0.852465748786926 0.781734108924866 0.877157866954803 0.899025678634644 0.852628648281097 0.795968472957611 0.698933839797974 0.594927966594696 0.575121581554413 0.527848780155182 0.534522533416748 0.543401300907135 0.519263863563538 0.542768359184265 0.557915091514587 0.748589754104614 0.683737456798553 0.600192010402679 0.557934880256653 0.579517483711243 0.593432307243347 0.632432639598846 0.611137092113495 0.835191667079926 0.887503564357758 0.863066732883453 0.834842801094055 0.832009017467499 0.859561443328857 0.868407011032104 0.866204679012299 0.841251611709595 0.845298528671265
0.874380052089691 0.757800936698914 0.791376888751984 0.761059522628784 0.756379842758179 0.739306092262268 0.622838795185089 0.635334312915802 0.684778690338135 0.623144686222076 0.652010917663574 0.800683617591858 0.889373481273651 0.909497737884521 0.840878844261169 0.879874765872955 0.878928422927856 0.840192854404449 0.722001433372498 0.616552293300629 0.576367497444153 0.54433012008667 0.548125922679901 0.599845767021179 0.526259660720825 0.561364769935608 0.58042186498642 0.611739814281464 0.657252490520477 0.681522965431213 0.605059444904327 0.640693187713623 0.709584057331085 0.853454172611237 0.822159886360168 0.815150856971741 0.853443801403046 0.874537825584412 0.881638705730438 0.877310395240784 0.863060057163239 0.865607976913452 0.87271249294281 0.861552894115448 0.835366129875183 0.842775702476501
0.899023354053497 0.820814609527588 0.862580239772797 0.77334326505661 0.812995910644531 0.742970883846283 0.756136476993561 0.650266587734222 0.623734414577484 0.687797069549561 0.74053817987442 0.889745652675629 0.880409479141235 0.807902812957764 0.915009379386902 0.888615131378174 0.809873521327972 0.738325715065002 0.642989039421082 0.592772364616394 0.568246006965637 0.542430698871613 0.63358598947525 0.62585973739624 0.603516399860382 0.578234970569611 0.587232649326324 0.606869995594025 0.622283279895782 0.717143833637238 0.802739143371582 0.774270713329315 0.725845873355865 0.838489413261414 0.878810405731201 0.868683457374573 0.874956667423248 0.859550476074219 0.886851787567139 0.878945589065552 0.880967676639557 0.869408965110779 0.85753983259201 0.864262223243713 0.855189442634583 0.842765092849731
0.948620736598969 0.870685040950775 0.809090912342072 0.786475300788879 0.817607223987579 0.753309011459351 0.736342906951904 0.636218547821045 0.633258879184723 0.736844003200531 0.808693528175354 0.892462968826294 0.84675145149231 0.808689773082733 0.870397567749023 0.847742974758148 0.761973857879639 0.654329240322113 0.632383227348328 0.598602890968323 0.562287986278534 0.589695394039154 0.691913366317749 0.63654363155365 0.585676431655884 0.609292089939117 0.620463907718658 0.640958249568939 0.694091200828552 0.827493011951447 0.862753450870514 0.776927947998047 0.82252299785614 0.840888440608978 0.867950618267059 0.880286753177643 0.869550585746765 0.891624212265015 0.889635264873505 0.874809503555298 0.878124892711639 0.865447461605072 0.857379674911499 0.848916947841644 0.837272882461548 0.850221753120422
0.942173898220062 0.868656158447266 0.822497069835663 0.796160638332367 0.817416250705719 0.769522547721863 0.75778466463089 0.754489481449127 0.70025247335434 0.782802820205688 0.863328635692596 0.900390684604645 0.87700217962265 0.816452383995056 0.818351984024048 0.815878570079803 0.710329532623291 0.614719927310944 0.687525987625122 0.675068616867065 0.617437481880188 0.638007819652557 0.709825217723846 0.648549318313599 0.652610778808594 0.613527834415436 0.640949070453644 0.690549612045288 0.767045855522156 0.868389785289764 0.851833343505859 0.793689131736755 0.85923844575882 0.880960464477539 0.894898355007172 0.87452220916748 0.882152616977692 0.897392511367798 0.8917436003685 0.878802478313446 0.851669073104858 0.863051950931549 0.857997834682465 0.827489137649536 0.84037846326828 0.836750566959381
0.835145950317383 0.865423798561096 0.786474883556366 0.810071766376495 0.84675532579422 0.806712031364441 0.751641750335693 0.79072642326355 0.742480456829071 0.79282021522522 0.869522094726562 0.852929472923279 0.796558976173401 0.764955639839172 0.767242431640625 0.731854856014252 0.616523742675781 0.622538864612579 0.705843567848206 0.749018013477325 0.688075304031372 0.627921342849731 0.699996292591095 0.766349315643311 0.756856501102448 0.736110687255859 0.731876373291016 0.778237998485565 0.822885692119598 0.856595456600189 0.825840830802917 0.873823463916779 0.881353616714478 0.891490936279297 0.908017456531525 0.906409502029419 0.894654870033264 0.879201769828796 0.876745104789734 0.86061704158783 0.843427360057831 0.860310077667236 0.861684679985046 0.827665507793427 0.826020479202271 0.825285673141479
0.844249546527863 0.834635853767395 0.839679956436157 0.84036111831665 0.810660123825073 0.762198626995087 0.790091514587402 0.784974932670593 0.843417406082153 0.889870047569275 0.866016328334808 0.812406420707703 0.780188918113708 0.723516047000885 0.682561576366425 0.673095405101776 0.719156384468079 0.686412632465363 0.683944165706635 0.746127724647522 0.742491185665131 0.680085599422455 0.713996708393097 0.768844962120056 0.752129435539246 0.775799572467804 0.791788935661316 0.844432532787323 0.820454120635986 0.855019629001617 0.864992380142212 0.88529497385025 0.900629699230194 0.915106296539307 0.903107762336731 0.899593412876129 0.86720073223114 0.830190539360046 0.863491535186768 0.864092111587524 0.839162945747375 0.852624952793121 0.839167773723602 0.836392283439636 0.830732643604279 0.839684069156647
0.833920955657959 0.881341516971588 0.901535093784332 0.867936968803406 0.815314710140228 0.824169099330902 0.814533352851868 0.878104329109192 0.870829522609711 0.905750274658203 0.874225676059723 0.834450840950012 0.787751615047455 0.765188634395599 0.693786978721619 0.73930561542511 0.730857312679291 0.736585140228271 0.697024703025818 0.726055860519409 0.783892869949341 0.768844544887543 0.821005702018738 0.825095355510712 0.804721176624298 0.803917407989502 0.912803530693054 0.90051794052124 0.880012631416321 0.878522455692291 0.882677495479584 0.902213752269745 0.914012551307678 0.900396883487701 0.898783087730408 0.874233901500702 0.844254970550537 0.862127244472504 0.863787412643433 0.852936625480652 0.83638870716095 0.835166752338409 0.830727577209473 0.835166156291962 0.837089598178864 0.855956077575684
0.850678443908691 0.870543003082275 0.872405052185059 0.870546877384186 0.825465679168701 0.740782856941223 0.810854017734528 0.84773975610733 0.871403515338898 0.912799596786499 0.869682252407074 0.776905417442322 0.781726956367493 0.758019208908081 0.750450909137726 0.769968450069427 0.772220969200134 0.811046600341797 0.826364994049072 0.753058969974518 0.791139423847198 0.874092221260071 0.899133443832397 0.923247098922729 0.921048820018768 0.864083707332611 0.911677420139313 0.897620439529419 0.905427634716034 0.906511902809143 0.895609438419342 0.901419222354889 0.920303225517273 0.897146701812744 0.896674692630768 0.884768426418304 0.838295757770538 0.856888771057129 0.841044068336487 0.832865953445435 0.833220362663269 0.84691858291626 0.84691858291626 0.849710166454315 0.850035846233368 0.868807435035706
0.806717932224274 0.870690822601318 0.840026438236237 0.874103546142578 0.855013012886047 0.856268584728241 0.839845955371857 0.858135521411896 0.862126588821411 0.872825682163239 0.903220474720001 0.878108203411102 0.855793833732605 0.817223489284515 0.820059835910797 0.883591830730438 0.90376877784729 0.886055707931519 0.832146406173706 0.81606787443161 0.892458617687225 0.8956019282341 0.91440349817276 0.935052156448364 0.925560891628265 0.901416182518005 0.912286102771759 0.91549676656723 0.926780164241791 0.915299534797668 0.885930955410004 0.919172763824463 0.916086316108704 0.872677862644196 0.877554416656494 0.863933265209198 0.844585001468658 0.851808190345764 0.831076323986053 0.841038107872009 0.849052727222443 0.860599458217621 0.861362457275391 0.86105740070343 0.850356578826904 0.858290493488312
0.871267855167389 0.854061186313629 0.850693643093109 0.880149066448212 0.896798074245453 0.828020513057709 0.826561808586121 0.829829633235931 0.836736977100372 0.847088217735291 0.858609020709991 0.881351590156555 0.889493405818939 0.879057884216309 0.921966075897217 0.923600375652313 0.919072687625885 0.850835502147675 0.884764313697815 0.884633719921112 0.896078288555145 0.885283350944519 0.898660182952881 0.925117254257202 0.928828954696655 0.907366275787354 0.910635590553284 0.930988848209381 0.929998397827148 0.904980003833771 0.858749210834503 0.90672355890274 0.871824443340302 0.844417154788971 0.827104151248932 0.834276497364044 0.829101800918579 0.837770104408264 0.845252811908722 0.853251159191132 0.873097956180573 0.866306900978088 0.848227977752686 0.849537670612335 0.854519903659821 0.847574055194855
0.84972208738327 0.852470934391022 0.855643630027771 0.888492822647095 0.893447041511536 0.821385204792023 0.836213827133179 0.848243057727814 0.812226057052612 0.838298797607422 0.913508296012878 0.914608359336853 0.889869928359985 0.910432279109955 0.92224109172821 0.885536432266235 0.883319556713104 0.824710965156555 0.902877688407898 0.878918886184692 0.876452922821045 0.897492587566376 0.905417859554291 0.916862607002258 0.941960334777832 0.907149136066437 0.924674451351166 0.930164396762848 0.896072506904602 0.87945431470871 0.861050248146057 0.829458653926849 0.816841006278992 0.812219619750977 0.832686603069305 0.833041906356812 0.859830498695374 0.870965003967285 0.858440756797791 0.863473534584045 0.863623917102814 0.848883986473083 0.844410538673401 0.845580577850342 0.863172352313995 0.857970714569092
0.779777646064758 0.865885972976685 0.860005080699921 0.826753318309784 0.841903626918793 0.85627007484436 0.811642110347748 0.847914218902588 0.811641454696655 0.836388230323792 0.893565773963928 0.910536289215088 0.886188268661499 0.914306700229645 0.889488041400909 0.88592392206192 0.865564525127411 0.823787450790405 0.886566758155823 0.892823338508606 0.880938351154327 0.922872841358185 0.901862800121307 0.925465822219849 0.940904855728149 0.928401827812195 0.919826805591583 0.926688492298126 0.88847428560257 0.87281608581543 0.826001226902008 0.829091906547546 0.834099411964417 0.865276098251343 0.859063386917114 0.886571824550629 0.887463688850403 0.874923527240753 0.86704283952713 0.856721341609955 0.856094300746918 0.851958096027374 0.844242811203003 0.85640424489975 0.896657168865204 0.880119562149048
