output/projections/05_YDS/Myrcia silvatica.asc
NCOLS 168 
NROWS 144 
XLLCORNER -41.0000000002598 
YLLCORNER -7.99999999976785 
CELLSIZE 0.0416666666664048 
NODATA_value -3.4e+38 
[rows 120 to 139 of 144, columns 92 to 137 of 168]
0.419577687978745 0.446179181337357 0.524699449539185 0.449905276298523 0.562409043312073 0.725093960762024 0.798672914505005 0.760958313941956 0.785806000232697 0.801119565963745 0.810492336750031 0.726925492286682 0.666136860847473 0.688121616840363 0.742025434970856 0.750304281711578 0.760715484619141 0.744985520839691 0.77412611246109 0.741087317466736 0.724855422973633 0.718016982078552 0.736830770969391 0.70806896686554 0.746568560600281 0.788982808589935 0.786002039909363 0.783481657505035 0.81576132774353 0.914346039295197 0.94085705280304 0.957961142063141 0.963705718517303 0.977152049541473 0.978315234184265 0.976275444030762 0.944061636924744 0.942902863025665 0.924993634223938 0.920541346073151 0.904061436653137 0.890575110912323 0.912656843662262 0.940521717071533 0.946685552597046 0.946490168571472
0.431412398815155 0.633338451385498 0.580764174461365 0.579111278057098 0.676425814628601 0.807153582572937 0.819543123245239 0.820479869842529 0.812449932098389 0.812250196933746 0.765344083309174 0.724283337593079 0.665198981761932 0.711126267910004 0.69603019952774 0.72551017999649 0.762540459632874 0.75846654176712 0.735895812511444 0.687668144702911 0.687038064002991 0.740707814693451 0.712204217910767 0.7053182721138 0.718990981578827 0.748396456241608 0.760221779346466 0.803375720977783 0.902151525020599 0.933908879756927 0.947816848754883 0.954935550689697 0.969494462013245 0.975986063480377 0.979190826416016 0.940963089466095 0.932985365390778 0.908619701862335 0.901044547557831 0.910294771194458 0.916540324687958 0.928201973438263 0.929294764995575 0.928876996040344 0.94901716709137 0.946683764457703
0.444919168949127 0.472140789031982 0.572969436645508 0.600174427032471 0.704840481281281 0.718705296516418 0.654318153858185 0.581679046154022 0.629950702190399 0.724313199520111 0.719631731510162 0.69489187002182 0.637810051441193 0.7146075963974 0.751457512378693 0.77197003364563 0.753507614135742 0.751938819885254 0.729807913303375 0.690371453762054 0.730949461460114 0.759581863880157 0.713728249073029 0.715971946716309 0.746991574764252 0.759390354156494 0.816583812236786 0.819716930389404 0.908911049365997 0.930114150047302 0.942881286144257 0.95493757724762 0.966660380363464 0.97223174571991 0.965313971042633 0.954641342163086 0.929400682449341 0.920183658599854 0.916353464126587 0.91019344329834 0.919040620326996 0.913969993591309 0.89897084236145 0.909132599830627 0.925954103469849 0.931028366088867
0.411787867546082 0.465826153755188 0.664118468761444 0.435088664293289 0.482842177152634 0.70677787065506 0.766377508640289 0.747534155845642 0.758023619651794 0.724313199520111 0.71924090385437 0.704355657100677 0.661764085292816 0.719764053821564 0.725928246974945 0.735330700874329 0.735267043113708 0.72679591178894 0.722332060337067 0.692030847072601 0.736515760421753 0.739705920219421 0.737575888633728 0.724776744842529 0.740632057189941 0.785721898078918 0.815609455108643 0.848102271556854 0.907531559467316 0.924975574016571 0.943497061729431 0.956342339515686 0.963707089424133 0.966121733188629 0.958262860774994 0.962569296360016 0.97113835811615 0.93603527545929 0.927194952964783 0.94222217798233 0.923121213912964 0.893531203269958 0.936552345752716 0.927344381809235 0.914361774921417 0.919029593467712
0.821427822113037 0.839031100273132 0.831303060054779 0.797852456569672 0.823647379875183 0.82641065120697 0.825120449066162 0.803939819335938 0.752274036407471 0.704860925674438 0.70999014377594 0.703812897205353 0.655647099018097 0.70462840795517 0.742581248283386 0.704759061336517 0.720643699169159 0.734382152557373 0.708082854747772 0.719395577907562 0.728903412818909 0.731389224529266 0.72896283864975 0.752945184707642 0.7928866147995 0.808239340782166 0.843669831752777 0.83908486366272 0.911106169223785 0.928693354129791 0.944708943367004 0.956924736499786 0.957185566425323 0.964325666427612 0.973510384559631 0.973868072032928 0.968139886856079 0.930810987949371 0.908946335315704 0.921301186084747 0.889594733715057 0.913374900817871 0.943245470523834 0.921562135219574 0.931360006332397 0.939867615699768
0.837123036384583 0.853139936923981 0.820669233798981 0.800713896751404 0.820099413394928 0.8083336353302 0.772702276706696 0.722758114337921 0.732899844646454 0.71052622795105 0.712385356426239 0.684003233909607 0.662051022052765 0.686524331569672 0.725089013576508 0.71720689535141 0.71221798658371 0.737092316150665 0.702426850795746 0.737020969390869 0.720372021198273 0.729541778564453 0.730748414993286 0.779053032398224 0.787518978118896 0.776639759540558 0.819091141223907 0.873541831970215 0.903606772422791 0.919588804244995 0.936986684799194 0.951706945896149 0.953205943107605 0.960886895656586 0.966326355934143 0.942028045654297 0.951157987117767 0.90520453453064 0.903989613056183 0.926074743270874 0.946573615074158 0.953573405742645 0.934865891933441 0.918850481510162 0.929294764995575 0.923379182815552
0.830586791038513 0.814585387706757 0.78501307964325 0.802735507488251 0.806746900081635 0.777732372283936 0.799272954463959 0.799273908138275 0.762713015079498 0.747320652008057 0.771710455417633 0.727501928806305 0.642660677433014 0.700873374938965 0.759419679641724 0.74835741519928 0.735139667987823 0.734318315982819 0.716775357723236 0.714924931526184 0.716440260410309 0.699020445346832 0.748159945011139 0.782823503017426 0.786867797374725 0.779325366020203 0.833902955055237 0.857020139694214 0.889363586902618 0.902036309242249 0.930028915405273 0.940997004508972 0.944567918777466 0.9504554271698 0.94842928647995 0.944216072559357 0.916471779346466 0.893684923648834 0.970818996429443 0.974089682102203 0.960191547870636 0.929891765117645 0.920459091663361 0.930791616439819 0.913160979747772 0.903060615062714
0.828234672546387 0.822160363197327 0.824198663234711 0.828406393527985 0.800300180912018 0.822150409221649 0.800498604774475 0.769448637962341 0.745911777019501 0.74658590555191 0.734889626502991 0.7333083152771 0.696367740631104 0.732042193412781 0.746648132801056 0.755309402942657 0.736401796340942 0.719202756881714 0.700252771377563 0.739211916923523 0.703093647956848 0.715777695178986 0.72896283864975 0.733927249908447 0.762990176677704 0.789354979991913 0.809142529964447 0.827064394950867 0.862102270126343 0.898608028888702 0.917198300361633 0.9299436211586 0.936376750469208 0.930759489536285 0.934595346450806 0.932530879974365 0.938222229480743 0.927801072597504 0.936035513877869 0.921023428440094 0.917715787887573 0.925004184246063 0.918856203556061 0.910294771194458 0.885382771492004 0.925435125827789
0.8230881690979 0.834838926792145 0.836066961288452 0.817443311214447 0.825300455093384 0.819900989532471 0.800027072429657 0.792699992656708 0.807965815067291 0.779547393321991 0.767000913619995 0.76694244146347 0.748393297195435 0.697940051555634 0.738474786281586 0.763125360012054 0.751877784729004 0.73279881477356 0.707004725933075 0.725820064544678 0.692780315876007 0.729280650615692 0.720166087150574 0.762869238853455 0.806733906269073 0.799304604530334 0.813898742198944 0.833272993564606 0.863482773303986 0.89987987279892 0.922372698783875 0.936911642551422 0.952290117740631 0.961789309978485 0.961927175521851 0.956439912319183 0.944682896137238 0.922138273715973 0.90724903345108 0.882654845714569 0.886301577091217 0.881992340087891 0.868204593658447 0.873505413532257 0.91979968547821 0.910811185836792
0.824933886528015 0.82695198059082 0.81819874048233 0.838318109512329 0.823639154434204 0.816292703151703 0.818761587142944 0.812549352645874 0.794346928596497 0.773963689804077 0.771458089351654 0.753152668476105 0.762075841426849 0.746036052703857 0.682604372501373 0.690551996231079 0.694929897785187 0.693551778793335 0.724855422973633 0.737958431243896 0.712670922279358 0.722318589687347 0.751070559024811 0.782598555088043 0.784465432167053 0.817263007164001 0.84806352853775 0.842082142829895 0.888628661632538 0.912742912769318 0.925243616104126 0.939643144607544 0.950821340084076 0.939556360244751 0.90389084815979 0.90108060836792 0.88631933927536 0.869678676128387 0.859220683574677 0.853256940841675 0.874505460262299 0.89122062921524 0.914090692996979 0.926154375076294 0.950186192989349 0.939084410667419
0.82658064365387 0.817819654941559 0.797655582427979 0.82065349817276 0.818008840084076 0.813210904598236 0.787328779697418 0.812744557857513 0.767378449440002 0.782681465148926 0.807060658931732 0.784162580966949 0.757402956485748 0.719733893871307 0.695137858390808 0.702363967895508 0.701482236385345 0.739345848560333 0.736835837364197 0.71538895368576 0.720498502254486 0.724651515483856 0.779109358787537 0.785887122154236 0.805668473243713 0.80864280462265 0.831558704376221 0.839307546615601 0.891675531864166 0.90471214056015 0.917780101299286 0.916414082050323 0.910252392292023 0.890769243240356 0.881633222103119 0.886075675487518 0.864851951599121 0.860007882118225 0.849072277545929 0.882283747196198 0.948737919330597 0.967462480068207 0.956584870815277 0.970004379749298 0.979925096035004 0.975244224071503
0.816293597221375 0.805184721946716 0.799220681190491 0.810513436794281 0.830199241638184 0.833766222000122 0.828754365444183 0.824178874492645 0.805133402347565 0.828381240367889 0.824173927307129 0.77661544084549 0.728023588657379 0.697332978248596 0.725124418735504 0.695822536945343 0.750912189483643 0.749206721782684 0.756318926811218 0.770067989826202 0.739395976066589 0.705386281013489 0.780224561691284 0.766078889369965 0.763633370399475 0.776812493801117 0.819714784622192 0.86703485250473 0.843502581119537 0.871129930019379 0.880989730358124 0.861001014709473 0.832977473735809 0.834571063518524 0.892216324806213 0.918907642364502 0.951407790184021 0.883083879947662 0.92884361743927 0.955257833003998 0.983550786972046 0.981379806995392 0.970664203166962 0.946371912956238 0.957205772399902 0.949142277240753
0.836048185825348 0.835522770881653 0.840027391910553 0.843759059906006 0.84889942407608 0.850528299808502 0.831981122493744 0.824544310569763 0.8362175822258 0.833401799201965 0.799275517463684 0.743882656097412 0.740909099578857 0.70216429233551 0.738537967205048 0.766332626342773 0.766503572463989 0.768526017665863 0.766903698444366 0.759581863880157 0.762994945049286 0.7141934633255 0.701262652873993 0.720759510993958 0.764334261417389 0.809397220611572 0.805313885211945 0.822619020938873 0.819141805171967 0.87418532371521 0.868964850902557 0.865306973457336 0.899805128574371 0.925851702690125 0.95360279083252 0.960647881031036 0.939411461353302 0.878260672092438 0.933498680591583 0.966819584369659 0.985009133815765 0.981587767601013 0.984511196613312 0.967973709106445 0.96323561668396 0.969168841838837
0.859537363052368 0.851015150547028 0.848079144954681 0.853105664253235 0.851337730884552 0.844090759754181 0.836213707923889 0.841554880142212 0.831444442272186 0.813776195049286 0.805388033390045 0.782126605510712 0.774976253509521 0.749639451503754 0.801602423191071 0.77929675579071 0.786182761192322 0.776663064956665 0.779903888702393 0.768579483032227 0.727751135826111 0.68786758184433 0.700716614723206 0.788982808589935 0.822622895240784 0.828683257102966 0.861986994743347 0.880288541316986 0.831965327262878 0.859775424003601 0.903050065040588 0.921914160251617 0.940003991127014 0.935693860054016 0.949977219104767 0.941417276859283 0.941203892230988 0.922349572181702 0.945094525814056 0.979879081249237 0.982310116291046 0.975437879562378 0.982790768146515 0.985044002532959 0.973691642284393 0.970945179462433
0.858610391616821 0.855641841888428 0.85736221075058 0.862430572509766 0.858756184577942 0.844928622245789 0.833575010299683 0.832687079906464 0.826544642448425 0.816654622554779 0.810215890407562 0.795662939548492 0.797919929027557 0.785310089588165 0.80072683095932 0.785254895687103 0.790077090263367 0.757277846336365 0.765222132205963 0.711084723472595 0.681788682937622 0.687032401561737 0.729797542095184 0.808699727058411 0.838041543960571 0.828501164913177 0.83278352022171 0.87833172082901 0.835665643215179 0.890884220600128 0.916424870491028 0.927415251731873 0.934767961502075 0.914044439792633 0.941489517688751 0.941555380821228 0.927824676036835 0.931080520153046 0.961641430854797 0.983529508113861 0.985139310359955 0.986026406288147 0.989800453186035 0.986844301223755 0.986422657966614 0.976966142654419
0.858914375305176 0.857205390930176 0.859527707099915 0.849547147750854 0.84757924079895 0.842737138271332 0.831081628799438 0.834099888801575 0.840188801288605 0.821980655193329 0.802887678146362 0.809567034244537 0.771285057067871 0.766915738582611 0.765753209590912 0.755790531635284 0.749882698059082 0.697808027267456 0.691070854663849 0.687111496925354 0.707007765769958 0.721738338470459 0.785623073577881 0.809702038764954 0.78392767906189 0.808701932430267 0.853900253772736 0.851705431938171 0.867074251174927 0.861294448375702 0.902148485183716 0.908904910087585 0.895717024803162 0.875391125679016 0.908151507377625 0.917355358600616 0.931658327579498 0.957852482795715 0.978205740451813 0.984818339347839 0.982549726963043 0.979595184326172 0.975793361663818 0.967928290367126 0.969884932041168 0.961851537227631
0.865574061870575 0.864531219005585 0.856260597705841 0.849220633506775 0.843243062496185 0.8415487408638 0.834099113941193 0.831438839435577 0.817384600639343 0.803502082824707 0.79034823179245 0.773110866546631 0.77197003364563 0.754650831222534 0.802784085273743 0.787326812744141 0.749882698059082 0.686486423015594 0.718486189842224 0.71789276599884 0.718086123466492 0.771160364151001 0.791831910610199 0.784200131893158 0.753432154655457 0.836187481880188 0.865236818790436 0.865348160266876 0.850511193275452 0.814196288585663 0.855587065219879 0.881515026092529 0.877914428710938 0.906600654125214 0.924167811870575 0.948437809944153 0.96786767244339 0.979954421520233 0.98100221157074 0.984136462211609 0.9814692735672 0.979103982448578 0.965084314346313 0.977450788021088 0.965677797794342 0.978222727775574
0.862420380115509 0.859522819519043 0.86571854352951 0.855626940727234 0.838979482650757 0.856099247932434 0.850026369094849 0.828104913234711 0.837765157222748 0.842896342277527 0.823254406452179 0.808865904808044 0.830581605434418 0.763364374637604 0.76189786195755 0.741594672203064 0.719929397106171 0.69739955663681 0.726733863353729 0.733498156070709 0.730635762214661 0.76562637090683 0.776710689067841 0.758217096328735 0.778778433799744 0.878679573535919 0.877950727939606 0.888534128665924 0.823469281196594 0.838605582714081 0.908488571643829 0.910686314105988 0.933115363121033 0.948443353176117 0.956127285957336 0.965018749237061 0.969491064548492 0.97444224357605 0.98210871219635 0.985194087028503 0.972426354885101 0.987967789173126 0.983952045440674 0.97699636220932 0.973426878452301 0.974870800971985
0.867185950279236 0.884104132652283 0.870098114013672 0.857815086841583 0.84920597076416 0.865561425685883 0.850183844566345 0.85260146856308 0.856090843677521 0.850829303264618 0.818973422050476 0.795085906982422 0.765405714511871 0.789918661117554 0.757876455783844 0.734576344490051 0.705607116222382 0.718552350997925 0.720449030399323 0.744677484035492 0.743378758430481 0.761880934238434 0.786604642868042 0.781282365322113 0.828824579715729 0.888312339782715 0.889317870140076 0.828315198421478 0.855345845222473 0.888178408145905 0.924001634120941 0.938990712165833 0.948382616043091 0.950702130794525 0.953938901424408 0.949302911758423 0.965485572814941 0.97317510843277 0.983692765235901 0.981375515460968 0.97543066740036 0.976825296878815 0.981185376644135 0.976388156414032 0.974809944629669 0.960522949695587
0.86674040555954 0.891587734222412 0.881192564964294 0.870670199394226 0.872096598148346 0.865260183811188 0.861043691635132 0.857030868530273 0.858892917633057 0.834645509719849 0.822170317173004 0.79854828119278 0.79029643535614 0.780689418315887 0.765229463577271 0.731469511985779 0.722922682762146 0.763652861118317 0.787427544593811 0.793381094932556 0.792261004447937 0.814253687858582 0.811043441295624 0.835920095443726 0.874083161354065 0.887163102626801 0.890190780162811 0.880628824234009 0.913151800632477 0.906780183315277 0.92005980014801 0.926984906196594 0.938986480236053 0.945891082286835 0.946925282478333 0.955099105834961 0.96686178445816 0.97485214471817 0.980569362640381 0.973564147949219 0.962137937545776 0.965890884399414 0.964651882648468 0.965808153152466 0.961482167243958 0.950667202472687
