output/projections/05_YDS/Myrcia silvatica.asc
NCOLS 168 
NROWS 144 
XLLCORNER -41.0000000002598 
YLLCORNER -7.99999999976785 
CELLSIZE 0.0416666666664048 
NODATA_value -3.4e+38 
[rows 80 to 99 of 144, columns 92 to 137 of 168]
0.0969182103872299 0.115335799753666 0.107509262859821 0.105686821043491 0.100039280951023 0.0889857187867165 0.103062391281128 0.0946612358093262 0.0606026835739613 0.069338284432888 0.0624077916145325 0.0686942040920258 0.0752129256725311 0.0789101049304008 0.0865755379199982 0.0634023323655128 0.0870133936405182 0.0725865438580513 0.0774651616811752 0.0815540105104446 0.0827148854732513 0.0837158784270287 0.0923043861985207 0.106909222900867 0.107841320335865 0.120767198503017 0.128814741969109 0.154494777321815 0.161386892199516 0.163125947117805 0.231322914361954 0.307169735431671 0.434996515512466 0.47837370634079 0.55986487865448 0.577346324920654 0.577019155025482 0.571706652641296 0.596456348896027 0.616829097270966 0.620725631713867 0.622210204601288 0.638249218463898 0.672209620475769 0.704459428787231 0.736772119998932
0.106651462614536 0.127715289592743 0.126720055937767 0.109733909368515 0.100730776786804 0.0985555127263069 0.0898564904928207 0.0586315914988518 0.0619734562933445 0.0792507529258728 0.0682080164551735 0.0669941902160645 0.0837502777576447 0.0837502777576447 0.100142851471901 0.0611328706145287 0.0903798714280128 0.0776388198137283 0.0846157446503639 0.0856375992298126 0.0847172662615776 0.0920487120747566 0.112706147134304 0.142977714538574 0.126525595784187 0.142086043953896 0.142996251583099 0.177661344408989 0.182492285966873 0.191228181123734 0.284008175134659 0.524794161319733 0.585782289505005 0.598374128341675 0.622600078582764 0.623191595077515 0.618669390678406 0.62345826625824 0.633274555206299 0.654306888580322 0.641205728054047 0.629083693027496 0.667711615562439 0.696172893047333 0.714186191558838 0.72295218706131
0.109729588031769 0.126578912138939 0.11875743418932 0.103302121162415 0.102948017418385 0.0948805510997772 0.0742565393447876 0.0545680187642574 0.0627301707863808 0.0894612073898315 0.0798329412937164 0.0857475474476814 0.0706594437360764 0.0882312804460526 0.108116924762726 0.0659893229603767 0.0976609140634537 0.0884950309991837 0.0876755639910698 0.0919392853975296 0.0945558026432991 0.0980813354253769 0.125369444489479 0.182958424091339 0.169236958026886 0.165715262293816 0.190408736467361 0.231356561183929 0.251518249511719 0.313272029161453 0.357861459255219 0.562734603881836 0.557992577552795 0.534892678260803 0.561391711235046 0.599251508712769 0.635076582431793 0.670301973819733 0.660350143909454 0.682004749774933 0.693761825561523 0.689680755138397 0.701551854610443 0.708963572978973 0.743643283843994 0.731793105602264
0.110350951552391 0.118224248290062 0.115723326802254 0.117696680128574 0.0987859144806862 0.0851695761084557 0.0667787566781044 0.0623311847448349 0.0633326694369316 0.0688592568039894 0.0780440643429756 0.081189937889576 0.0701506361365318 0.0901401713490486 0.118411831557751 0.0712898597121239 0.0716446712613106 0.0707132294774055 0.0806746557354927 0.0858417972922325 0.103451207280159 0.0890622586011887 0.157444477081299 0.253603279590607 0.225391253829002 0.213600784540176 0.236289650201797 0.295818984508514 0.362232506275177 0.403844743967056 0.423765242099762 0.470419198274612 0.476842373609543 0.479825437068939 0.54089218378067 0.528187036514282 0.561995446681976 0.598910868167877 0.577598571777344 0.625529170036316 0.627609968185425 0.650246441364288 0.698335587978363 0.710015714168549 0.75655072927475 0.764898717403412
0.118094831705093 0.115332543849945 0.0919623374938965 0.0890244096517563 0.0775504261255264 0.0665369257330894 0.0699258223176003 0.0592253170907497 0.0598884038627148 0.0546454750001431 0.058697123080492 0.0655034109950066 0.075340136885643 0.0827033817768097 0.112122118473053 0.0932859107851982 0.0719373151659966 0.0740534290671349 0.0838184058666229 0.0838320404291153 0.0904259532690048 0.10063448548317 0.113766185939312 0.19158661365509 0.222829923033714 0.206184729933739 0.267897605895996 0.310216695070267 0.407442003488541 0.395219773054123 0.429590612649918 0.433364748954773 0.486063122749329 0.523766040802002 0.537414252758026 0.556348979473114 0.536428451538086 0.53800630569458 0.545591294765472 0.576353073120117 0.635626077651978 0.705551862716675 0.708707571029663 0.729554891586304 0.742431819438934 0.792764663696289
0.121866822242737 0.0901661664247513 0.0688067823648453 0.072649821639061 0.0905854776501656 0.0963138788938522 0.0641629472374916 0.0601076297461987 0.0830932408571243 0.0993711575865746 0.0758356973528862 0.0814936682581902 0.0942769572138786 0.111735731363297 0.136434555053711 0.107035398483276 0.082827664911747 0.0946269929409027 0.0896815583109856 0.0959273055195808 0.0979559049010277 0.109415419399738 0.162495329976082 0.242876291275024 0.228720799088478 0.210218280553818 0.217238336801529 0.279453963041306 0.33181419968605 0.332640409469604 0.365829318761826 0.375197410583496 0.467596828937531 0.492230296134949 0.527250349521637 0.593424022197723 0.594030976295471 0.589699625968933 0.656627953052521 0.692692041397095 0.718880712985992 0.747048020362854 0.76947033405304 0.745591521263123 0.751111447811127 0.803443729877472
0.0920681208372116 0.0881963446736336 0.0961995273828506 0.109604805707932 0.126582026481628 0.109359696507454 0.0706880465149879 0.0713630020618439 0.074261263012886 0.0697079598903656 0.0788070484995842 0.0776856541633606 0.0874172821640968 0.105558350682259 0.115903712809086 0.133132755756378 0.0968562290072441 0.094517208635807 0.0964763388037682 0.0955907255411148 0.105793088674545 0.173034444451332 0.203894674777985 0.196375995874405 0.206642642617226 0.204260408878326 0.212701797485352 0.231786161661148 0.251731425523758 0.268181592226028 0.311464697122574 0.332102000713348 0.394718408584595 0.483302623033524 0.500816285610199 0.56358128786087 0.585076808929443 0.605948984622955 0.636824309825897 0.597062885761261 0.629984557628632 0.68501079082489 0.710533916950226 0.721424341201782 0.751349925994873 0.813899755477905
0.0867737382650375 0.114294536411762 0.127431020140648 0.119161665439606 0.118760399520397 0.0943329781293869 0.0741263404488564 0.073994480073452 0.0840878635644913 0.0925192460417747 0.0824326947331429 0.102120354771614 0.104538969695568 0.0979666188359261 0.1114666685462 0.117392010986805 0.107441537082195 0.10634521394968 0.0979281440377235 0.111391171813011 0.115231923758984 0.17628239095211 0.182719931006432 0.165539875626564 0.15554516017437 0.169515281915665 0.18412359058857 0.184560507535934 0.212649464607239 0.229376345872879 0.242275521159172 0.369447410106659 0.378929764032364 0.413009613752365 0.472965389490128 0.485517710447311 0.51387494802475 0.560118138790131 0.574187040328979 0.606237292289734 0.681167364120483 0.685844004154205 0.695911765098572 0.685553848743439 0.713143408298492 0.765808284282684
0.102473318576813 0.126018539071083 0.112501546740532 0.102591134607792 0.0912182480096817 0.105084501206875 0.089331790804863 0.086795799434185 0.105203248560429 0.110979750752449 0.0995055213570595 0.0934244394302368 0.102019116282463 0.125779569149017 0.112111285328865 0.106576137244701 0.108082816004753 0.112032629549503 0.110863037407398 0.101418569684029 0.134436905384064 0.18768809735775 0.152970358729362 0.135400101542473 0.144380688667297 0.248250767588615 0.217331096529961 0.215460181236267 0.2223841547966 0.220261722803116 0.308628767728806 0.454444617033005 0.386892974376678 0.437230676412582 0.502429485321045 0.511662125587463 0.575158596038818 0.627958357334137 0.64125645160675 0.666618585586548 0.657187759876251 0.705552220344543 0.762847602367401 0.770135581493378 0.796507954597473 0.823910355567932
0.11123363673687 0.111739292740822 0.0976509898900986 0.0907954722642899 0.110855303704739 0.112246960401535 0.0908975601196289 0.0941907837986946 0.0960325077176094 0.123781077563763 0.137838214635849 0.0983674749732018 0.100985445082188 0.114848539233208 0.134808555245399 0.122330956161022 0.10218670219183 0.133477970957756 0.122127644717693 0.114970751106739 0.134644955396652 0.181569889187813 0.141526535153389 0.14452388882637 0.179293036460876 0.204848483204842 0.192950874567032 0.187115177512169 0.188150599598885 0.258917063474655 0.446665316820145 0.464097589254379 0.456731528043747 0.491280913352966 0.501782417297363 0.552279055118561 0.595886290073395 0.650312542915344 0.682590663433075 0.713203251361847 0.742954432964325 0.743184626102448 0.77150171995163 0.765134930610657 0.776393175125122 0.816579639911652
0.103889681398869 0.0953148528933525 0.0897474512457848 0.104127317667007 0.16959610581398 0.123233519494534 0.0986632779240608 0.106771245598793 0.113262884318829 0.116634421050549 0.122540093958378 0.114074349403381 0.117861971259117 0.122817941009998 0.138595759868622 0.139701843261719 0.109072923660278 0.135478228330612 0.171060472726822 0.131803795695305 0.143051207065582 0.175050005316734 0.179678648710251 0.269575238227844 0.175793930888176 0.277100712060928 0.234059661626816 0.193354830145836 0.215767070651054 0.36584809422493 0.531154811382294 0.390321254730225 0.408035546541214 0.439225077629089 0.483950048685074 0.515487849712372 0.562021136283875 0.593108832836151 0.624665796756744 0.65749192237854 0.737309873104095 0.773078680038452 0.810999989509583 0.824845194816589 0.834033906459808 0.829390525817871
0.101773805916309 0.0999192446470261 0.102707378566265 0.158411949872971 0.190087884664536 0.113648802042007 0.100375652313232 0.115586459636688 0.136324167251587 0.12090702354908 0.120598956942558 0.11655517667532 0.130208984017372 0.144038632512093 0.144060507416725 0.142075732350349 0.132134944200516 0.121125183999538 0.141766920685768 0.218064785003662 0.169507429003716 0.280627757310867 0.296517938375473 0.206314146518707 0.306168586015701 0.418348580598831 0.336846679449081 0.234235927462578 0.501791477203369 0.520772039890289 0.569640934467316 0.408582359552383 0.433528959751129 0.484605014324188 0.46996283531189 0.484588980674744 0.521531283855438 0.579207301139832 0.591567993164062 0.603814363479614 0.612303793430328 0.678398132324219 0.686120212078094 0.731056272983551 0.715219259262085 0.736772477626801
0.106531322002411 0.11481050401926 0.120773136615753 0.177092254161835 0.166567325592041 0.107014745473862 0.108978018164635 0.115325801074505 0.146542727947235 0.149757415056229 0.124334506690502 0.128549799323082 0.155700251460075 0.138693481683731 0.144884884357452 0.135876402258873 0.129045769572258 0.134590923786163 0.151472464203835 0.232366725802422 0.3447605073452 0.423441171646118 0.298005282878876 0.425623953342438 0.517107725143433 0.541229963302612 0.345106184482574 0.350653976202011 0.47508305311203 0.519880175590515 0.497205704450607 0.428488165140152 0.419740736484528 0.457049667835236 0.472505271434784 0.517736196517944 0.539961278438568 0.533607542514801 0.52215963602066 0.627063870429993 0.691627025604248 0.758459568023682 0.77128267288208 0.728049755096436 0.75253301858902 0.82648777961731
0.120234690606594 0.156553909182549 0.185223937034607 0.164453595876694 0.107994869351387 0.108978018164635 0.142129883170128 0.148306414484978 0.138284042477608 0.147657215595245 0.150245025753975 0.132967561483383 0.143981456756592 0.158658429980278 0.150449648499489 0.160182803869247 0.140255257487297 0.160316869616508 0.178067937493324 0.444544821977615 0.542095541954041 0.467428982257843 0.389690756797791 0.375151753425598 0.533057928085327 0.394313484430313 0.364011347293854 0.319522798061371 0.388291001319885 0.448310732841492 0.364864766597748 0.35356679558754 0.354306042194366 0.365500628948212 0.441662013530731 0.437707155942917 0.449057012796402 0.496696770191193 0.581380605697632 0.693815112113953 0.726580858230591 0.740026652812958 0.731335878372192 0.734817326068878 0.818683564662933 0.839432775974274
0.219543099403381 0.39495638012886 0.217584952712059 0.149769961833954 0.105801291763783 0.11610871553421 0.160109162330627 0.142596617341042 0.147176027297974 0.166022062301636 0.161824569106102 0.156703397631645 0.167276367545128 0.229961052536964 0.147331774234772 0.133613735437393 0.178161755204201 0.260035425424576 0.377263963222504 0.672823071479797 0.602563381195068 0.431214660406113 0.508244752883911 0.380248725414276 0.349995583295822 0.269376784563065 0.308846652507782 0.303714573383331 0.294613063335419 0.296905666589737 0.360784649848938 0.283525943756104 0.388819605112076 0.433013200759888 0.415799647569656 0.434762090444565 0.534594118595123 0.568005502223969 0.666957795619965 0.70001482963562 0.690818428993225 0.701322793960571 0.712404310703278 0.798180639743805 0.831199109554291 0.839948117733002
0.60569441318512 0.485512316226959 0.208184525370598 0.125736400485039 0.12447813898325 0.118487060070038 0.121309638023376 0.139049753546715 0.159763529896736 0.166552260518074 0.181386545300484 0.152636408805847 0.175840973854065 0.150080472230911 0.150021374225616 0.152226001024246 0.377574801445007 0.579041957855225 0.593803822994232 0.694058537483215 0.622822821140289 0.399291455745697 0.356517255306244 0.312673300504684 0.261268436908722 0.23953652381897 0.207341358065605 0.217062249779701 0.231080368161201 0.31903088092804 0.263041794300079 0.34914043545723 0.34899178147316 0.427813738584518 0.392364859580994 0.531433582305908 0.54883873462677 0.563938558101654 0.595910429954529 0.631841361522675 0.636265754699707 0.697043001651764 0.782354235649109 0.795494914054871 0.808047711849213 0.819811463356018
0.664134502410889 0.357856720685959 0.175983846187592 0.111990697681904 0.127423465251923 0.131736293435097 0.118147276341915 0.243329241871834 0.179220393300056 0.351112306118011 0.233366534113884 0.288542896509171 0.19067756831646 0.184997692704201 0.366413831710815 0.461458206176758 0.651174604892731 0.743225276470184 0.727581143379211 0.688605725765228 0.571329534053802 0.466590642929077 0.299909085035324 0.31090572476387 0.50362890958786 0.229108601808548 0.193640038371086 0.291338592767715 0.310827136039734 0.388832181692123 0.280512809753418 0.302893549203873 0.338073194026947 0.452838838100433 0.399924218654633 0.485664486885071 0.525967836380005 0.557346105575562 0.627103745937347 0.646545588970184 0.716871440410614 0.769287943840027 0.799831449985504 0.823942065238953 0.810215651988983 0.832803666591644
0.400152385234833 0.305898934602737 0.12914089858532 0.125594615936279 0.123921982944012 0.141511768102646 0.245208695530891 0.310758620500565 0.370508760213852 0.638609409332275 0.6839839220047 0.505545914173126 0.43565559387207 0.523200869560242 0.731620073318481 0.742249846458435 0.763814747333527 0.79387229681015 0.762881755828857 0.681161820888519 0.474463403224945 0.418003380298615 0.287350356578827 0.642052412033081 0.326165705919266 0.298348128795624 0.32840895652771 0.474049061536789 0.423282146453857 0.481113612651825 0.297352939844131 0.341637909412384 0.492882668972015 0.516114175319672 0.467851400375366 0.489675283432007 0.590399920940399 0.64131087064743 0.681251406669617 0.717655181884766 0.733127892017365 0.764044523239136 0.754469454288483 0.751370131969452 0.795482516288757 0.873612225055695
0.205467864871025 0.169964089989662 0.120775073766708 0.143858775496483 0.129278585314751 0.175604641437531 0.303984135389328 0.245686203241348 0.33671161532402 0.415407091379166 0.566681861877441 0.710868179798126 0.747824609279633 0.770204842090607 0.797809660434723 0.693243741989136 0.746601104736328 0.75659316778183 0.520236849784851 0.654318869113922 0.683091759681702 0.410378932952881 0.503847181797028 0.685537815093994 0.608431220054626 0.668522238731384 0.600370109081268 0.495490401983261 0.617339789867401 0.539018273353577 0.345405608415604 0.49555891752243 0.546363651752472 0.509316265583038 0.498948276042938 0.552967071533203 0.598696231842041 0.625327885150909 0.659848511219025 0.673154950141907 0.713493287563324 0.728602766990662 0.689990997314453 0.789426922798157 0.754448294639587 0.783190846443176
0.149772509932518 0.127147734165192 0.135731309652328 0.164103433489799 0.156376987695694 0.212617591023445 0.359879672527313 0.372010469436646 0.298990160226822 0.383174270391464 0.744454562664032 0.761060416698456 0.614126861095428 0.651721060276031 0.582855522632599 0.530661880970001 0.485867530107498 0.431626230478287 0.487165868282318 0.43971773982048 0.602563440799713 0.444868594408035 0.643581390380859 0.730805635452271 0.643787264823914 0.601567208766937 0.532576203346252 0.466343492269516 0.596354961395264 0.458972305059433 0.524294018745422 0.545085430145264 0.535746574401855 0.502071559429169 0.528765499591827 0.561772584915161 0.582982957363129 0.614512979984283 0.636297285556793 0.645962476730347 0.665522813796997 0.663800537586212 0.693800091743469 0.815665006637573 0.772411525249481 0.890690743923187
