output/projections/05_YDS/Scinax nebulosus.asc
NCOLS 168 
NROWS 144 
XLLCORNER -41.0000000002598 
YLLCORNER -7.99999999976785 
CELLSIZE 0.0416666666664048 
NODATA_value -3.4e+38 
[rows 20 to 39 of 144, columns 0 to 45 of 168]
0.581594705581665 -3.4e+38 0.614046096801758 0.62921005487442 0.52836549282074 0.625924170017242 0.597404837608337 0.599344313144684 0.582543432712555 0.594981372356415 0.573696613311768 0.65917295217514 0.678795993328094 0.643046915531158 0.682745933532715 0.704632341861725 0.667270302772522 0.688813328742981 0.743520140647888 0.749995291233063 0.677858769893646 0.724680006504059 0.731230914592743 0.717531621456146 0.714214503765106 0.704904854297638 0.704904854297638 0.708572149276733 0.708754599094391 0.711507022380829 0.713278472423553 0.715305387973785 0.716184914112091 0.719073474407196 0.719945967197418 0.720994532108307 0.715416669845581 0.71717369556427 0.716475546360016 0.719975054264069 0.719281077384949 0.720153093338013 0.720816135406494 0.720816135406494 0.723418533802032 0.725401341915131
0.594586074352264 0.639776170253754 0.66669636964798 0.665132522583008 0.530182600021362 0.637232184410095 0.619830071926117 0.643268406391144 0.557922780513763 0.633270919322968 0.623095512390137 0.618110001087189 0.665304839611053 0.639495193958282 0.657263278961182 0.709014475345612 0.656069040298462 0.689741969108582 0.724272191524506 0.765482246875763 0.589972198009491 0.674952149391174 0.737519681453705 0.705199241638184 0.743731081485748 0.72054535150528 0.698607206344604 0.707890689373016 0.714707851409912 0.71723884344101 0.718989014625549 0.722630858421326 0.716456353664398 0.718209445476532 0.717512845993042 0.720215201377869 0.718647181987762 0.721263110637665 0.719779849052429 0.722388207912445 0.721778750419617 0.724375605583191 0.723768830299377 0.725494027137756 0.725750088691711 0.727467596530914
0.63423889875412 0.640296816825867 0.676306188106537 0.702496469020844 0.535756409168243 0.611783027648926 0.684637904167175 0.628867387771606 0.612688541412354 0.539272665977478 0.671402096748352 0.611493468284607 0.666800558567047 0.674846947193146 0.667861998081207 0.68488085269928 0.680454194545746 0.690755128860474 0.726333856582642 0.746817529201508 0.548311948776245 0.66366046667099 0.707947611808777 0.672565221786499 0.720214903354645 0.723474085330963 0.691275715827942 0.726301729679108 0.720707893371582 0.694912433624268 0.72690623998642 0.722499072551727 0.725171983242035 0.727828860282898 0.725863516330719 0.728493452072144 0.729427099227905 0.729362070560455 0.728507936000824 0.729615867137909 0.732166707515717 0.730720937252045 0.732418775558472 0.732670724391937 0.73351663351059 0.734611570835114
0.661179780960083 0.641974866390228 0.693957149982452 0.736987471580505 0.594419419765472 0.598597645759583 0.690443336963654 0.647064566612244 0.684038817882538 0.594670355319977 0.572149276733398 0.663990914821625 0.627225279808044 0.67733371257782 0.664746522903442 0.691554367542267 0.697876930236816 0.669063150882721 0.749784469604492 0.723571717739105 0.513011574745178 0.633653223514557 0.675525307655334 0.694139003753662 0.704589307308197 0.676745057106018 0.688693344593048 0.673573017120361 0.666209757328033 0.718019425868988 0.68818336725235 0.67066901922226 0.733186483383179 0.735782504081726 0.737459897994995 0.737526297569275 0.73759263753891 0.73759263753891 0.736903309822083 0.731525123119354 0.730493128299713 0.730746209621429 0.732443988323212 0.730999171733856 0.741388320922852 0.733792960643768
0.664613008499146 0.667527556419373 0.752606093883514 0.804099023342133 0.548315465450287 0.618564248085022 0.73071426153183 0.61040210723877 0.710939288139343 0.71226841211319 0.54183828830719 0.645695745944977 0.650524735450745 0.655773758888245 0.685093224048615 0.694142162799835 0.70777815580368 0.661586999893188 0.746669828891754 0.710979342460632 0.468732565641403 0.61002904176712 0.656711280345917 0.677283585071564 0.656886458396912 0.687827408313751 0.698850333690643 0.586567044258118 0.672695934772491 0.691764950752258 0.692125201225281 0.703119099140167 0.738410830497742 0.761350691318512 0.748814940452576 0.752053380012512 0.752117335796356 0.743726193904877 0.742966830730438 0.742206037044525 0.741443753242493 0.741443753242493 0.740760982036591 0.741590321063995 0.741412937641144 0.736093878746033
0.73048609495163 0.736741900444031 0.854525506496429 0.800533771514893 0.560813248157501 0.563099920749664 0.771342396736145 0.687171995639801 0.7256138920784 0.7259441614151 0.581068992614746 0.626638352870941 0.619546175003052 0.658784925937653 0.691678464412689 0.715650081634521 0.657808244228363 0.690055429935455 0.735617935657501 0.74337363243103 0.444301038980484 0.569597601890564 0.665345191955566 0.664223551750183 0.658079385757446 0.654849350452423 0.644997358322144 0.565483927726746 0.656396269798279 0.658261954784393 0.702549934387207 0.680952727794647 0.683412730693817 0.795408070087433 0.78093546628952 0.778081238269806 0.758022725582123 0.761180341243744 0.756559610366821 0.755825817584991 0.751878619194031 0.751135349273682 0.745127618312836 0.744370996952057 0.742787837982178 0.744436264038086
0.822423577308655 0.852197408676147 0.879203200340271 0.742055773735046 0.558632969856262 0.61098176240921 0.77228718996048 0.736869335174561 0.772378861904144 0.724397122859955 0.611908316612244 0.612155497074127 0.655892848968506 0.613123297691345 0.652929365634918 0.695155084133148 0.676649510860443 0.707117795944214 0.744348049163818 0.735026895999908 0.456330537796021 0.512689173221588 0.651352405548096 0.649754405021667 0.66220760345459 0.656730651855469 0.623746573925018 0.536401867866516 0.649158835411072 0.682072162628174 0.697231948375702 0.57892769575119 0.651240229606628 0.733820855617523 0.799596786499023 0.801408767700195 0.804146528244019 0.783662438392639 0.777112305164337 0.770421922206879 0.765924990177155 0.757056593894958 0.755526185035706 0.757119655609131 0.755589544773102 0.75485372543335
0.819978475570679 0.897999405860901 0.819017767906189 0.771526515483856 0.622589647769928 0.591657757759094 0.762269139289856 0.770594775676727 0.842168629169464 0.694492876529694 0.621488451957703 0.737179398536682 0.694308400154114 0.595843553543091 0.655442178249359 0.618175625801086 0.732803225517273 0.762858033180237 0.670600950717926 0.59834748506546 0.475439727306366 0.462453067302704 0.62702351808548 0.657339453697205 0.657064855098724 0.646269679069519 0.619788110256195 0.52587765455246 0.652373433113098 0.687522828578949 0.539549052715302 0.595355868339539 0.683179557323456 0.729112207889557 0.765123844146729 0.762491405010223 0.790999829769135 0.826020658016205 0.77671217918396 0.798546731472015 0.779755711555481 0.775388300418854 0.769429445266724 0.767953097820282 0.767953097820282 0.769551038742065
0.800292193889618 0.907835006713867 0.828121721744537 0.789137065410614 0.680190980434418 0.627655148506165 0.762906074523926 0.842259764671326 0.765054523944855 0.703023791313171 0.707173109054565 0.729876577854156 0.777441322803497 0.585120975971222 0.657986402511597 0.595886409282684 0.731463670730591 0.797536015510559 0.555163741111755 0.724520802497864 0.448656409978867 0.411200970411301 0.624484062194824 0.657848358154297 0.648905396461487 0.681376278400421 0.533466577529907 0.600449800491333 0.71153199672699 0.558327257633209 0.589111506938934 0.668097078800201 0.689340353012085 0.707546472549438 0.702790260314941 0.704255163669586 0.738609433174133 0.798752546310425 0.712251126766205 0.820806205272675 0.808313310146332 0.80036586523056 0.791347801685333 0.784235894680023 0.779932260513306 0.780673384666443
0.833625614643097 0.907472670078278 0.868022084236145 0.811220705509186 0.70258891582489 0.689203560352325 0.756376683712006 0.899508833885193 0.802772641181946 0.705121219158173 0.795268714427948 0.719785511493683 0.816012740135193 0.637937247753143 0.542832732200623 0.64522260427475 0.680324375629425 0.761701166629791 0.668087422847748 0.660110533237457 0.407550066709518 0.370749980211258 0.601847946643829 0.677352547645569 0.716052889823914 0.665210366249084 0.432933330535889 0.674136281013489 0.637210845947266 0.517345905303955 0.670252978801727 0.721736133098602 0.69521152973175 0.679984867572784 0.719756722450256 0.699706375598907 0.727682709693909 0.704817235469818 0.690026879310608 0.776012599468231 0.790185749530792 0.825968742370605 0.812382221221924 0.805834352970123 0.793215095996857 0.788264632225037
0.885049819946289 0.872423887252808 0.840469241142273 0.824257791042328 0.728659927845001 0.702426493167877 0.754332780838013 0.849348723888397 0.781173586845398 0.730893135070801 0.878929913043976 0.842093348503113 0.745802342891693 0.696314096450806 0.555359184741974 0.695177614688873 0.624487400054932 0.630370259284973 0.761356472969055 0.745080947875977 0.337986946105957 0.374341279268265 0.652321577072144 0.749849915504456 0.706920623779297 0.58469694852829 0.464133739471436 0.658685624599457 0.478641301393509 0.508848428726196 0.741617679595947 0.743851244449615 0.595649480819702 0.711288034915924 0.750779330730438 0.682069182395935 0.701519906520844 0.712030231952667 0.693784832954407 0.753662109375 0.778258800506592 0.786694765090942 0.826142191886902 0.796037018299103 0.808556020259857 0.801540195941925
0.849948465824127 0.816124379634857 0.880364596843719 0.859206914901733 0.816470921039581 0.732230961322784 0.725509464740753 0.815770387649536 0.738015711307526 0.853645801544189 0.919840633869171 0.865600347518921 0.792041063308716 0.774866163730621 0.648889124393463 0.541930198669434 0.494690626859665 0.539671063423157 0.885256588459015 0.722452640533447 0.318888485431671 0.368465960025787 0.692668616771698 0.686966598033905 0.623749911785126 0.513490796089172 0.569214940071106 0.54155695438385 0.476693570613861 0.526009202003479 0.727559089660645 0.572041153907776 0.623095512390137 0.725860118865967 0.773537039756775 0.691166520118713 0.676671385765076 0.724926650524139 0.711644649505615 0.730463147163391 0.661706745624542 0.83989280462265 0.794453740119934 0.818690836429596 0.766891837120056 0.7940354347229
0.777521789073944 0.897339820861816 0.930773079395294 0.896101713180542 0.930763006210327 0.797644078731537 0.704165637493134 0.705267906188965 0.84788852930069 0.946011900901794 0.933729231357574 0.931301414966583 0.833838164806366 0.747641444206238 0.779014408588409 0.716309905052185 0.706330835819244 0.554159939289093 0.770718991756439 0.515401482582092 0.323334932327271 0.609910309314728 0.678944408893585 0.614296197891235 0.515811145305634 0.509024798870087 0.568235695362091 0.476195633411407 0.548615753650665 0.586359679698944 0.53478467464447 0.494227409362793 0.621729969978333 0.714022517204285 0.780499458312988 0.749591588973999 0.622237801551819 0.733960628509521 0.75308758020401 0.685051918029785 0.629536211490631 0.79258668422699 0.789851546287537 0.735569000244141 0.817635118961334 0.80871170759201
0.915346145629883 0.867630898952484 0.702267050743103 0.969717502593994 0.947779715061188 0.861494064331055 0.748557031154633 0.689501345157623 0.755596697330475 0.77247941493988 0.903898954391479 0.967094361782074 0.927077174186707 0.854086458683014 0.864426612854004 0.785184860229492 0.754360675811768 0.699059784412384 0.512886881828308 0.334231048822403 0.548428416252136 0.688794195652008 0.582401216030121 0.514099836349487 0.465561389923096 0.59287166595459 0.59136164188385 0.443488121032715 0.577663779258728 0.595924258232117 0.484231799840927 0.572360515594482 0.488741248846054 0.700842618942261 0.763532280921936 0.714242517948151 0.561492681503296 0.678532123565674 0.728081464767456 0.659497857093811 0.648955941200256 0.699240446090698 0.785844802856445 0.755453824996948 0.802795708179474 0.705141961574554
0.88369083404541 0.689856767654419 0.743514657020569 0.962127149105072 0.949768841266632 0.860598504543304 0.903405368328094 0.772297322750092 0.721150934696198 0.821975409984589 0.827194571495056 0.966192662715912 0.907277643680573 0.952596068382263 0.809432864189148 0.746538400650024 0.706474244594574 0.706474244594574 0.412800312042236 0.359667032957077 0.721497654914856 0.622061789035797 0.578788578510284 0.478363692760468 0.46832612156868 0.646292507648468 0.51457542181015 0.423756390810013 0.575205981731415 0.534612655639648 0.454695075750351 0.570448696613312 0.516503751277924 0.599034428596497 0.669832050800323 0.666193962097168 0.643366456031799 0.614209949970245 0.629309773445129 0.63935375213623 0.565632700920105 0.721981644630432 0.774377882480621 0.751741528511047 0.685866475105286 0.566289365291595
0.754185140132904 0.819908857345581 0.906962454319 0.932882726192474 0.90692138671875 0.896568655967712 0.920575141906738 0.848787069320679 0.79738861322403 0.707176029682159 0.681628465652466 0.938328921794891 0.949471116065979 0.91376793384552 0.770528316497803 0.63621461391449 0.680950343608856 0.739458501338959 0.379375606775284 0.583058178424835 0.536862671375275 0.625848948955536 0.531808912754059 0.506619215011597 0.53578132390976 0.597305417060852 0.448527842760086 0.418847858905792 0.540999352931976 0.442803770303726 0.454760491847992 0.451749950647354 0.425452828407288 0.451728701591492 0.694972157478333 0.709200978279114 0.667582929134369 0.562049090862274 0.603172898292542 0.65345573425293 0.469098269939423 0.740792691707611 0.782737076282501 0.72427898645401 0.571801841259003 0.558731317520142
0.693172156810760 0.872580409049988 0.950336992740631 0.964041829109192 0.926321804523468 0.940380752086639 0.917167365550995 0.809828221797943 0.885175108909607 0.700665175914764 0.64347767829895 0.888870239257812 0.974219977855682 0.972883641719818 0.931519210338593 0.742627739906311 0.669530749320984 0.551798462867737 0.393945097923279 0.440005093812943 0.426899820566177 0.615471124649048 0.506923913955688 0.530317544937134 0.566982865333557 0.510414481163025 0.424308329820633 0.392679572105408 0.444603949785233 0.365883558988571 0.330456674098969 0.427110940217972 0.293550878763199 0.758657038211823 0.833021402359009 0.875925481319427 0.612483739852905 0.625072360038757 0.59767735004425 0.590813517570496 0.548613786697388 0.715291142463684 0.740898787975311 0.629644751548767 0.478701621294022 0.551530420780182
0.684694528579712 0.907950282096863 0.96231734752655 0.939003646373749 0.945333540439606 0.915524065494537 0.858476281166077 0.785144925117493 0.665583312511444 0.671491682529449 0.753100454807281 0.933999180793762 0.972819864749908 0.971425831317902 0.947051167488098 0.918333828449249 0.710631787776947 0.461894869804382 0.441994607448578 0.406820386648178 0.427643030881882 0.526903092861176 0.528610646724701 0.562077224254608 0.43874254822731 0.521793007850647 0.383879572153091 0.338143408298492 0.315975308418274 0.277740865945816 0.22451463341713 0.641357660293579 0.516354918479919 0.640179336071014 0.872432589530945 0.89401376247406 0.709075331687927 0.698893249034882 0.549238741397858 0.574228286743164 0.665286481380463 0.616304278373718 0.596045970916748 0.462467283010483 0.503942370414734 0.617778360843658
0.944530427455902 0.953766405582428 0.932516574859619 0.905723631381989 0.868835270404816 0.863640248775482 0.875605762004852 0.75641667842865 0.596119821071625 0.643211841583252 0.879453659057617 0.903558313846588 0.94883269071579 0.952651977539062 0.95151561498642 0.887448191642761 0.573173344135284 0.387952864170074 0.421051472425461 0.44007009267807 0.425733357667923 0.584598124027252 0.586260974407196 0.455474644899368 0.380111187696457 0.410447001457214 0.295914560556412 0.346056818962097 0.221150279045105 0.415200084447861 0.469818294048309 0.463037043809891 0.583814442157745 0.858384788036346 0.925527930259705 0.791549205780029 0.788004875183105 0.457947582006454 0.588864505290985 0.636570990085602 0.66259503364563 0.583196878433228 0.442627727985382 0.398898839950562 0.517409801483154 0.613549172878265
0.967341959476471 0.959369957447052 0.879404067993164 0.778695046901703 0.724942564964294 0.953267812728882 0.948186218738556 0.721395969390869 0.629381358623505 0.553522169589996 0.810205519199371 0.939953684806824 0.845521688461304 0.871874094009399 0.897946536540985 0.699590444564819 0.459459334611893 0.409503579139709 0.355840504169464 0.461832851171494 0.443366557359695 0.619633436203003 0.47507706284523 0.381114542484283 0.315845817327499 0.364217758178711 0.211673185229301 0.456053763628006 0.28715655207634 0.290375560522079 0.446813344955444 0.400113940238953 0.737806499004364 0.83106529712677 0.804437279701233 0.845655977725983 0.73173862695694 0.552611172199249 0.491235435009003 0.426788210868835 0.61458158493042 0.513465762138367 0.338117808103561 0.403799504041672 0.477643191814423 0.578950166702271
