output/projections/05_YDS/Scinax nebulosus.asc
NCOLS 168 
NROWS 144 
XLLCORNER -41.0000000002598 
YLLCORNER -7.99999999976785 
CELLSIZE 0.0416666666664048 
NODATA_value -3.4e+38 
[rows 80 to 99 of 144, columns 92 to 137 of 168]
0.0787872895598412 0.126432418823242 0.121513456106186 0.107319884002209 0.111247532069683 0.0737271383404732 0.0919707044959068 0.0860748961567879 0.0433518104255199 0.0500807836651802 0.04286153241992 0.0422148965299129 0.0473471209406853 0.04626689478755 0.0534623898565769 0.0342026464641094 0.0480966046452522 0.0350174605846405 0.0334933511912823 0.0342918671667576 0.0312621630728245 0.0291676484048367 0.0304551161825657 0.0335384234786034 0.0324149802327156 0.0332136601209641 0.0326992124319077 0.03638881072402 0.0339884161949158 0.0308935791254044 0.0394059531390667 0.0496527254581451 0.0731658339500427 0.0795328542590141 0.110155701637268 0.115442991256714 0.111843660473824 0.131455957889557 0.184243991971016 0.159470602869987 0.201222822070122 0.238663792610168 0.346736907958984 0.461970031261444 0.58879816532135 0.569893658161163
0.0911772549152374 0.152016505599022 0.160351872444153 0.131878301501274 0.114576406776905 0.099735863506794 0.093754455447197 0.0454012826085091 0.0434852875769138 0.0622900165617466 0.0475627146661282 0.043630164116621 0.0527643002569675 0.0531166680157185 0.0642862543463707 0.0338803082704544 0.0482001788914204 0.0381923541426659 0.0376133434474468 0.0365079008042812 0.0322982855141163 0.0316510461270809 0.0373912826180458 0.0449185743927956 0.0361344143748283 0.0364866591989994 0.0359595194458961 0.042386744171381 0.0396069549024105 0.0363008938729763 0.0487479530274868 0.105261757969856 0.145849838852882 0.140956521034241 0.170646965503693 0.143527671694756 0.130720600485802 0.171785101294518 0.16486445069313 0.198233723640442 0.253983467817307 0.235463172197342 0.31011563539505 0.389084100723267 0.509334862232208 0.58539891242981
0.108255460858345 0.171420276165009 0.15739494562149 0.133968621492386 0.131422057747841 0.115708224475384 0.0690573155879974 0.0434023924171925 0.0478467456996441 0.0733084380626678 0.0595355927944183 0.0604457855224609 0.0450047738850117 0.0624478533864021 0.0756897628307343 0.0393282026052475 0.0571384467184544 0.0443017482757568 0.0412022955715656 0.0384773574769497 0.0373475067317486 0.0344305075705051 0.0394559167325497 0.0568258427083492 0.0485394448041916 0.0432442538440228 0.0455937907099724 0.0528857186436653 0.0552012138068676 0.063311368227005 0.0705336406826973 0.14591558277607 0.141208797693253 0.113665498793125 0.140713259577751 0.156362891197205 0.199453547596931 0.240436032414436 0.215542301535606 0.233684942126274 0.309279024600983 0.317327886819839 0.361479878425598 0.449189841747284 0.507233262062073 0.643442213535309
0.127491325139999 0.160656377673149 0.157027497887611 0.162407383322716 0.144103646278381 0.0881591215729713 0.0653958693146706 0.0534929260611534 0.0515500344336033 0.0552239157259464 0.0576498135924339 0.057990338653326 0.0463323704898357 0.0587200038135052 0.0829082280397415 0.0445003807544708 0.0407997965812683 0.0376592613756657 0.0400657318532467 0.038144875317812 0.042348075658083 0.0328923426568508 0.0519122667610645 0.0844545587897301 0.0680070444941521 0.0539302006363869 0.0627790689468384 0.0686467289924622 0.0881955847144127 0.0922852531075478 0.0935340747237206 0.0974013358354568 0.0930191352963448 0.0938494652509689 0.118282184004784 0.124235354363918 0.15141274034977 0.182538837194443 0.157888650894165 0.192262336611748 0.173099488019943 0.194807097315788 0.310361802577972 0.464785903692245 0.579511940479279 0.668830096721649
0.173413351178169 0.18342188000679 0.13085849583149 0.11768501251936 0.086492620408535 0.0645366534590721 0.0657790452241898 0.0512538552284241 0.0472922921180725 0.0428796634078026 0.0421100407838821 0.0443789809942245 0.0522940047085285 0.0570966675877571 0.0740433260798454 0.0589027181267738 0.0414123386144638 0.040865745395422 0.040423795580864 0.0386738106608391 0.0366396829485893 0.0372199900448322 0.0390860736370087 0.0618975050747395 0.0691773742437363 0.0593030452728271 0.0709164589643478 0.0764093548059464 0.107465751469135 0.0973114818334579 0.0965840592980385 0.0943459793925285 0.0964953750371933 0.125032603740692 0.124208204448223 0.142888262867928 0.144060477614403 0.131818175315857 0.123161919414997 0.126096352934837 0.173747405409813 0.293221682310104 0.345772445201874 0.42987534403801 0.554071068763733 0.635207414627075
0.203601136803627 0.120452351868153 0.0721260905265808 0.0711850896477699 0.102729059755802 0.129482984542847 0.0637658163905144 0.049575749784708 0.0703523606061935 0.0856062695384026 0.0597891733050346 0.0575184039771557 0.064156673848629 0.0794973224401474 0.0970360860228539 0.07034732401371 0.0494499206542969 0.0493644624948502 0.0423910915851593 0.0409114733338356 0.0392556488513947 0.0414188019931316 0.056570753455162 0.0840661898255348 0.0753346607089043 0.0642444714903831 0.0630446970462799 0.0729143619537354 0.0847494676709175 0.0814737603068352 0.0837422832846642 0.0745428949594498 0.0925953686237335 0.111773893237114 0.133618578314781 0.192873179912567 0.2056485414505 0.188983514904976 0.270447134971619 0.320942878723145 0.354799598455429 0.389147639274597 0.438848972320557 0.429270654916763 0.482927858829498 0.647324919700623
0.111591830849648 0.0921092629432678 0.10557109862566 0.137955650687218 0.184243351221085 0.171839758753777 0.0696740075945854 0.0627631619572639 0.0629524737596512 0.0555102005600929 0.0577256008982658 0.0590135455131531 0.0634362176060677 0.071088969707489 0.0781240984797478 0.0888263732194901 0.0569568835198879 0.0496953204274178 0.0449833124876022 0.042327206581831 0.0432551689445972 0.0674217566847801 0.0770447328686714 0.0697834864258766 0.0670676454901695 0.06157436221838 0.0601212121546268 0.0642286166548729 0.0645158663392067 0.0629979595541954 0.0685455948114395 0.067571148276329 0.0802924036979675 0.0977733284235001 0.121172592043877 0.165201470255852 0.217236012220383 0.233718231320381 0.264090597629547 0.18609955906868 0.211026713252068 0.30053773522377 0.319201290607452 0.338305234909058 0.484765976667404 0.606526076793671
0.09564508497715 0.161407664418221 0.19814121723175 0.186378762125969 0.176621213555336 0.123717248439789 0.0741915851831436 0.0652642026543617 0.0750548765063286 0.0798212960362434 0.0628149136900902 0.0731500238180161 0.0724181309342384 0.0704952627420425 0.0740201473236084 0.0729918256402016 0.063343770802021 0.0589612908661366 0.0470711551606655 0.0478570871055126 0.0447369478642941 0.0731460601091385 0.0722449570894241 0.0570962093770504 0.0490064695477486 0.0518992841243744 0.0539032854139805 0.0485150814056396 0.0516263395547867 0.053125124424696 0.0521084032952785 0.0781283676624298 0.0711441338062286 0.0745247006416321 0.0892457440495491 0.0986180230975151 0.119308352470398 0.164435997605324 0.159477189183235 0.189395770430565 0.274368196725845 0.29389476776123 0.282492846250534 0.267705589532852 0.350838750600815 0.540780961513519
0.137245014309883 0.223211780190468 0.185288488864899 0.156350582838058 0.107478752732277 0.146670505404472 0.097476914525032 0.0771104767918587 0.101298682391644 0.102147370576859 0.085491381585598 0.070996955037117 0.0728391483426094 0.0871274769306183 0.0749233216047287 0.0629842504858971 0.0609467513859272 0.0606150515377522 0.0526096597313881 0.0436736866831779 0.0560757331550121 0.074039414525032 0.0555067136883736 0.0447482205927372 0.0445447899401188 0.0754398107528687 0.0618811547756195 0.0560079887509346 0.0528857186436653 0.0497025437653065 0.066691629588604 0.101503573358059 0.0770289674401283 0.0864647924900055 0.10325675457716 0.120233669877052 0.171754658222198 0.24596406519413 0.253458291292191 0.262073993682861 0.23690339922905 0.286716789007187 0.395718842744827 0.41827666759491 0.527965307235718 0.577832162380219
0.177063122391701 0.185931846499443 0.141333237290382 0.106417745351791 0.147836789488792 0.183630660176277 0.0994488298892975 0.0888039097189903 0.0832190439105034 0.114209048449993 0.148297563195229 0.080377921462059 0.0741449594497681 0.0778370574116707 0.0900920927524567 0.0770747289061546 0.0554430820047855 0.0695806220173836 0.0559959374368191 0.0465013310313225 0.0526868179440498 0.0720249786973 0.0514576658606529 0.0456397347152233 0.0557980351150036 0.0637048631906509 0.0560358911752701 0.0502053238451481 0.0453866980969906 0.0573677867650986 0.105355888605118 0.106420703232288 0.100565306842327 0.104688040912151 0.115755021572113 0.155006885528564 0.205437809228897 0.277110427618027 0.316307961940765 0.362305790185928 0.395622283220291 0.397191405296326 0.443646788597107 0.411356180906296 0.424632400274277 0.470197141170502
0.173712179064751 0.127394944429398 0.105579197406769 0.121172189712524 0.327502310276031 0.198250502347946 0.113542646169662 0.127318114042282 0.125316545367241 0.111971817910671 0.110795378684998 0.0901908278465271 0.087134413421154 0.0883571058511734 0.0925183296203613 0.0883925333619118 0.059435248374939 0.0607690401375294 0.0745591819286346 0.0532048046588898 0.0542552284896374 0.0560987181961536 0.055568054318428 0.0761896073818207 0.0502682588994503 0.0740591883659363 0.0655462294816971 0.0478828884661198 0.050483800470829 0.0835182890295982 0.14097036421299 0.088131956756115 0.0849286913871765 0.0926397070288658 0.113032542169094 0.132717445492744 0.183827459812164 0.214753836393356 0.253655314445496 0.288798063993454 0.418060719966888 0.48567146062851 0.533185720443726 0.517518103122711 0.505873918533325 0.486371874809265
0.144061774015427 0.123548544943333 0.113656468689442 0.245964974164963 0.421608716249466 0.183487519621849 0.113848693668842 0.132926419377327 0.19093544781208 0.133628070354462 0.101789645850658 0.0917769148945808 0.100473001599312 0.101774759590626 0.0964831039309502 0.0825672745704651 0.0689985752105713 0.0562766008079052 0.0585389249026775 0.0715137049555779 0.0534923039376736 0.0722490251064301 0.0779112204909325 0.0517362393438816 0.0696953684091568 0.0963460430502892 0.0887366458773613 0.0547740794718266 0.118681713938713 0.125917822122574 0.160207748413086 0.0943910703063011 0.0974461734294891 0.116352550685406 0.105160742998123 0.109522365033627 0.135641038417816 0.182619705796242 0.209532544016838 0.193101897835732 0.208068549633026 0.289099782705307 0.304944038391113 0.363082677125931 0.328587055206299 0.394776284694672
0.140524789690971 0.169628620147705 0.160739123821259 0.338061332702637 0.325956016778946 0.152576953172684 0.13025851547718 0.127539917826653 0.208843931555748 0.172384694218636 0.120481371879578 0.101829797029495 0.126992091536522 0.0999648496508598 0.0920315906405449 0.0773098170757294 0.0691438913345337 0.0569348484277725 0.0577122680842876 0.066095307469368 0.0984051078557968 0.128431245684624 0.0750671774148941 0.0913868844509125 0.121904581785202 0.148692041635513 0.0975770205259323 0.0891047790646553 0.121126726269722 0.143261969089508 0.123947896063328 0.0992564633488655 0.0918189957737923 0.100565306842327 0.114069864153862 0.135204493999481 0.148528188467026 0.147226467728615 0.118409402668476 0.209073573350906 0.322438508272171 0.451927363872528 0.476280033588409 0.355465739965439 0.377572596073151 0.503596305847168
0.149044290184975 0.255832314491272 0.33202999830246 0.360220611095428 0.157188430428505 0.129679515957832 0.181947141885757 0.220039784908295 0.156340599060059 0.168143406510353 0.149838373064995 0.10807228833437 0.110173486173153 0.110984519124031 0.0924751833081245 0.090585321187973 0.0702188536524773 0.0675204545259476 0.0577194429934025 0.107904627919197 0.163307532668114 0.153894975781441 0.11850892752409 0.102394290268421 0.137821942567825 0.118382312357426 0.106237359344959 0.0878564864397049 0.0949808284640312 0.116524063050747 0.0857763364911079 0.0763721317052841 0.0705336406826973 0.0688845738768578 0.0901322364807129 0.0905241370201111 0.0880471915006638 0.101407371461391 0.163783699274063 0.34843048453331 0.389677733182907 0.421697050333023 0.389131724834442 0.36018493771553 0.523085653781891 0.516001224517822
0.253038048744202 0.645715832710266 0.474782377481461 0.329013377428055 0.144672468304634 0.131512120366096 0.221069023013115 0.185880452394485 0.165334120392799 0.17547744512558 0.157063573598862 0.123137049376965 0.122315503656864 0.169498160481453 0.0897233635187149 0.0649860724806786 0.0684362426400185 0.0745864883065224 0.0837568566203117 0.21837505698204 0.19827888906002 0.126856252551079 0.155597701668739 0.126510754227638 0.121043331921101 0.0796138420701027 0.0891103446483612 0.0831309035420418 0.0753873065114021 0.0676709488034248 0.0819305628538132 0.05985227227211 0.0834173783659935 0.09142205119133 0.0861095637083054 0.0818313956260681 0.128016278147697 0.156010583043098 0.296436071395874 0.377873569726944 0.347643554210663 0.322359174489975 0.318771630525589 0.488236904144287 0.533941566944122 0.526872575283051
0.600720167160034 0.699292242527008 0.473965704441071 0.22252057492733 0.1839829236269 0.147990241646767 0.130524918437004 0.145513385534286 0.160576969385147 0.150525838136673 0.167381197214127 0.106948755681515 0.120107181370258 0.0932577326893806 0.0741166993975639 0.0694639310240746 0.0839101672172546 0.130366832017899 0.140262812376022 0.226387903094292 0.22026215493679 0.124747194349766 0.11435803771019 0.0953907147049904 0.0798008367419243 0.0683592185378075 0.0557841397821903 0.0537007749080658 0.0552562773227692 0.0760919973254204 0.0562887080013752 0.0725926160812378 0.0667080506682396 0.0889656916260719 0.0781663805246353 0.120272070169449 0.155418232083321 0.158552452921867 0.188960611820221 0.232016757130623 0.203152433037758 0.30772140622139 0.467009097337723 0.482805639505386 0.494281738996506 0.531673550605774
0.73564213514328 0.679221153259277 0.391372412443161 0.15653458237648 0.16157254576683 0.142995715141296 0.101243764162064 0.224696189165115 0.132071524858475 0.274508625268936 0.156757608056068 0.194471701979637 0.10471760481596 0.0870645269751549 0.0894950479269028 0.0919865816831589 0.121385127305984 0.187923476099968 0.229933351278305 0.231180369853973 0.178713843226433 0.128986075520515 0.0845193415880203 0.0730303600430489 0.131711065769196 0.060782864689827 0.0488336607813835 0.0674452856183052 0.0706721320748329 0.0898928344249725 0.059881966561079 0.059881966561079 0.062763549387455 0.101577393710613 0.0792806297540665 0.0988057926297188 0.110908389091492 0.135063707828522 0.202061712741852 0.234765574336052 0.347348481416702 0.44102931022644 0.528964936733246 0.567022621631622 0.517813324928284 0.543258607387543
0.662342727184296 0.618853867053986 0.214972838759422 0.163082897663116 0.125231474637985 0.132977291941643 0.21467125415802 0.213920384645462 0.16845840215683 0.320733577013016 0.33584913611412 0.165381237864494 0.116949453949928 0.114992141723633 0.198292523622513 0.185328409075737 0.191176190972328 0.241914078593254 0.234591126441956 0.229564920067787 0.125516727566719 0.107888117432594 0.0652627497911453 0.156775891780853 0.0744050815701485 0.0634444802999496 0.0674452856183052 0.0961649641394615 0.0862861946225166 0.110019765794277 0.0579433776438236 0.0686973482370377 0.103035189211369 0.116389811038971 0.0927284508943558 0.0983819141983986 0.153774604201317 0.224438861012459 0.288465857505798 0.33703675866127 0.383211374282837 0.429227322340012 0.42061185836792 0.39849990606308 0.488236904144287 0.558286488056183
0.41130331158638 0.326433569192886 0.147749811410904 0.18103164434433 0.119519449770451 0.144364267587662 0.309645682573318 0.169146105647087 0.163438081741333 0.159758135676384 0.175639554858208 0.243413001298904 0.300502091646194 0.28404489159584 0.319015145301819 0.225689470767975 0.23824106156826 0.250318437814713 0.12202525138855 0.147313058376312 0.179888784885406 0.101196199655533 0.0923062041401863 0.190667286515236 0.134970143437386 0.170695081353188 0.142793670296669 0.100543104112148 0.141071051359177 0.121025077998638 0.071670301258564 0.111890032887459 0.129469305276871 0.113119371235371 0.102724745869637 0.127013728022575 0.163727104663849 0.19363459944725 0.228756710886955 0.266160249710083 0.328193664550781 0.32062354683876 0.231181845068932 0.42229300737381 0.347571343183517 0.389968991279602
0.253048032522202 0.153951719403267 0.151626899838448 0.171446904540062 0.141377687454224 0.165253832936287 0.332470417022705 0.31462037563324 0.154415547847748 0.137245252728462 0.313330501317978 0.42827096581459 0.230117723345757 0.31183847784996 0.236246585845947 0.192427203059196 0.139167681336403 0.106261804699898 0.111833818256855 0.0822117552161217 0.131373912096024 0.0854573920369148 0.132058784365654 0.236184671521187 0.192535668611526 0.16465225815773 0.131939515471458 0.0952112153172493 0.141808658838272 0.0922119691967964 0.116699241101742 0.123070798814297 0.123028092086315 0.108578585088253 0.113826505839825 0.136459797620773 0.146576955914497 0.174728140234947 0.180122703313828 0.198461651802063 0.212889060378075 0.209649443626404 0.218111276626587 0.448590010404587 0.345264464616776 0.594881355762482
