output/projections/05_YDS/Scinax nebulosus.asc
NCOLS 168 
NROWS 144 
XLLCORNER -41.0000000002598 
YLLCORNER -7.99999999976785 
CELLSIZE 0.0416666666664048 
NODATA_value -3.4e+38 
[rows 120 to 139 of 144, columns 92 to 137 of 168]
0.208985209465027 0.185707807540894 0.197726666927338 0.143260568380356 0.120149835944176 0.144747480750084 0.17952960729599 0.134453445672989 0.1534204185009 0.173513144254684 0.187354162335396 0.115727014839649 0.082237645983696 0.0808017551898956 0.0999477729201317 0.102417953312397 0.10390330851078 0.0891632959246635 0.102218843996525 0.0799679756164551 0.0705801993608475 0.0655704736709595 0.068722665309906 0.0588242374360561 0.0830624625086784 0.100647643208504 0.0758035629987717 0.0865784138441086 0.0983924269676208 0.219707682728767 0.36229732632637 0.489817827939987 0.531128942966461 0.739745855331421 0.799885511398315 0.811398863792419 0.740353763103485 0.786865890026093 0.728334069252014 0.724831938743591 0.655369579792023 0.592093348503113 0.672754406929016 0.80178564786911 0.878144025802612 0.859434843063354
0.176873564720154 0.30504435300827 0.20598877966404 0.139823347330093 0.138130784034729 0.21586674451828 0.270379632711411 0.257070124149323 0.210784509778023 0.195301845669746 0.148120984435081 0.110769085586071 0.0790974646806717 0.0891772359609604 0.0728737115859985 0.0859535411000252 0.102969773113728 0.0963684543967247 0.0787884667515755 0.0591035187244415 0.057446300983429 0.0742996111512184 0.0631460621953011 0.056634146720171 0.0585461966693401 0.0800467059016228 0.080791138112545 0.0975030139088631 0.19523087143898 0.336445242166519 0.422963291406631 0.448948055505753 0.663086891174316 0.728435099124908 0.793298006057739 0.656611144542694 0.674320995807648 0.594418287277222 0.670978724956512 0.663862824440002 0.675367057323456 0.724533796310425 0.780087888240814 0.814520299434662 0.864260196685791 0.871592819690704
0.218107670545578 0.192642390727997 0.204333245754242 0.183253675699234 0.216381281614304 0.21570511162281 0.156328037381172 0.102993547916412 0.0986977890133858 0.126002818346024 0.12173692882061 0.100041456520557 0.0736277401447296 0.0822311714291573 0.100487776100636 0.107812717556953 0.0954954028129578 0.0886712148785591 0.0754900202155113 0.0585461966693401 0.0711746513843536 0.0825923234224319 0.0622586496174335 0.0736238434910774 0.0665017440915108 0.0838323906064034 0.110132955014706 0.105771221220493 0.264437973499298 0.31282252073288 0.378730237483978 0.519651353359222 0.678590714931488 0.725979030132294 0.668599128723145 0.727812170982361 0.661599814891815 0.651246190071106 0.653764724731445 0.688078463077545 0.740032911300659 0.700394809246063 0.666892170906067 0.695179402828217 0.813949763774872 0.847052812576294
0.160913929343224 0.148405566811562 0.242390617728233 0.114313438534737 0.100605189800262 0.149803906679153 0.180721446871758 0.153161332011223 0.15485742688179 0.125335410237312 0.114903695881367 0.103258579969406 0.0786561444401741 0.0911563262343407 0.0919068306684494 0.0861856937408447 0.083524078130722 0.0758420452475548 0.0712434127926826 0.0591035187244415 0.0737464874982834 0.0890363529324532 0.0838323906064034 0.075710266828537 0.0796768441796303 0.09794682264328 0.131889775395393 0.154053717851639 0.265418171882629 0.320571690797806 0.441139250993729 0.535460889339447 0.649170577526093 0.61218273639679 0.572636723518372 0.645704329013824 0.779866695404053 0.704524159431458 0.646659672260284 0.771801710128784 0.74310040473938 0.614944517612457 0.823569595813751 0.801993787288666 0.752805173397064 0.802509605884552
0.308106362819672 0.423798203468323 0.339269995689392 0.211304485797882 0.262308478355408 0.279618054628372 0.253243833780289 0.195943549275398 0.149274364113808 0.115212932229042 0.107146635651588 0.102793455123901 0.0755019932985306 0.0823819488286972 0.091235488653183 0.0769132822751999 0.0752118602395058 0.0944932997226715 0.0649563744664192 0.0826812610030174 0.0853930935263634 0.0846087858080864 0.0796768441796303 0.0881838947534561 0.105296097695827 0.133046612143517 0.131468653678894 0.145718142390251 0.286955982446671 0.356635898351669 0.467854619026184 0.551457047462463 0.589576184749603 0.646798968315125 0.746703267097473 0.766907870769501 0.795436501502991 0.67917811870575 0.647485196590424 0.711529076099396 0.59338766336441 0.668251693248749 0.840599715709686 0.785217642784119 0.82785552740097 0.864276647567749
0.352996587753296 0.511087775230408 0.306094199419022 0.249634265899658 0.23739093542099 0.231967121362686 0.175689250230789 0.125563830137253 0.127791106700897 0.109688103199005 0.109781414270401 0.0904113426804543 0.0784363225102425 0.0733500644564629 0.0889239013195038 0.0813903659582138 0.0706484988331795 0.094063512980938 0.0767737179994583 0.0902666673064232 0.0811657160520554 0.0819196328520775 0.0804181396961212 0.100192956626415 0.122939400374889 0.111489459872246 0.135386079549789 0.183272808790207 0.284399926662445 0.34917801618576 0.448997676372528 0.55483877658844 0.601358294487 0.611307680606842 0.750157356262207 0.706053972244263 0.734267592430115 0.566985309123993 0.534359693527222 0.629115998744965 0.780888974666595 0.834773540496826 0.813312888145447 0.750182032585144 0.820972681045532 0.798441290855408
0.329969763755798 0.288850843906403 0.206813216209412 0.206145048141479 0.224341973662376 0.168372690677643 0.174086421728134 0.172062069177628 0.141017690300941 0.122920259833336 0.133266419172287 0.106088645756245 0.0696071684360504 0.0725986585021019 0.0980514734983444 0.0894102603197098 0.0782046988606453 0.0916008427739143 0.0815418809652328 0.0804181396961212 0.0793085396289825 0.0715904608368874 0.106600172817707 0.124578773975372 0.122397720813751 0.113499492406845 0.148878961801529 0.195039570331573 0.235310152173042 0.250683128833771 0.338359475135803 0.499817311763763 0.490844219923019 0.625938177108765 0.680880844593048 0.683692157268524 0.67345517873764 0.545869708061218 0.787590026855469 0.866936147212982 0.845289409160614 0.801372766494751 0.787265658378601 0.826649785041809 0.753272116184235 0.720718026161194
0.29259067773819 0.254213124513626 0.247010096907616 0.255152255296707 0.192790985107422 0.218774601817131 0.179363697767258 0.15030212700367 0.126894265413284 0.123689413070679 0.113072000443935 0.108113475143909 0.0832984372973442 0.084613211452961 0.0890857577323914 0.0919865816831589 0.09685068577528 0.0847995951771736 0.075710266828537 0.0890363529324532 0.0892971903085709 0.0753587931394577 0.0796768441796303 0.0956303775310516 0.107080467045307 0.143684461712837 0.128470346331596 0.162593767046928 0.195831000804901 0.249165713787079 0.314790725708008 0.365578323602676 0.448625594377518 0.495261788368225 0.537733733654022 0.660931348800659 0.737582862377167 0.7310870885849 0.782881379127502 0.787434339523315 0.758743286132812 0.772043704986572 0.77416718006134 0.744279205799103 0.642082333564758 0.787760496139526
0.235198631882668 0.296123832464218 0.305449485778809 0.208956837654114 0.235932990908623 0.205804541707039 0.16893245279789 0.145350381731987 0.159932494163513 0.139562830328941 0.123905941843987 0.119911812245846 0.104194439947605 0.0821526497602463 0.0839902237057686 0.117836624383926 0.104695208370686 0.0910176038742065 0.0785766020417213 0.101900704205036 0.0860763192176819 0.0991699621081352 0.09178376942873 0.111489459872246 0.165421202778816 0.153880149126053 0.159871086478233 0.17027373611927 0.198219865560532 0.305666923522949 0.418732434511185 0.499318271875381 0.620517671108246 0.699291825294495 0.712749063968658 0.764182388782501 0.759156107902527 0.723369538784027 0.663183629512787 0.630817055702209 0.639163136482239 0.605028092861176 0.58110123872757 0.584476292133331 0.76225084066391 0.725857853889465
0.226950362324715 0.239565998315811 0.196573302149773 0.284291535615921 0.225385770201683 0.188745349645615 0.187512710690498 0.167947858572006 0.144479334354401 0.123257339000702 0.120131701231003 0.104673206806183 0.105809085071087 0.0959459245204926 0.0720629021525383 0.0871104672551155 0.078396663069725 0.0765916034579277 0.103759691119194 0.107080467045307 0.0922042056918144 0.0951959639787674 0.130590111017227 0.124028958380222 0.12025148421526 0.167448177933693 0.196698233485222 0.21703577041626 0.281664311885834 0.336490035057068 0.393586933612823 0.534020960330963 0.607396125793457 0.615046620368958 0.615792632102966 0.61554628610611 0.597510278224945 0.543021202087402 0.516902565956116 0.473564833402634 0.552668631076813 0.618965446949005 0.675712108612061 0.741809546947479 0.842413544654846 0.832513451576233
0.222565442323685 0.191834166646004 0.15791417658329 0.210121139883995 0.198181614279747 0.175840049982071 0.141522824764252 0.168798387050629 0.121208943426609 0.132237210869789 0.151849180459976 0.128460064530373 0.10514584928751 0.0997267588973045 0.0863954052329063 0.0852854624390602 0.0820393040776253 0.11778849363327 0.113860838115215 0.0960665717720985 0.0943324193358421 0.0965045392513275 0.124030888080597 0.15257403254509 0.160548269748688 0.160548269748688 0.175309434533119 0.212789684534073 0.298676818609238 0.345904558897018 0.396857112646103 0.426843285560608 0.432010263204575 0.36805060505867 0.41223469376564 0.454743683338165 0.485228180885315 0.389637887477875 0.424530535936356 0.445557534694672 0.639482080936432 0.811338126659393 0.843932926654816 0.901048719882965 0.904251039028168 0.896528899669647
0.184752240777016 0.159118071198463 0.151324704289436 0.157637521624565 0.213467732071877 0.236105233430862 0.208111956715584 0.186286270618439 0.157384008169174 0.18040069937706 0.172495156526566 0.122714444994926 0.0879652202129364 0.0888160094618797 0.121842190623283 0.081967405974865 0.105937972664833 0.103103525936604 0.123439215123653 0.130577117204666 0.105645254254341 0.105045303702354 0.150631934404373 0.134642645716667 0.127199441194534 0.132314071059227 0.198808684945107 0.252895921468735 0.207774817943573 0.238262981176376 0.263796597719193 0.291785299777985 0.271427035331726 0.273422300815582 0.326146870851517 0.407847434282303 0.590086877346039 0.438109934329987 0.45677387714386 0.634639918804169 0.890742301940918 0.887582123279572 0.882513165473938 0.837704598903656 0.885831773281097 0.872783243656158
0.230501994490623 0.226767778396606 0.237171486020088 0.245657280087471 0.262645065784454 0.276535123586655 0.191820859909058 0.170620605349541 0.220142334699631 0.20513878762722 0.171280488371849 0.119551941752434 0.117134481668472 0.0892241820693016 0.107293382287025 0.144708603620529 0.140151157975197 0.11361002177 0.160096317529678 0.121592111885548 0.141284361481667 0.110365271568298 0.100406676530838 0.105045303702354 0.127759277820587 0.189362779259682 0.180264696478844 0.191691547632217 0.217665314674377 0.248456671833992 0.278450340032578 0.260617733001709 0.320640325546265 0.391779631376266 0.662310481071472 0.718243420124054 0.548127412796021 0.411064088344574 0.389637887477875 0.753038287162781 0.891625821590424 0.895022332668304 0.900505840778351 0.879698514938354 0.885847270488739 0.885725796222687
0.326507538557053 0.276118785142899 0.257219791412354 0.296088069677353 0.283445090055466 0.232648521661758 0.201693952083588 0.218404337763786 0.192143827676773 0.155779644846916 0.14522111415863 0.148566856980324 0.140227660536766 0.116293653845787 0.15863886475563 0.158565610647202 0.153909921646118 0.141727298498154 0.164759367704391 0.150191947817802 0.119579672813416 0.0955152064561844 0.0999529585242271 0.146808758378029 0.208180218935013 0.175311997532845 0.258078724145889 0.281471103429794 0.197210118174553 0.227474719285965 0.371501535177231 0.467551440000534 0.594507992267609 0.530643463134766 0.670502603054047 0.57012814283371 0.488856136798859 0.477277040481567 0.538754522800446 0.869669020175934 0.885620772838593 0.8274866938591 0.897472321987152 0.902394473552704 0.900233387947083 0.887964308261871
0.319241344928741 0.341186016798019 0.290852278470993 0.315537482500076 0.286309152841568 0.237721398472786 0.18841364979744 0.186734050512314 0.169774860143661 0.18528439104557 0.151458442211151 0.161086246371269 0.191059529781342 0.143534600734711 0.15385702252388 0.165960803627968 0.159505739808083 0.127205789089203 0.156214237213135 0.111357539892197 0.0946490690112114 0.115268990397453 0.133902668952942 0.164727494120598 0.226505279541016 0.208604529500008 0.206947535276413 0.317046672105789 0.251983821392059 0.328254640102386 0.449304848909378 0.494950145483017 0.591484904289246 0.42021906375885 0.590478360652924 0.499181061983109 0.497307956218719 0.488248080015182 0.700404107570648 0.888355135917664 0.899136960506439 0.899686515331268 0.903723835945129 0.901048719882965 0.903987765312195 0.893965601921082
0.357695639133453 0.342572003602982 0.343021720647812 0.299366027116776 0.242694288492203 0.211435109376907 0.176545724272728 0.179197907447815 0.2131327688694 0.191453188657761 0.138959512114525 0.175898939371109 0.13462196290493 0.131142392754555 0.155122652649879 0.140046432614326 0.126436859369278 0.112915560603142 0.102241516113281 0.0977116152644157 0.12873575091362 0.136254817247391 0.179594188928604 0.198882669210434 0.139403611421585 0.181757003068924 0.23561692237854 0.261588782072067 0.279462724924088 0.266479015350342 0.343741565942764 0.416797429323196 0.322837054729462 0.286612153053284 0.383354663848877 0.377423226833344 0.448045670986176 0.658782422542572 0.847493052482605 0.887751281261444 0.893297791481018 0.897192478179932 0.897472321987152 0.896912038326263 0.88927036523819 0.880074799060822
0.378788113594055 0.369825571775436 0.31829246878624 0.299802899360657 0.218937903642654 0.246714502573013 0.182644084095955 0.182346284389496 0.185297340154648 0.169575050473213 0.157725661993027 0.138189375400543 0.134854674339294 0.142245009541512 0.188577309250832 0.163062334060669 0.152162596583366 0.105186812579632 0.118581302464008 0.113414667546749 0.110860429704189 0.168734446167946 0.18362757563591 0.170797228813171 0.144140407443047 0.251036286354065 0.293138116598129 0.285587728023529 0.253885954618454 0.202632308006287 0.250091135501862 0.284558296203613 0.270432829856873 0.321737706661224 0.393239080905914 0.611946403980255 0.775464773178101 0.870448529720306 0.86990761756897 0.88622909784317 0.882586777210236 0.889486372470856 0.853356003761292 0.899412095546722 0.890563070774078 0.896625995635986
0.383673638105392 0.377026677131653 0.360951840877533 0.294745206832886 0.230789259076118 0.299165725708008 0.27025443315506 0.19665102660656 0.208364710211754 0.223537847399712 0.188196867704391 0.19880773127079 0.228389605879784 0.149918362498283 0.14397956430912 0.149848431348801 0.128401875495911 0.107387684285641 0.147091299295425 0.144948795437813 0.138041689991951 0.135874375700951 0.166565075516701 0.1485415995121 0.189158320426941 0.330497175455093 0.320098608732224 0.333383947610855 0.220247566699982 0.272159516811371 0.344963073730469 0.381872892379761 0.500699639320374 0.668698191642761 0.706720352172852 0.765528202056885 0.785826981067657 0.808460891246796 0.872814893722534 0.896912038326263 0.852050065994263 0.899686515331268 0.899686515331268 0.89858478307724 0.897284209728241 0.891933441162109
0.385090708732605 0.496834486722946 0.414335608482361 0.341335207223892 0.248963162302971 0.322240769863129 0.300124824047089 0.255807220935822 0.26316049695015 0.243359327316284 0.174594432115555 0.180854499340057 0.149024724960327 0.169216960668564 0.139931440353394 0.142432168126106 0.0968251898884773 0.123191900551319 0.11433145403862 0.126702457666397 0.145447492599487 0.158348351716995 0.173670053482056 0.196204245090485 0.24261562526226 0.370589882135391 0.358209788799286 0.228125721216202 0.302013337612152 0.311933189630508 0.546550273895264 0.640954256057739 0.686738908290863 0.647722780704498 0.691461443901062 0.607858538627625 0.734076917171478 0.816217005252838 0.896066546440125 0.893375992774963 0.879550695419312 0.895499467849731 0.898861229419708 0.898307681083679 0.896723031997681 0.882093787193298
0.409808665513992 0.520238876342773 0.442933619022369 0.397325307130814 0.390591710805893 0.346327751874924 0.331667482852936 0.317759096622467 0.26887035369873 0.226088613271713 0.208116739988327 0.176562413573265 0.165984556078911 0.153807923197746 0.163413926959038 0.162794053554535 0.124066285789013 0.147029563784599 0.163106083869934 0.195407167077065 0.156993851065636 0.20886717736721 0.196008801460266 0.222471579909325 0.325847774744034 0.297006964683533 0.348316848278046 0.359853774309158 0.458274334669113 0.442694008350372 0.506137311458588 0.531263113021851 0.599449634552002 0.636749982833862 0.659198224544525 0.680828809738159 0.782654464244843 0.817012965679169 0.871545255184174 0.855665564537048 0.81910914182663 0.855290114879608 0.87003368139267 0.884235322475433 0.877539336681366 0.83587235212326
