output/projections/05_YDS/Scinax nebulosus.asc
NCOLS 168 
NROWS 144 
XLLCORNER -41.0000000002598 
YLLCORNER -7.99999999976785 
CELLSIZE 0.0416666666664048 
NODATA_value -3.4e+38 
[rows 80 to 99 of 144, columns 46 to 91 of 168]
0.536169469356537 0.590377390384674 0.449150234460831 0.500912487506866 0.576859831809998 0.465149760246277 0.586909234523773 0.501866042613983 0.575820624828339 0.57138466835022 0.549496412277222 0.555975258350372 0.582397758960724 0.545195400714874 0.543443858623505 0.466240078210831 0.516862571239471 0.658267676830292 0.425610423088074 0.323664873838425 0.406204700469971 0.451337099075317 0.371399223804474 0.27273827791214 0.14726547896862 0.256962329149246 0.321297287940979 0.241311475634575 0.30397617816925 0.263943403959274 0.283571153879166 0.250059455633163 0.191700965166092 0.239267989993095 0.192405819892883 0.178082421422005 0.172983974218369 0.153831079602242 0.0992422848939896 0.109226152300835 0.113156571984291 0.116329722106457 0.0695266500115395 0.0631926208734512 0.0726966857910156 0.0653375685214996
0.52638053894043 0.595237195491791 0.537162184715271 0.493168711662292 0.617601573467255 0.617601573467255 0.524821579456329 0.495879322290421 0.609906911849976 0.602157115936279 0.592220902442932 0.573061764240265 0.601615607738495 0.581847965717316 0.444314420223236 0.549251973628998 0.656320095062256 0.446034133434296 0.326812744140625 0.271391332149506 0.256463706493378 0.366530448198318 0.362154960632324 0.263492852449417 0.223042368888855 0.169161051511765 0.319766342639923 0.289276838302612 0.300371587276459 0.292074054479599 0.292450398206711 0.184092134237289 0.170511350035667 0.145301327109337 0.193337842822075 0.200028494000435 0.196154549717903 0.140811651945114 0.0781628787517548 0.125282317399979 0.117602854967117 0.115016311407089 0.0785098001360893 0.0593698397278786 0.0639991760253906 0.0692697986960411
0.542229235172272 0.613598167896271 0.53340607881546 0.475809544324875 0.664207637310028 0.615221321582794 0.53385853767395 0.567492008209229 0.631719768047333 0.565956771373749 0.610813975334167 0.593623340129852 0.552179336547852 0.540198922157288 0.567141175270081 0.620475769042969 0.50972855091095 0.389037251472473 0.382826536893845 0.285564780235291 0.239382088184357 0.328407317399979 0.491219043731689 0.250134438276291 0.208723917603493 0.178748816251755 0.283201366662979 0.249718129634857 0.232217133045197 0.280146449804306 0.281530499458313 0.237440496683121 0.185766577720642 0.158913895487785 0.163406848907471 0.167444363236427 0.123555190861225 0.0906781777739525 0.079768531024456 0.124262392520905 0.114013470709324 0.123171076178551 0.0863685384392738 0.0627320483326912 0.0674789920449257 0.0743882656097412
0.604777455329895 0.672288417816162 0.489134818315506 0.569580078125 0.642535030841827 0.591845512390137 0.592096924781799 0.609679579734802 0.638496875762939 0.54125589132309 0.489218592643738 0.57108610868454 0.610998749732971 0.657005369663239 0.572267055511475 0.452963322401047 0.434074878692627 0.468104213476181 0.479657173156738 0.261073619127274 0.267089128494263 0.278055250644684 0.478387832641602 0.283863961696625 0.251308739185333 0.18127204477787 0.287110567092896 0.28035643696785 0.228830829262733 0.23802262544632 0.255815356969833 0.215316206216812 0.188990637660027 0.17072419822216 0.188990861177444 0.188990861177444 0.144913643598557 0.0924762561917305 0.109804980456829 0.115778841078281 0.125943958759308 0.134149223566055 0.0833367183804512 0.0670867115259171 0.073822408914566 0.0871743410825729
0.676538586616516 0.648572206497192 0.603759706020355 0.605211913585663 0.620691418647766 0.577854931354523 0.56100469827652 0.581237316131592 0.604337811470032 0.623381733894348 0.494400233030319 0.484837144613266 0.52290552854538 0.615196108818054 0.428625524044037 0.371162354946136 0.429101824760437 0.587389051914215 0.490733057260513 0.302347779273987 0.244796141982079 0.256944745779037 0.389624357223511 0.374512434005737 0.35162028670311 0.163260936737061 0.332447946071625 0.308591693639755 0.254479438066483 0.23821172118187 0.232047379016876 0.242075636982918 0.254101455211639 0.226942405104637 0.214437514543533 0.14566795527935 0.102668792009354 0.105886735022068 0.11660760641098 0.11131577193737 0.136648610234261 0.145187497138977 0.102018386125565 0.0663947835564613 0.0829273089766502 0.106789529323578
0.677372694015503 0.613598167896271 0.569770574569702 0.606599390506744 0.587161600589752 0.564229190349579 0.578298389911652 0.535259902477264 0.533704280853271 0.605435192584991 0.578380167484283 0.49988779425621 0.440737158060074 0.406518310308456 0.517836391925812 0.329466491937637 0.473273694515228 0.593725860118866 0.438179165124893 0.272755026817322 0.250047326087952 0.2590711414814 0.29044908285141 0.392732948064804 0.405579596757889 0.240232720971107 0.262631088495255 0.232093900442123 0.286507457494736 0.222587913274765 0.258318185806274 0.257702946662903 0.214979380369186 0.194776698946953 0.118334136903286 0.139172092080116 0.0888800770044327 0.104622982442379 0.120203904807568 0.129698142409325 0.162229791283607 0.194810196757317 0.121475905179977 0.06906858086586 0.0915011838078499 0.134140595793724
0.680229663848877 0.629416227340698 0.569961071014404 0.571449279785156 0.607033133506775 0.587602257728577 0.580454528331757 0.551706910133362 0.526375353336334 0.554387271404266 0.527066707611084 0.449704498052597 0.512251138687134 0.475500345230103 0.434117913246155 0.401538819074631 0.488111466169357 0.508911788463593 0.453593671321869 0.244570851325989 0.261008143424988 0.308412253856659 0.256405621767044 0.410753071308136 0.437449872493744 0.490751564502716 0.282144963741302 0.21120585501194 0.299430310726166 0.228744238615036 0.308980613946915 0.288005590438843 0.223399057984352 0.123730599880219 0.0967447906732559 0.14534492790699 0.100729741156101 0.112740397453308 0.155664905905724 0.203023508191109 0.218270033597946 0.181853592395782 0.114972941577435 0.0746990367770195 0.0721259936690331 0.112897545099258
0.681756734848022 0.629234910011292 0.630831897258759 0.633595287799835 0.580751359462738 0.508372604846954 0.569129168987274 0.557430386543274 0.58408397436142 0.560851991176605 0.526071429252625 0.424175977706909 0.453767240047455 0.510618507862091 0.342788457870483 0.625398933887482 0.526182413101196 0.458697259426117 0.577596724033356 0.280044913291931 0.232747778296471 0.251963198184967 0.221978306770325 0.420364260673523 0.598795175552368 0.527741968631744 0.35515084862709 0.290192931890488 0.254462480545044 0.227363035082817 0.263706743717194 0.230888083577156 0.141432106494904 0.111208960413933 0.117789305746555 0.130335241556168 0.11859755218029 0.105218201875687 0.159244611859322 0.154584050178528 0.160059735178947 0.139051675796509 0.140386760234833 0.122368134558201 0.0710415691137314 0.0850233510136604
0.631538927555084 0.579082250595093 0.563482284545898 0.527784466743469 0.542570829391479 0.50258082151413 0.633090436458588 0.648112416267395 0.567105352878571 0.62358433008194 0.513314485549927 0.463958233594894 0.415658205747604 0.51463770866394 0.318972945213318 0.796315610408783 0.616402983665466 0.498307675123215 0.674821674823761 0.255175441503525 0.273308634757996 0.411963224411011 0.289914488792419 0.436685025691986 0.534954369068146 0.282938003540039 0.516635596752167 0.463926285505295 0.320855021476746 0.322685420513153 0.274613678455353 0.205820053815842 0.151017412543297 0.136286079883575 0.111553154885769 0.151189804077148 0.129560455679893 0.111763551831245 0.145489811897278 0.156751736998558 0.263166218996048 0.17439803481102 0.175563082098961 0.144725382328033 0.0799031481146812 0.0914438366889954
0.63737541437149 0.606059908866882 0.50060772895813 0.589599609375 0.613266885280609 0.629860162734985 0.63683158159256 0.640035808086395 0.602799236774445 0.511796891689301 0.512555718421936 0.510300517082214 0.418844372034073 0.397487759590149 0.414770901203156 0.861381053924561 0.583497405052185 0.745871484279633 0.519130051136017 0.304390102624893 0.258522719144821 0.349087178707123 0.249729827046394 0.323290348052979 0.35182973742485 0.516659736633301 0.49738809466362 0.489227592945099 0.448999494314194 0.406269907951355 0.290269911289215 0.181537806987762 0.164013236761093 0.157619431614876 0.127235934138298 0.117802292108536 0.115744091570377 0.141818359494209 0.236999675631523 0.274734139442444 0.282389223575592 0.232911333441734 0.204220309853554 0.127567991614342 0.0904248729348183 0.151647850871086
0.548359572887421 0.559125065803528 0.603239417076111 0.667527556419373 0.631739675998688 0.577324509620667 0.661100029945374 0.581150650978088 0.541921496391296 0.489085167646408 0.477319598197937 0.559206128120422 0.439077973365784 0.35156175494194 0.650544881820679 0.849802851676941 0.540523767471313 0.638149499893188 0.521028816699982 0.325085639953613 0.286458879709244 0.379398226737976 0.30608594417572 0.299006581306458 0.378019273281097 0.470120042562485 0.43967217206955 0.327676445245743 0.394521445035934 0.445229917764664 0.220850214362144 0.202371746301651 0.22401787340641 0.162555694580078 0.17501874268055 0.119089223444462 0.162042066454887 0.201541051268578 0.309108942747116 0.317735373973846 0.252571821212769 0.204050973057747 0.19237257540226 0.149428158998489 0.108733639121056 0.216985523700714
0.605874359607697 0.604257643222809 0.674253582954407 0.702079236507416 0.60338282585144 0.547776937484741 0.602135002613068 0.622646749019623 0.547430872917175 0.594039618968964 0.497957617044449 0.499281853437424 0.47989746928215 0.377464860677719 0.699968636035919 0.864139080047607 0.637979090213776 0.714601576328278 0.44198676943779 0.507265150547028 0.326687514781952 0.347215265035629 0.288724184036255 0.425382047891617 0.440207868814468 0.528296947479248 0.401027947664261 0.440042912960052 0.337926238775253 0.289639681577682 0.240122720599174 0.315060496330261 0.245023027062416 0.191317692399025 0.243055135011673 0.136464849114418 0.190398946404457 0.281212955713272 0.257004380226135 0.271700739860535 0.259714871644974 0.25836592912674 0.24282194674015 0.143388137221336 0.141322478652 0.202309519052505
0.625013887882233 0.724137365818024 0.687767863273621 0.613513767719269 0.625336408615112 0.528756380081177 0.668122291564941 0.61724978685379 0.592155635356903 0.653357446193695 0.586736619472504 0.504575252532959 0.488458096981049 0.40657714009285 0.758106648921967 0.914571821689606 0.905974924564362 0.620620131492615 0.402138322591782 0.563907563686371 0.385073125362396 0.384170323610306 0.395959615707397 0.551695287227631 0.530314087867737 0.486479818820953 0.402925372123718 0.303725093603134 0.259367048740387 0.249280616641045 0.272311806678772 0.382715731859207 0.271469533443451 0.198056951165199 0.268972337245941 0.200022056698799 0.278326988220215 0.263991802930832 0.2795490026474 0.258365660905838 0.272904366254807 0.201777115464211 0.16039913892746 0.132167339324951 0.199426576495171 0.146312668919563
0.68526691198349 0.757574439048767 0.66012978553772 0.700825154781342 0.601948857307434 0.558801829814911 0.685094833374023 0.657044053077698 0.598469316959381 0.712680697441101 0.607111573219299 0.500495672225952 0.476887434720993 0.442904829978943 0.841643571853638 0.904089570045471 0.914846062660217 0.585876226425171 0.504121541976929 0.582207918167114 0.366996556520462 0.602354824542999 0.577149927616119 0.658996343612671 0.571468830108643 0.476687133312225 0.316046953201294 0.320245772600174 0.333090633153915 0.342369139194489 0.325660824775696 0.444625794887543 0.328105270862579 0.209281995892525 0.367947608232498 0.299845546483994 0.319882839918137 0.254098117351532 0.242997094988823 0.227422520518303 0.190532431006432 0.146182522177696 0.135010406374931 0.291643232107162 0.179185539484024 0.113063707947731
0.727834641933441 0.703041732311249 0.742998600006104 0.69124174118042 0.610670030117035 0.625885784626007 0.664107620716095 0.67209804058075 0.673925340175629 0.677450239658356 0.574312150478363 0.557537794113159 0.582082271575928 0.525881230831146 0.78565639257431 0.919777870178223 0.775191366672516 0.592514514923096 0.605625033378601 0.494294166564941 0.369137227535248 0.604342043399811 0.801279485225677 0.561830997467041 0.420932441949844 0.353424847126007 0.439266562461853 0.393922001123428 0.391025334596634 0.461849480867386 0.432699590921402 0.403436273336411 0.251861393451691 0.20839823782444 0.336352705955505 0.381986439228058 0.303465306758881 0.254905372858047 0.23516783118248 0.224992617964745 0.187315031886101 0.135833263397217 0.306043267250061 0.289103448390961 0.124984107911587 0.106221236288548
0.752825796604156 0.736198306083679 0.775520741939545 0.654991209506989 0.714338421821594 0.610442936420441 0.72404146194458 0.754195153713226 0.729649066925049 0.616510212421417 0.57437664270401 0.569001734256744 0.771017372608185 0.51652067899704 0.92524653673172 0.879350125789642 0.88806027173996 0.768760979175568 0.586424469947815 0.45643937587738 0.66921591758728 0.565318286418915 0.478672415018082 0.538583040237427 0.37100538611412 0.572168409824371 0.85310310125351 0.479989349842072 0.505651533603668 0.596001505851746 0.391859143972397 0.326825320720673 0.253993600606918 0.29202938079834 0.339343100786209 0.36666339635849 0.281423151493073 0.304788202047348 0.257236957550049 0.300996243953705 0.238288745284081 0.150813385844231 0.226876050233841 0.127231732010841 0.127860575914383 0.140454187989235
0.751686215400696 0.834367513656616 0.799623429775238 0.63311368227005 0.804691016674042 0.648767411708832 0.731929421424866 0.761274099349976 0.722170531749725 0.589994847774506 0.537633895874023 0.63143789768219 0.609618723392487 0.642937898635864 0.955824732780457 0.958333551883698 0.865877985954285 0.695368945598602 0.626489102840424 0.548962473869324 0.716003239154816 0.433497756719589 0.366726487874985 0.689990341663361 0.685630917549133 0.824182748794556 0.897357285022736 0.595317304134369 0.755088925361633 0.654324889183044 0.387318909168243 0.307416915893555 0.202968239784241 0.344962686300278 0.364913582801819 0.405669897794724 0.348211050033569 0.367188364267349 0.305653005838394 0.252097874879837 0.189824864268303 0.157811567187309 0.128597050905228 0.159087896347046 0.289976507425308 0.363525807857513
0.679324984550476 0.722979426383972 0.799883306026459 0.681719839572906 0.836838006973267 0.751030325889587 0.758477628231049 0.72282612323761 0.643386840820312 0.53175938129425 0.523845613002777 0.68441104888916 0.517525613307953 0.83769029378891 0.955824732780457 0.936800718307495 0.950368762016296 0.912392020225525 0.80449378490448 0.656050086021423 0.525240242481232 0.408920109272003 0.393537431955338 0.424065142869949 0.4967942237854 0.745162546634674 0.817881464958191 0.873602628707886 0.880818247795105 0.542801976203918 0.517412185668945 0.344001591205597 0.326273292303085 0.37518385052681 0.415863037109375 0.442032545804977 0.426696211099625 0.319562971591949 0.26527613401413 0.33625727891922 0.211320519447327 0.209835380315781 0.193659380078316 0.20461893081665 0.30956107378006 0.514650225639343
0.623977422714233 0.605918765068054 0.819287419319153 0.698567688465118 0.861043035984039 0.817220389842987 0.796576678752899 0.748663187026978 0.581509947776794 0.557367205619812 0.552246510982513 0.704319000244141 0.584747076034546 0.90666401386261 0.856016337871552 0.957122981548309 0.914935648441315 0.916375339031219 0.73987752199173 0.70436680316925 0.58707195520401 0.464187681674957 0.49773371219635 0.456838995218277 0.380209237337112 0.393756836652756 0.618025541305542 0.835820257663727 0.902849137783051 0.795253098011017 0.540861070156097 0.431002676486969 0.387796103954315 0.281179457902908 0.389568209648132 0.556683123111725 0.436639100313187 0.388797909021378 0.336470484733582 0.355156630277634 0.299574553966522 0.290353298187256 0.234904319047928 0.216766372323036 0.260067909955978 0.388506978750229
0.55978935956955 0.585544943809509 0.851970374584198 0.67446506023407 0.872327387332916 0.834280431270599 0.818012058734894 0.77231639623642 0.533078134059906 0.613926291465759 0.613021850585938 0.531095325946808 0.77847683429718 0.911815941333771 0.907350957393646 0.946640491485596 0.898315250873566 0.896822571754456 0.705778241157532 0.798301756381989 0.665472388267517 0.525609970092773 0.512592017650604 0.454715132713318 0.430798172950745 0.587660729885101 0.744711220264435 0.823854088783264 0.834488391876221 0.552343308925629 0.351660639047623 0.426293551921844 0.408883661031723 0.353862881660461 0.674117028713226 0.561115145683289 0.541552603244781 0.390353113412857 0.322627693414688 0.315838575363159 0.298264294862747 0.268809258937836 0.267617046833038 0.268844246864319 0.340297907590866 0.366766005754471
