output/projections/05_YDS/Sclerurus cearensis.asc
NCOLS 168 
NROWS 144 
XLLCORNER -41.0000000002598 
YLLCORNER -7.99999999976785 
CELLSIZE 0.0416666666664048 
NODATA_value -3.4e+38 
[rows 120 to 139 of 144, columns 0 to 45 of 168]
0.753463506698608 0.766639053821564 0.760682463645935 0.84692394733429 0.833781242370605 0.818411409854889 0.838085770606995 0.842265188694 0.861816883087158 0.912716269493103 0.916072368621826 0.899604022502899 0.899614453315735 0.940103352069855 0.928716242313385 0.926540076732635 0.953165709972382 0.957188725471497 0.958196699619293 0.952866435050964 0.938439190387726 0.899217307567596 0.936030328273773 0.940785944461823 0.928354382514954 0.937711358070374 0.934852480888367 0.955599308013916 0.971247732639313 0.978808343410492 0.982727646827698 0.976636111736298 0.957858562469482 0.924630999565125 0.899581372737885 0.923034846782684 0.947772800922394 0.970617651939392 0.973577737808228 0.979762971401215 0.984261274337769 0.982273995876312 0.973972260951996 0.979006290435791 0.959092497825623 0.93460488319397
0.882854521274567 0.857983529567719 0.869751870632172 0.811319351196289 0.853378593921661 0.838247001171112 0.872698485851288 0.884849190711975 0.880220293998718 0.879205822944641 0.873867034912109 0.90065735578537 0.932159543037415 0.942998290061951 0.933972537517548 0.941189587116241 0.958001375198364 0.963315784931183 0.952525734901428 0.93993467092514 0.934437155723572 0.940335333347321 0.948940515518188 0.944853186607361 0.956813633441925 0.959188997745514 0.946754693984985 0.950444400310516 0.965829789638519 0.97819322347641 0.979362428188324 0.971802830696106 0.964239835739136 0.946669816970825 0.930861055850983 0.947652101516724 0.949626088142395 0.96178126335144 0.962823987007141 0.969188094139099 0.96310019493103 0.960365235805511 0.935463607311249 0.957786321640015 0.966799259185791 0.96166604757309
0.902608335018158 0.904185235500336 0.865214943885803 0.851012051105499 0.849586188793182 0.870649218559265 0.860858380794525 0.892204165458679 0.887512743473053 0.909088492393494 0.913970232009888 0.931656301021576 0.950853109359741 0.950877249240875 0.962366878986359 0.944512009620667 0.956788420677185 0.96689772605896 0.966197192668915 0.951739549636841 0.967487692832947 0.955211520195007 0.958682835102081 0.952993154525757 0.972134470939636 0.969790816307068 0.966997146606445 0.966855585575104 0.959583818912506 0.950438380241394 0.957069039344788 0.94293475151062 0.952205538749695 0.964117288589478 0.96095210313797 0.962484896183014 0.959303200244904 0.943001091480255 0.93896347284317 0.946976125240326 0.941753327846527 0.951621294021606 0.934911131858826 0.925374686717987 0.925907075405121 0.958893597126007
0.910648941993713 0.882918059825897 0.894959449768066 0.885632157325745 0.85885101556778 0.897606074810028 0.916807115077972 0.919058740139008 0.933044672012329 0.956636667251587 0.950589001178741 0.950108885765076 0.964282095432281 0.954187750816345 0.964998960494995 0.959263682365417 0.958906352519989 0.967312455177307 0.968560934066772 0.966494381427765 0.969374239444733 0.961831748485565 0.971277236938477 0.958991885185242 0.972860872745514 0.969270348548889 0.974083185195923 0.975797712802887 0.980176687240601 0.956657290458679 0.96434473991394 0.979356586933136 0.981720328330994 0.984884262084961 0.985058009624481 0.981627881526947 0.97377210855484 0.982002913951874 0.965028762817383 0.946562349796295 0.94520777463913 0.928758978843689 0.945070087909698 0.95906674861908 0.935432076454163 0.917778015136719
0.874586522579193 0.876984477043152 0.853885650634766 0.898630261421204 0.893678784370422 0.896501898765564 0.9545738697052 0.958898544311523 0.95404314994812 0.955881178379059 0.963420569896698 0.958253145217896 0.965459108352661 0.967187702655792 0.963660597801208 0.968065977096558 0.96856689453125 0.96822863817215 0.970589876174927 0.96842086315155 0.969874739646912 0.964601159095764 0.971806943416595 0.958487689495087 0.965199172496796 0.97122710943222 0.977807462215424 0.982347786426544 0.984497845172882 0.97405594587326 0.954403162002563 0.967628002166748 0.978633642196655 0.982547461986542 0.985000967979431 0.985010087490082 0.985028028488159 0.984690189361572 0.956103146076202 0.964758813381195 0.950927495956421 0.928056061267853 0.926601052284241 0.9505774974823 0.951388895511627 0.919369161128998
0.834438741207123 0.82256805896759 0.837690591812134 0.879973232746124 0.880119979381561 0.894522905349731 0.925151467323303 0.95879328250885 0.951734662055969 0.958771944046021 0.966329753398895 0.972153663635254 0.971468269824982 0.967214703559875 0.966430008411407 0.969813585281372 0.975070536136627 0.972362875938416 0.975420415401459 0.971933960914612 0.96465003490448 0.964919447898865 0.970390319824219 0.966461062431335 0.962451457977295 0.972210645675659 0.979370892047882 0.984104573726654 0.984655618667603 0.974705278873444 0.965136885643005 0.969362139701843 0.972549200057983 0.976483047008514 0.984006702899933 0.984971523284912 0.985075771808624 0.978459477424622 0.959703624248505 0.954053938388824 0.957017779350281 0.953863918781281 0.947917699813843 0.943597853183746 0.927751362323761 0.909816324710846
0.828901052474976 0.851420521736145 0.866595268249512 0.864049315452576 0.885561168193817 0.893676817417145 0.916784584522247 0.935200750827789 0.921352207660675 0.959696710109711 0.969475507736206 0.97940719127655 0.975981473922729 0.96705836057663 0.961186528205872 0.970416069030762 0.97701632976532 0.978722810745239 0.980335414409637 0.979009509086609 0.960369765758514 0.964117467403412 0.972253143787384 0.972461044788361 0.968482077121735 0.972529292106628 0.978430390357971 0.981856524944305 0.98397171497345 0.9768106341362 0.968972325325012 0.975087344646454 0.974610388278961 0.973086535930634 0.979409873485565 0.983937084674835 0.985100746154785 0.985083818435669 0.98141622543335 0.962106704711914 0.962736785411835 0.956126868724823 0.939262211322784 0.955658793449402 0.942514181137085 0.966296017169952
0.852806806564331 0.860602974891663 0.850128173828125 0.856634080410004 0.873890519142151 0.892051339149475 0.908859491348267 0.915463626384735 0.943540394306183 0.962616741657257 0.970356464385986 0.980039536952972 0.981724321842194 0.97780168056488 0.965945184230804 0.964811265468597 0.971790313720703 0.976423144340515 0.980285406112671 0.978760719299316 0.959548115730286 0.966679394245148 0.971515357494354 0.971996366977692 0.972188174724579 0.972900688648224 0.975308001041412 0.977034687995911 0.979048013687134 0.979523360729218 0.979330539703369 0.977163732051849 0.975060641765594 0.971944808959961 0.97573447227478 0.97813481092453 0.983895480632782 0.985043346881866 0.985088527202606 0.971881806850433 0.962636291980743 0.956385254859924 0.945632457733154 0.94553405046463 0.948005318641663 0.984564900398254
0.855587124824524 0.842241764068604 0.847606837749481 0.854390442371368 0.877641797065735 0.901090562343597 0.941154062747955 0.972568273544312 0.96861857175827 0.961042404174805 0.968109369277954 0.973163306713104 0.976213216781616 0.97951066493988 0.974298894405365 0.967167675495148 0.966147363185883 0.972282946109772 0.976854860782623 0.976999282836914 0.968095064163208 0.968917906284332 0.971470773220062 0.97458279132843 0.975227952003479 0.973345279693604 0.972800850868225 0.974439859390259 0.975736975669861 0.97730278968811 0.979965209960938 0.980420649051666 0.979672968387604 0.975110471248627 0.972805976867676 0.9785196185112 0.980919122695923 0.985083818435669 0.984649300575256 0.977824211120605 0.984334051609039 0.977428197860718 0.960573196411133 0.949799001216888 0.959907472133636 0.984332740306854
0.835088074207306 0.842329978942871 0.855959534645081 0.85600483417511 0.905839323997498 0.94571578502655 0.954837799072266 0.973666250705719 0.975677490234375 0.966214299201965 0.969051480293274 0.968744695186615 0.969348073005676 0.976166963577271 0.979054987430573 0.974550783634186 0.962952017784119 0.969050884246826 0.974369049072266 0.976008117198944 0.971411347389221 0.967314660549164 0.971425175666809 0.975092470645905 0.975709319114685 0.977907419204712 0.976176679134369 0.973636746406555 0.973738789558411 0.976864874362946 0.976155996322632 0.978597819805145 0.98152631521225 0.980794966220856 0.97646301984787 0.974232077598572 0.97596687078476 0.976553082466125 0.981437742710114 0.979430556297302 0.984602153301239 0.984433472156525 0.976380169391632 0.976303517818451 0.984035730361938 0.979407846927643
0.851296663284302 0.886973917484283 0.886020064353943 0.865016400814056 0.895623922348022 0.937015950679779 0.965039014816284 0.9725102186203 0.974372625350952 0.97458153963089 0.969150841236115 0.970285952091217 0.96507602930069 0.972813963890076 0.978249669075012 0.979259073734283 0.96998929977417 0.963639736175537 0.972995936870575 0.977394342422485 0.9746213555336 0.965262889862061 0.969355285167694 0.973549783229828 0.976426601409912 0.980399072170258 0.983767032623291 0.981781601905823 0.968230903148651 0.973856151103973 0.961482048034668 0.974031925201416 0.97933554649353 0.981561303138733 0.983003675937653 0.978135347366333 0.973218262195587 0.970366239547729 0.973455011844635 0.972992479801178 0.972700476646423 0.979571580886841 0.97761207818985 0.977978050708771 0.984437942504883 0.978087723255157
0.861072301864624 0.882980465888977 0.854580521583557 0.866727888584137 0.931612730026245 0.968150973320007 0.97529149055481 0.977179110050201 0.97328770160675 0.970993459224701 0.970651686191559 0.968818664550781 0.965367317199707 0.970209300518036 0.975400626659393 0.979051887989044 0.977647542953491 0.963228106498718 0.971317410469055 0.978082358837128 0.978605628013611 0.963478267192841 0.967150628566742 0.971855819225311 0.975729882717133 0.980660796165466 0.98415595293045 0.984379947185516 0.967485070228577 0.966810405254364 0.958125233650208 0.963563084602356 0.971363484859467 0.976000964641571 0.978937208652496 0.978424787521362 0.980686485767365 0.977400064468384 0.970814347267151 0.965725660324097 0.967959642410278 0.971467018127441 0.972801864147186 0.977710843086243 0.980636894702911 0.982005953788757
0.863352179527283 0.854495346546173 0.864881634712219 0.874115109443665 0.91234689950943 0.942050039768219 0.970049560070038 0.978237867355347 0.97862035036087 0.974396944046021 0.964522540569305 0.968115746974945 0.967384338378906 0.967992603778839 0.972512543201447 0.978182375431061 0.979585826396942 0.970797121524811 0.968235790729523 0.978487849235535 0.980680465698242 0.959082901477814 0.962611854076385 0.967732429504395 0.974775016307831 0.980563700199127 0.984386324882507 0.983776986598969 0.974767029285431 0.968688428401947 0.963598489761353 0.953623831272125 0.961054861545563 0.96481990814209 0.960862755775452 0.969859898090363 0.981322228908539 0.979970037937164 0.976564884185791 0.969667017459869 0.964030861854553 0.968950152397156 0.973846316337585 0.980108976364136 0.976057648658752 0.971262276172638
0.849565505981445 0.871038556098938 0.884623229503632 0.903283774852753 0.907642602920532 0.920397639274597 0.961401879787445 0.973268389701843 0.977261662483215 0.980428755283356 0.974937975406647 0.966322541236877 0.962956190109253 0.963424384593964 0.970395743846893 0.977695465087891 0.980626285076141 0.979947030544281 0.967229664325714 0.977354168891907 0.979280233383179 0.95805561542511 0.961870729923248 0.968331933021545 0.974600553512573 0.979209303855896 0.982787728309631 0.984154164791107 0.976566970348358 0.968387484550476 0.964385092258453 0.956366956233978 0.96211451292038 0.958914816379547 0.957206130027771 0.95885956287384 0.970065951347351 0.978214859962463 0.979214489459991 0.977336227893829 0.971150934696198 0.96407675743103 0.974991023540497 0.980070114135742 0.977803409099579 0.967365026473999
0.888118863105774 0.873558640480042 0.910544455051422 0.926938116550446 0.912000954151154 0.933911859989166 0.965207874774933 0.959271848201752 0.972320556640625 0.978741347789764 0.980577051639557 0.975648701190948 0.965670704841614 0.963611423969269 0.969868540763855 0.966780960559845 0.979986131191254 0.982471525669098 0.969547390937805 0.966505169868469 0.977059245109558 0.960274577140808 0.959798276424408 0.964231312274933 0.966976463794708 0.975146174430847 0.983031153678894 0.979036927223206 0.979351162910461 0.969367325305939 0.961666166782379 0.960081338882446 0.96301656961441 0.958280086517334 0.95814836025238 0.959727942943573 0.964654088020325 0.96101188659668 0.970857679843903 0.979290723800659 0.98178768157959 0.974927604198456 0.97171014547348 0.974593937397003 0.972934007644653 0.969011187553406
0.87357360124588 0.89488559961319 0.897902071475983 0.902521550655365 0.938420057296753 0.959745228290558 0.952838361263275 0.957542955875397 0.974160134792328 0.978237628936768 0.978398144245148 0.963286876678467 0.976510643959045 0.973510324954987 0.964836061000824 0.961755275726318 0.963847696781158 0.974688947200775 0.980537831783295 0.975674092769623 0.969868361949921 0.965232849121094 0.963570594787598 0.955641448497772 0.950423657894135 0.963637828826904 0.980331301689148 0.980675101280212 0.972328782081604 0.969288408756256 0.965885519981384 0.960470199584961 0.963122069835663 0.957553684711456 0.957119286060333 0.958560883998871 0.957122564315796 0.958022594451904 0.960459351539612 0.971184611320496 0.982471287250519 0.979167461395264 0.977127552032471 0.973003268241882 0.96855902671814 0.96863979101181
0.885821163654327 0.891006946563721 0.902729094028473 0.903373897075653 0.924593389034271 0.925913155078888 0.933378875255585 0.961565375328064 0.976896345615387 0.976779997348785 0.973570585250854 0.963379085063934 0.967096567153931 0.968949615955353 0.971662402153015 0.963195323944092 0.960040032863617 0.963184416294098 0.974786341190338 0.976146996021271 0.973905444145203 0.972448706626892 0.964920818805695 0.958375811576843 0.950193822383881 0.952074408531189 0.970206439495087 0.981659352779388 0.97238165140152 0.96585613489151 0.963135004043579 0.96205347776413 0.960085332393646 0.956781208515167 0.95950311422348 0.96056854724884 0.959601700305939 0.962804675102234 0.960798919200897 0.962894260883331 0.971825778484344 0.9776571393013 0.977710962295532 0.972415208816528 0.965459287166595 0.96264922618866
0.871476471424103 0.886851668357849 0.914005815982819 0.928269147872925 0.935599565505981 0.922106802463531 0.953576922416687 0.961947560310364 0.973425626754761 0.973076045513153 0.972911655902863 0.977145254611969 0.972130715847015 0.963671386241913 0.96586936712265 0.967409670352936 0.959867477416992 0.9605672955513 0.960012078285217 0.974662899971008 0.974255383014679 0.971799790859222 0.965821623802185 0.957676351070404 0.950355470180511 0.951205909252167 0.953327298164368 0.965540170669556 0.970671713352203 0.965402066707611 0.967428207397461 0.968117713928223 0.962334871292114 0.956356108188629 0.957932591438293 0.959831237792969 0.960493326187134 0.961108326911926 0.962447941303253 0.960852026939392 0.974053025245667 0.972811758518219 0.974424540996552 0.971579790115356 0.972478330135345 0.969079434871674
0.887974381446838 0.903368651866913 0.92535138130188 0.928152084350586 0.951899886131287 0.943346381187439 0.956103444099426 0.963581383228302 0.971717357635498 0.974877595901489 0.976801037788391 0.978994071483612 0.969743490219116 0.970625877380371 0.966605842113495 0.961900115013123 0.960334241390228 0.955268442630768 0.958430886268616 0.971990823745728 0.970603704452515 0.973140180110931 0.967934966087341 0.963765680789948 0.956840634346008 0.947528004646301 0.950470626354218 0.953911244869232 0.96246075630188 0.963956892490387 0.965417683124542 0.964778244495392 0.967418789863586 0.961468577384949 0.957349598407745 0.964566230773926 0.960460722446442 0.962225615978241 0.96321839094162 0.961701929569244 0.967617869377136 0.964937210083008 0.976333677768707 0.97598659992218 0.969171524047852 0.971055328845978
0.884700655937195 0.906207740306854 0.906225264072418 0.913476049900055 0.926256060600281 0.927761673927307 0.948859989643097 0.958741962909698 0.958183467388153 0.965877592563629 0.958083271980286 0.966856062412262 0.964156568050385 0.972184836864471 0.967793047428131 0.960795819759369 0.96141916513443 0.95301628112793 0.963470160961151 0.965534269809723 0.960554718971252 0.964925348758698 0.966895878314972 0.966217875480652 0.960077404975891 0.947528004646301 0.951481819152832 0.958380401134491 0.960741460323334 0.953069388866425 0.959886789321899 0.965815544128418 0.965078055858612 0.963727653026581 0.955743968486786 0.956113696098328 0.961876034736633 0.961515367031097 0.958310544490814 0.960124135017395 0.971443653106689 0.961538195610046 0.968010127544403 0.975600719451904 0.964989602565765 0.967854857444763
