output/projections/05_YDS/Sclerurus cearensis.asc
NCOLS 168 
NROWS 144 
XLLCORNER -41.0000000002598 
YLLCORNER -7.99999999976785 
CELLSIZE 0.0416666666664048 
NODATA_value -3.4e+38 
[rows 60 to 79 of 144, columns 92 to 137 of 168]
0.529920399188995 0.506067037582397 0.523937106132507 0.521179258823395 -3.4e+38 -3.4e+38 -3.4e+38 -3.4e+38 -3.4e+38 -3.4e+38 -3.4e+38 -3.4e+38 -3.4e+38 -3.4e+38 -3.4e+38 -3.4e+38 -3.4e+38 -3.4e+38 -3.4e+38 -3.4e+38 -3.4e+38 -3.4e+38 -3.4e+38 -3.4e+38 -3.4e+38 -3.4e+38 -3.4e+38 -3.4e+38 -3.4e+38 -3.4e+38 -3.4e+38 -3.4e+38 -3.4e+38 -3.4e+38 -3.4e+38 -3.4e+38 -3.4e+38 -3.4e+38 -3.4e+38 -3.4e+38 -3.4e+38 -3.4e+38 -3.4e+38 -3.4e+38 -3.4e+38 -3.4e+38
0.503726661205292 0.500963270664215 0.495478391647339 0.51353794336319 0.526656687259674 -3.4e+38 -3.4e+38 -3.4e+38 -3.4e+38 -3.4e+38 -3.4e+38 -3.4e+38 -3.4e+38 -3.4e+38 -3.4e+38 -3.4e+38 -3.4e+38 -3.4e+38 -3.4e+38 -3.4e+38 -3.4e+38 -3.4e+38 -3.4e+38 -3.4e+38 -3.4e+38 -3.4e+38 -3.4e+38 -3.4e+38 -3.4e+38 -3.4e+38 -3.4e+38 -3.4e+38 -3.4e+38 -3.4e+38 -3.4e+38 -3.4e+38 -3.4e+38 -3.4e+38 -3.4e+38 -3.4e+38 -3.4e+38 -3.4e+38 -3.4e+38 -3.4e+38 -3.4e+38 -3.4e+38
0.475644499063492 0.472625911235809 0.490523487329483 0.487761318683624 0.482290178537369 0.47953075170517 0.492047727108002 -3.4e+38 -3.4e+38 -3.4e+38 -3.4e+38 -3.4e+38 -3.4e+38 -3.4e+38 -3.4e+38 -3.4e+38 -3.4e+38 -3.4e+38 -3.4e+38 -3.4e+38 -3.4e+38 -3.4e+38 -3.4e+38 -3.4e+38 -3.4e+38 -3.4e+38 -3.4e+38 -3.4e+38 -3.4e+38 -3.4e+38 -3.4e+38 -3.4e+38 -3.4e+38 -3.4e+38 -3.4e+38 -3.4e+38 -3.4e+38 -3.4e+38 -3.4e+38 -3.4e+38 -3.4e+38 -3.4e+38 -3.4e+38 -3.4e+38 -3.4e+38 -3.4e+38
0.470221877098083 0.467215925455093 0.462299764156342 0.475695788860321 0.47225821018219 0.469504117965698 0.464061141014099 0.461313039064407 0.47916254401207 0.455380618572235 0.473060756921768 -3.4e+38 -3.4e+38 -3.4e+38 -3.4e+38 -3.4e+38 -3.4e+38 -3.4e+38 -3.4e+38 -3.4e+38 -3.4e+38 -3.4e+38 -3.4e+38 -3.4e+38 -3.4e+38 -3.4e+38 -3.4e+38 -3.4e+38 -3.4e+38 -3.4e+38 -3.4e+38 -3.4e+38 -3.4e+38 -3.4e+38 -3.4e+38 -3.4e+38 -3.4e+38 -3.4e+38 -3.4e+38 -3.4e+38 -3.4e+38 -3.4e+38 -3.4e+38 -3.4e+38 -3.4e+38 -3.4e+38
0.462790131568909 0.457402169704437 0.45688784122467 0.453902959823608 0.448921412229538 0.461933046579361 0.458934187889099 0.453517824411392 0.450510203838348 0.468750327825546 0.465718865394592 0.442037910223007 0.476078361272812 -3.4e+38 -3.4e+38 -3.4e+38 -3.4e+38 -3.4e+38 -3.4e+38 -3.4e+38 -3.4e+38 -3.4e+38 -3.4e+38 -3.4e+38 -3.4e+38 -3.4e+38 -3.4e+38 -3.4e+38 -3.4e+38 -3.4e+38 -3.4e+38 -3.4e+38 -3.4e+38 -3.4e+38 -3.4e+38 -3.4e+38 -3.4e+38 -3.4e+38 -3.4e+38 -3.4e+38 -3.4e+38 -3.4e+38 -3.4e+38 -3.4e+38 -3.4e+38 -3.4e+38
0.438740164041519 0.436026453971863 0.43092343211174 0.428163230419159 0.42308321595192 0.43341851234436 0.446672856807709 0.443536341190338 0.438577175140381 0.435607194900513 0.437463492155075 0.434745132923126 0.450030446052551 0.442442506551743 0.44445127248764 0.45777040719986 -3.4e+38 -3.4e+38 -3.4e+38 -3.4e+38 -3.4e+38 -3.4e+38 -3.4e+38 -3.4e+38 -3.4e+38 -3.4e+38 -3.4e+38 -3.4e+38 -3.4e+38 -3.4e+38 -3.4e+38 -3.4e+38 -3.4e+38 -3.4e+38 -3.4e+38 -3.4e+38 0.480462104082108 0.479413628578186 0.477787405252457 0.454178780317307 -3.4e+38 -3.4e+38 0.471061438322067 0.48628893494606 0.487279742956161 -3.4e+38
0.41531103849411 0.39820408821106 0.423324257135391 0.418225765228271 0.413178443908691 0.428503721952438 0.423584699630737 0.420674979686737 0.415398180484772 0.412487149238586 0.425419926643372 0.424904704093933 0.422367781400681 0.435293912887573 0.432320296764374 0.449993878602982 -3.4e+38 0.443964570760727 -3.4e+38 -3.4e+38 -3.4e+38 -3.4e+38 -3.4e+38 -3.4e+38 -3.4e+38 -3.4e+38 -3.4e+38 -3.4e+38 -3.4e+38 -3.4e+38 -3.4e+38 -3.4e+38 -3.4e+38 -3.4e+38 0.433587342500687 0.451029419898987 0.449651271104813 0.449322760105133 0.447581976652145 0.447581976652145 0.461303979158401 0.465441077947617 0.464516818523407 0.479742437601089 0.459140866994858 -3.4e+38
0.371194839477539 0.379557907581329 0.393083691596985 0.410534560680389 0.40786224603653 0.402660220861435 0.397831380367279 0.412988007068634 0.410310834646225 0.405081748962402 0.418108999729156 0.412773132324219 0.414698004722595 0.407027751207352 0.404362618923187 0.414772778749466 0.41209214925766 0.413657695055008 0.431577622890472 0.428592622280121 0.44152843952179 0.443518728017807 -3.4e+38 -3.4e+38 -3.4e+38 -3.4e+38 -3.4e+38 -3.4e+38 -3.4e+38 -3.4e+38 -3.4e+38 -3.4e+38 0.447402149438858 0.445967882871628 0.445639878511429 0.44160783290863 0.440943479537964 0.43926203250885 0.438408643007278 0.43787357211113 0.436287730932236 0.429673671722412 0.430236130952835 0.435615658760071 0.453642517328262 0.455159306526184
0.360651463270187 0.346555560827255 0.339253216981888 0.358683198690414 0.362586468458176 0.373291790485382 0.385795027017593 0.387636482715607 0.382715463638306 0.377785682678223 0.390511333942413 0.385378122329712 0.402914822101593 0.400048524141312 0.394854128360748 0.391832321882248 0.389359176158905 0.404375433921814 0.397001624107361 0.394115537405014 0.406514674425125 0.408159077167511 0.405371993780136 0.422900229692459 0.425021648406982 0.427286982536316 0.403553813695908 -3.4e+38 -3.4e+38 0.394290626049042 0.388329327106476 0.405330806970596 0.416889101266861 0.410909444093704 0.428959995508194 0.410951405763626 0.426084488630295 0.425425708293915 0.424758464097977 0.39999058842659 0.405303925275803 0.421611070632935 0.423260539770126 0.426351308822632 0.434098064899445 0.451796859502792
0.326063483953476 0.324915885925293 0.311678498983383 0.319093227386475 0.300907224416733 0.344472855329514 0.331845611333847 0.346251219511032 0.353900611400604 0.365971475839615 0.361163288354874 0.377907007932663 0.375156223773956 0.370257049798965 0.367837727069855 0.382569253444672 0.375129133462906 0.376924932003021 0.389406353235245 0.38431990146637 0.381467700004578 0.378862977027893 0.391092002391815 0.38835346698761 0.37588557600975 0.373140692710876 0.390293389558792 0.371543705463409 0.383142441511154 0.380689799785614 0.377710402011871 0.377013564109802 0.374028861522675 0.377517133951187 0.398361563682556 0.397599667310715 0.370002537965775 0.369251638650894 0.391920030117035 0.392033994197845 0.394434750080109 0.395017117261887 0.417934566736221 0.419715642929077 0.424403131008148 0.447804182767868
0.294104397296906 0.278057605028152 0.252745300531387 0.259324729442596 0.310121774673462 0.381495535373688 0.314841628074646 0.327532678842545 0.32042071223259 0.342246651649475 0.339637637138367 0.349590092897415 0.351389318704605 0.356653451919556 0.358629077672958 0.370727866888046 0.350791364908218 0.367541432380676 0.360231310129166 0.370448678731918 0.372398912906647 0.36937004327774 0.366798937320709 0.376698017120361 0.373604893684387 0.36169821023941 0.363685965538025 0.360811501741409 0.37297534942627 0.369898796081543 0.366978704929352 0.370523363351822 0.362487465143204 0.381680816411972 0.38112086057663 0.385506927967072 0.380981266498566 0.361302495002747 0.378846108913422 0.381267249584198 0.383974522352219 0.391010105609894 0.393674403429031 0.413543075323105 0.439392596483231 0.448647141456604
0.257462799549103 0.229924246668816 0.260065734386444 0.344675630331039 0.417209833860397 0.532785475254059 0.480598926544189 0.420828998088837 0.307662427425385 0.300666362047195 0.303259074687958 0.326356142759323 0.319518446922302 0.316713452339172 0.328491419553757 0.326203644275665 0.337668091058731 0.337096273899078 0.34903809428215 0.346340835094452 0.341454952955246 0.357795894145966 0.350771248340607 0.352364748716354 0.353952616453171 0.35158035159111 0.3486308157444 0.345834910869598 0.362176179885864 0.358842849731445 0.355977088212967 0.352620393037796 0.367715746164322 0.36600723862648 0.369807481765747 0.349999189376831 0.367116391658783 0.370486319065094 0.373246699571609 0.379960656166077 0.384807497262955 0.402608752250671 0.407628744840622 0.412046253681183 0.43769109249115 0.450125426054001
0.216548442840576 0.234228536486626 0.276825994253159 0.461072415113449 0.541569530963898 0.521545648574829 0.464222222566605 0.382774382829666 0.285606235265732 0.266394823789597 0.279363572597504 0.278080433607101 0.286193698644638 0.286495983600616 0.299538522958755 0.297224372625351 0.310699343681335 0.308203756809235 0.319495260715485 0.317096769809723 0.326408594846725 0.328279346227646 0.32552433013916 0.336913049221039 0.336661398410797 0.341068506240845 0.337773889303207 0.335157841444016 0.331859886646271 0.348201334476471 0.345093220472336 0.356856822967529 0.36089015007019 0.355523645877838 0.33739447593689 0.354855954647064 0.359467208385468 0.37917149066925 0.386747986078262 0.391160011291504 0.396358996629715 0.417225241661072 0.422622531652451 0.434125959873199 0.439325571060181 0.446099102497101
0.207109451293945 0.268182039260864 0.318295508623123 0.430316656827927 0.548823058605194 0.538768410682678 0.405859977006912 0.336122542619705 0.280347436666489 0.252805560827255 0.248990595340729 0.245084837079048 0.247519537806511 0.242247804999352 0.234939321875572 0.264524430036545 0.274754285812378 0.291767627000809 0.289488703012466 0.291293561458588 0.302258014678955 0.297486215829849 0.310972690582275 0.30182746052742 0.31055411696434 0.30342110991478 0.325304418802261 0.329588323831558 0.349502503871918 0.348944455385208 0.334192246198654 0.345111042261124 0.343998521566391 0.342776209115982 0.340300053358078 0.356883376836777 0.348800212144852 0.375879436731339 0.378607720136642 0.387954890727997 0.411065310239792 0.400098443031311 0.42831215262413 0.432600826025009 0.439541846513748 0.44708788394928
0.21632494032383 0.30042964220047 0.395981580018997 0.46398538351059 0.559236943721771 0.508297383785248 0.390558779239655 0.315608412027359 0.286785870790482 0.238947033882141 0.246929317712784 0.239484593272209 0.247602626681328 0.240427136421204 0.233156681060791 0.236022993922234 0.270929127931595 0.298549711704254 0.291904807090759 0.289540022611618 0.287271469831467 0.298171371221542 0.289411276578903 0.291804581880569 0.28606641292572 0.302322298288345 0.324068605899811 0.340381741523743 0.339344263076782 0.332313776016235 0.331159204244614 0.345086574554443 0.363617658615112 0.339747428894043 0.361082017421722 0.340441882610321 0.356423616409302 0.355844497680664 0.389699161052704 0.404543668031693 0.396521031856537 0.423968017101288 0.447113782167435 0.43694856762886 0.464851051568985 0.472299873828888
0.251872926950455 0.324995338916779 0.478575646877289 0.515837848186493 0.518432319164276 0.503651142120361 0.425664961338043 0.306026995182037 0.259963870048523 0.241085395216942 0.233563408255577 0.235839992761612 -3.4e+38 0.229887813329697 0.254023998975754 0.229426652193069 0.25151988863945 0.294537723064423 0.294354140758514 0.287921518087387 0.281334489583969 0.281976163387299 0.275454998016357 0.292086184024811 0.29965803027153 0.316654413938522 0.320943593978882 0.334342509508133 0.333730131387711 0.350961446762085 0.365626841783524 0.364414989948273 0.353212743997574 0.362849980592728 0.359409719705582 0.359904557466507 0.355662614107132 0.361242532730103 0.390972256660461 0.402318775653839 0.425216346979141 0.432975590229034 0.437438577413559 0.445655107498169 0.449874758720398 0.472562909126282
0.323010444641113 0.491846174001694 0.548530876636505 0.488847464323044 0.402567595243454 0.462595224380493 0.402805715799332 0.314668983221054 0.238733485341072 0.217153802514076 0.224738568067551 0.226516798138618 -3.4e+38 0.211591571569443 0.229887813329697 0.234293147921562 0.246050477027893 0.336566865444183 0.314005613327026 0.279743790626526 0.255370855331421 0.267150908708572 0.279903203248978 0.283514589071274 0.300857603549957 0.320986896753311 0.335133820772171 0.353845506906509 0.352556496858597 0.370399475097656 0.390867352485657 0.3857541680336 0.356820583343506 0.378268212080002 0.378562033176422 0.374589920043945 0.375304222106934 0.381562381982803 0.426251113414764 0.437757432460785 0.430953949689865 0.425501883029938 0.443089753389359 0.44844052195549 0.471976518630981 0.478551000356674
0.389138728380203 0.562354505062103 0.558800876140594 0.490817278623581 0.341859608888626 0.375154227018356 0.321937173604965 0.244772151112556 0.242652520537376 0.215692609548569 0.207210451364517 0.212686225771904 0.223928645253181 0.216789051890373 0.218595743179321 0.234293147921562 0.277782946825027 0.281612068414688 0.260295510292053 0.258587807416916 0.271118521690369 0.29734405875206 0.287893891334534 0.314364969730377 0.327784508466721 0.336574703454971 0.334838062524796 0.34500977396965 0.37230908870697 0.391390055418015 0.427396774291992 0.410065352916718 0.424251079559326 0.440282315015793 0.398215293884277 0.400161772966385 0.400290280580521 0.417251884937286 0.448954254388809 0.407905787229538 0.424900054931641 0.464930444955826 0.447623908519745 0.452491462230682 0.475224286317825 0.00398395489901304
0.368830978870392 0.480454862117767 0.472151279449463 0.381013184785843 0.313646823167801 0.272925972938538 0.282951325178146 0.228674829006195 0.276138067245483 0.212265759706497 0.199289128184319 0.218017220497131 0.216901779174805 0.229954153299332 0.254658639431 0.231101229786873 0.289777606725693 0.262139737606049 0.271233022212982 0.274851113557816 0.288000017404556 0.287727832794189 0.304819345474243 0.318900346755981 0.318484216928482 0.331424683332443 0.358938008546829 0.373215317726135 0.391469120979309 0.427565336227417 0.469784080982208 0.452108591794968 0.467285960912704 0.466125875711441 0.439701676368713 0.435670137405396 0.438465148210526 0.465436369180679 0.404861509799957 0.451467126607895 0.48019939661026 0.445858210325241 0.465992480516434 0.472360521554947 0.00382921774871647 0.00397092523053288
0.238312870264053 0.311638981103897 0.335927426815033 0.289727658033371 0.252702593803406 0.247021079063416 0.230511680245399 0.276670217514038 0.220194339752197 0.212376773357391 0.195829465985298 0.204717665910721 0.220452159643173 0.230071723461151 0.252636969089508 0.231219217181206 0.293797373771667 0.258497506380081 0.274889528751373 0.287781953811646 0.305453449487686 0.30492901802063 0.30464768409729 0.336910098791122 0.350906789302826 0.355788171291351 0.369722068309784 0.384090214967728 0.383033722639084 0.469911217689514 0.533948123455048 0.495169579982758 0.488023310899734 0.480454057455063 0.482940971851349 0.483695209026337 0.459072560071945 0.43291974067688 0.450881749391556 0.451034694910049 0.432951956987381 0.0071051656268537 0.00418934226036072 0.00403872551396489 0.00389472488313913 0.492382347583771
