output/projections/05_YDS/Sclerurus cearensis.asc
NCOLS 168 
NROWS 144 
XLLCORNER -41.0000000002598 
YLLCORNER -7.99999999976785 
CELLSIZE 0.0416666666664048 
NODATA_value -3.4e+38 
[rows 40 to 59 of 144, columns 46 to 91 of 168]
0.543703675270081 0.482241183519363 0.457654774188995 0.514789402484894 0.520673155784607 0.488359957933426 0.460444629192352 0.764464020729065 0.652409672737122 0.619739770889282 0.633318543434143 0.606506824493408 0.648689031600952 0.668524861335754 0.66293466091156 0.682547509670258 0.661387979984283 0.675363123416901 0.671672701835632 0.650114178657532 0.645220816135406 0.657808601856232 0.674436271190643 0.672725439071655 0.670150637626648 0.6822190284729 0.686254680156708 0.678897142410278 0.681064248085022 0.659819602966309 -3.4e+38 -3.4e+38 -3.4e+38 -3.4e+38 -3.4e+38 -3.4e+38 -3.4e+38 -3.4e+38 -3.4e+38 -3.4e+38 -3.4e+38 -3.4e+38 -3.4e+38 -3.4e+38 -3.4e+38 -3.4e+38
0.481909066438675 0.452426850795746 0.482283055782318 0.477282404899597 0.487464368343353 0.47157895565033 0.573273479938507 0.758465588092804 0.636002659797668 0.62144923210144 0.591100215911865 0.585908651351929 0.657816350460052 0.686613976955414 0.719391405582428 0.718657493591309 0.686427891254425 0.678172886371613 0.671332359313965 0.667031586170197 0.664865493774414 0.660070598125458 0.657436490058899 0.674436271190643 0.652730822563171 0.670150637626648 0.667997121810913 0.680106699466705 0.677490293979645 0.658318877220154 0.678664565086365 -3.4e+38 -3.4e+38 -3.4e+38 -3.4e+38 -3.4e+38 -3.4e+38 -3.4e+38 -3.4e+38 -3.4e+38 -3.4e+38 -3.4e+38 -3.4e+38 -3.4e+38 -3.4e+38 -3.4e+38
0.447042614221573 0.462677270174026 0.447539985179901 0.47336682677269 0.434108257293701 0.477051734924316 0.574511408805847 0.918185949325562 0.64323103427887 0.559894979000092 0.566096484661102 0.591101586818695 0.664348185062408 0.650412857532501 0.681581377983093 0.696486711502075 0.718766689300537 0.675483644008636 0.680724918842316 0.673620820045471 0.669335246086121 0.66457200050354 0.660219550132751 0.657287001609802 0.654642581939697 0.668383836746216 0.670150637626648 0.667997121810913 0.665836572647095 0.677632212638855 0.674934029579163 0.672510385513306 -3.4e+38 -3.4e+38 -3.4e+38 -3.4e+38 -3.4e+38 -3.4e+38 -3.4e+38 -3.4e+38 -3.4e+38 -3.4e+38 -3.4e+38 -3.4e+38 -3.4e+38 -3.4e+38
0.436860740184784 0.458339273929596 0.402303546667099 0.455156683921814 0.495927572250366 0.650423049926758 0.588039577007294 0.648651540279388 0.487833559513092 0.582487821578979 0.637763381004333 0.596002817153931 0.641601741313934 0.615229666233063 0.678538620471954 0.667206287384033 0.689565539360046 0.694278061389923 0.68831604719162 0.664599359035492 0.659957230091095 0.669482111930847 0.664719998836517 0.659626066684723 0.657436490058899 0.655232191085815 0.650371968746185 0.64741039276123 0.644730985164642 0.659704864025116 0.675930082798004 0.675218999385834 0.672510385513306 -3.4e+38 -3.4e+38 -3.4e+38 -3.4e+38 -3.4e+38 -3.4e+38 -3.4e+38 -3.4e+38 -3.4e+38 -3.4e+38 -3.4e+38 -3.4e+38 -3.4e+38
0.458345174789429 0.441557288169861 0.381643772125244 0.529875814914703 0.565316796302795 0.690947771072388 0.473562330007553 0.429308474063873 0.581876516342163 0.835968673229218 0.64614862203598 0.613591134548187 0.603961527347565 0.613239645957947 0.618881285190582 0.643338322639465 0.687963545322418 0.667783796787262 0.680666089057922 0.670833051204681 0.677646636962891 0.672652363777161 0.648309350013733 0.664865493774414 0.659626066684723 0.657585978507996 0.653031706809998 0.650371968746185 0.647702813148499 0.645024418830872 0.642336905002594 0.671466946601868 0.668599307537079 0.670221090316772 -3.4e+38 -3.4e+38 -3.4e+38 -3.4e+38 -3.4e+38 -3.4e+38 -3.4e+38 -3.4e+38 -3.4e+38 -3.4e+38 -3.4e+38 -3.4e+38
0.468275457620621 0.436619371175766 0.416691154241562 0.615473985671997 0.562406361103058 0.434049844741821 0.416079461574554 0.437151044607162 0.943516850471497 0.782777488231659 0.597329199314117 0.590724647045135 0.575360596179962 0.620920956134796 0.602408289909363 0.655223667621613 0.627987086772919 0.687397480010986 0.627847075462341 0.669563591480255 0.662575840950012 0.654822409152985 0.6543989777565 0.644456923007965 0.656535267829895 0.658322513103485 0.655681967735291 0.652881264686584 0.648005723953247 0.64081734418869 0.63811582326889 0.654898822307587 0.652245759963989 0.666440665721893 0.682709574699402 0.684435248374939 -3.4e+38 -3.4e+38 -3.4e+38 -3.4e+38 -3.4e+38 -3.4e+38 -3.4e+38 -3.4e+38 -3.4e+38 -3.4e+38
0.429607748985291 0.471725642681122 0.583778083324432 0.506409823894501 0.465683430433273 0.421139687299728 0.416369050741196 0.652776181697845 0.817405939102173 0.6069375872612 0.636679768562317 0.682958960533142 0.573194086551666 0.621902763843536 0.613106548786163 0.593937993049622 0.569981396198273 0.632229506969452 0.667134582996368 0.669434666633606 0.652928650379181 0.656575620174408 0.650970458984375 0.645778954029083 0.640121340751648 0.657283544540405 0.64960503578186 0.646933197975159 0.643966615200043 0.641714692115784 0.643232583999634 0.674304306507111 0.67130446434021 0.649885356426239 0.647650361061096 0.680457711219788 -3.4e+38 -3.4e+38 -3.4e+38 -3.4e+38 -3.4e+38 -3.4e+38 -3.4e+38 -3.4e+38 -3.4e+38 -3.4e+38
0.428980797529221 0.472371876239777 0.585541367530823 0.475804001092911 0.465475559234619 0.477467745542526 0.514316082000732 0.558355689048767 0.609438836574554 0.564478158950806 0.958130657672882 0.620563864707947 0.59626692533493 0.616243898868561 0.549851417541504 0.558122873306274 0.558704555034637 0.60923957824707 0.629148364067078 0.686982691287994 0.650730907917023 0.642206788063049 0.647715508937836 0.644428908824921 0.641848504543304 0.63618004322052 0.633309423923492 0.63073867559433 0.643024861812592 0.639907240867615 0.619303941726685 0.655779898166656 0.633746862411499 0.650319695472717 0.64780181646347 0.645123779773712 0.678472280502319 0.671035468578339 -3.4e+38 -3.4e+38 -3.4e+38 -3.4e+38 -3.4e+38 -3.4e+38 -3.4e+38 -3.4e+38
0.446952015161514 0.467671185731888 0.587057590484619 0.508377194404602 0.513984441757202 0.536591827869415 0.561800003051758 0.523700714111328 0.505017638206482 0.859630942344666 0.882822632789612 0.563825249671936 0.627406299114227 0.504672765731812 0.566334128379822 0.551630437374115 0.581576943397522 0.589713156223297 0.592247664928436 0.632341325283051 0.649371683597565 0.598595798015594 0.633260130882263 0.639550983905792 0.638079464435577 0.635215282440186 0.632589519023895 0.628891229629517 0.641203939914703 0.638503670692444 0.63537722826004 0.633231222629547 0.612494230270386 0.629192590713501 0.646008193492889 0.643046319484711 0.659573554992676 0.670009553432465 0.673357367515564 -3.4e+38 -3.4e+38 -3.4e+38 -3.4e+38 -3.4e+38 -3.4e+38 -3.4e+38
0.427899122238159 0.454775661230087 0.562093615531921 0.824438393115997 0.614933371543884 0.726448476314545 0.609527170658112 0.484726011753082 0.583185255527496 0.711363315582275 0.616527915000916 0.524239599704742 0.517537534236908 0.499030202627182 0.554649651050568 0.54962557554245 0.570592761039734 0.580672383308411 0.578738868236542 0.584513604640961 0.634062170982361 0.631755709648132 0.579288125038147 0.622058987617493 0.630388200283051 0.631648182868958 0.626442551612854 0.622986674308777 0.620074212551117 0.622340440750122 0.618774592876434 0.6310715675354 0.628081738948822 0.625340461730957 0.625029325485229 0.637396335601807 0.634419739246368 0.635832846164703 0.635525345802307 -3.4e+38 -3.4e+38 -3.4e+38 -3.4e+38 -3.4e+38 -3.4e+38 -3.4e+38
0.426550686359406 0.440589040517807 0.485419034957886 0.92744392156601 0.876920521259308 0.744203269481659 0.70221084356308 0.563798785209656 0.528891324996948 0.542287230491638 0.518864810466766 0.547469079494476 0.447922557592392 0.492568522691727 0.550452649593353 0.560495018959045 0.546125173568726 0.551206111907959 0.551831185817719 0.572775483131409 0.577834844589233 0.593038976192474 0.592990517616272 0.574513971805573 0.610855579376221 0.616556227207184 0.620519459247589 0.61973762512207 0.616815447807312 0.613106250762939 0.612633764743805 0.609691381454468 0.606899380683899 0.619500279426575 0.616081178188324 0.617956459522247 0.632836282253265 0.614610731601715 0.607153832912445 0.624527871608734 0.660307466983795 -3.4e+38 -3.4e+38 -3.4e+38 -3.4e+38 -3.4e+38
0.429882794618607 0.479438602924347 0.584237456321716 0.934288561344147 0.87396514415741 0.91564929485321 0.867655098438263 0.829371392726898 0.636817395687103 0.524354696273804 0.511696875095367 0.432358741760254 0.455924272537231 0.500398874282837 0.500926196575165 0.5281623005867 0.505614280700684 0.531527280807495 0.516259968280792 0.600048005580902 0.572821795940399 0.586078643798828 0.565492331981659 0.588226735591888 0.572111070156097 0.601295590400696 0.607478618621826 0.611116170883179 0.612584412097931 0.611576855182648 0.609167873859406 0.606216073036194 0.602487504482269 0.599837183952332 0.614432752132416 0.612204790115356 0.609024167060852 0.626366376876831 0.623222053050995 0.62005889415741 0.619589626789093 0.616563260555267 -3.4e+38 -3.4e+38 -3.4e+38 -3.4e+38
0.432982325553894 0.595047175884247 0.800708174705505 0.969988882541656 0.951598107814789 0.868779182434082 0.775566279888153 0.785940527915955 0.80880469083786 0.541104793548584 0.448831140995026 0.461825221776962 0.503242015838623 0.50354415178299 0.514273941516876 0.475284963846207 0.472529023885727 0.528640449047089 0.522656857967377 0.523248672485352 0.508822977542877 0.503234088420868 0.517520487308502 0.577753961086273 0.585129141807556 0.567403018474579 0.57829624414444 0.600564658641815 0.604082882404327 0.60557758808136 0.605101823806763 0.616842091083527 0.601457715034485 0.593754351139069 0.590549528598785 0.608025789260864 0.604461908340454 0.601656913757324 0.598845303058624 0.602842330932617 0.595867276191711 0.612626791000366 0.62531304359436 -3.4e+38 -3.4e+38 -3.4e+38
0.600589036941528 0.748227655887604 0.95819878578186 0.972266137599945 0.971933126449585 0.936602532863617 0.917043268680573 0.87204921245575 0.526067435741425 0.413815140724182 0.604583323001862 0.526810169219971 0.524532437324524 0.48784676194191 0.490768581628799 0.45797923207283 0.392208248376846 0.447807252407074 0.448135584592819 0.485392302274704 0.485597401857376 0.495983600616455 0.519811749458313 0.525111734867096 0.560109734535217 0.577732801437378 0.554398536682129 0.571361303329468 0.577182650566101 0.578907310962677 0.575654804706573 0.597666561603546 0.595005691051483 0.594205617904663 0.585892260074615 0.587977170944214 0.580195128917694 0.600307941436768 0.597119688987732 0.594074726104736 0.606820404529572 0.603791534900665 0.585337281227112 0.577298223972321 -3.4e+38 -3.4e+38
0.476186364889145 0.761844754219055 0.952738463878632 0.972162425518036 0.917692303657532 0.655748188495636 0.618732631206512 0.819157123565674 0.55967378616333 0.625930428504944 0.689400136470795 0.537012696266174 0.495189428329468 0.486034750938416 0.429478615522385 0.363327652215958 0.439924836158752 0.450809806585312 0.490666955709457 0.477642953395844 0.469689518213272 0.467358231544495 0.48733976483345 0.485001027584076 0.536752581596375 0.557156085968018 0.56450617313385 0.546525955200195 0.561410427093506 0.565393805503845 0.56664502620697 0.568380534648895 0.586091220378876 0.589695811271667 0.582246065139771 0.581600069999695 0.578393518924713 0.575333833694458 0.587731897830963 0.585419058799744 0.586976110935211 0.584293723106384 0.596924424171448 0.577986359596252 0.572860479354858 -3.4e+38
0.571687340736389 0.942790865898132 0.963479518890381 0.96926349401474 0.873539745807648 0.602326154708862 0.437229424715042 0.759869337081909 0.630195021629333 0.543565511703491 0.500420272350311 0.485958367586136 0.457597434520721 0.388782024383545 0.381714999675751 0.427132546901703 0.434500098228455 0.392185807228088 0.515985131263733 0.45837527513504 0.440281391143799 0.439954251050949 0.476226150989532 0.489197492599487 0.494506806135178 0.520764768123627 0.549354195594788 0.552039504051208 0.502198040485382 0.558794140815735 0.560102343559265 0.562007248401642 0.576943397521973 0.562461614608765 0.556961357593536 0.57516622543335 0.594538271427155 0.571311295032501 0.583767831325531 0.565215885639191 0.561613738536835 0.574811100959778 0.571735978126526 0.573515594005585 0.58934211730957 0.565499007701874
0.755286276340485 0.963012158870697 0.935789048671722 0.834400415420532 0.714082717895508 0.473572283983231 0.441431164741516 0.536775946617126 0.486236393451691 0.484710931777954 0.427733153104782 0.410876423120499 0.411107957363129 0.347836464643478 0.452881813049316 0.424245476722717 0.412297368049622 0.402669250965118 0.414817243814468 0.417777061462402 0.394829928874969 0.399439066648483 0.439865171909332 0.444663405418396 0.462270051240921 0.478870421648026 0.492177963256836 0.505164742469788 0.519812643527985 0.517334282398224 0.565607786178589 0.55491977930069 0.549271702766418 0.551021635532379 0.571035742759705 0.565577566623688 0.583051085472107 0.566880643367767 0.558669030666351 0.555941879749298 0.552707552909851 0.549973249435425 0.567568302154541 0.564853310585022 0.561413943767548 0.560923516750336
0.939761281013489 0.967644035816193 0.935979008674622 0.829702496528625 0.616875112056732 0.539514482021332 0.472542583942413 0.429619908332825 0.440536111593246 0.4288709461689 0.377372086048126 0.376319080591202 0.347208470106125 0.38095411658287 0.483755975961685 0.421179890632629 0.411801874637604 0.416928470134735 0.419730842113495 0.3624007999897 0.399722754955292 0.429779469966888 0.452422976493835 0.455112993717194 0.435012936592102 0.457640886306763 0.45788449048996 0.440568208694458 0.492129534482956 0.52228856086731 0.543026447296143 0.575727581977844 0.547560274600983 0.546623826026917 0.545513570308685 0.542771637439728 0.541980564594269 0.555301010608673 0.554192066192627 0.551459431648254 0.548236668109894 0.545497536659241 0.541752755641937 0.539348721504211 0.55703341960907 0.54944372177124
0.848414540290833 0.874780237674713 0.634313642978668 0.580952644348145 0.552696287631989 0.485722601413727 0.445286482572556 0.38519287109375 0.374585211277008 0.336832880973816 0.381725937128067 0.369359493255615 0.401016086339951 0.432108014822006 0.420856267213821 0.408200204372406 0.413551479578018 0.388934075832367 0.335924088954926 0.356801211833954 0.418422341346741 0.426979184150696 0.449107557535172 0.430815607309341 0.418237775564194 0.423626452684402 0.396788120269775 0.425101220607758 0.489217460155487 0.545966565608978 0.583534717559814 0.568345904350281 0.529599726200104 0.547268509864807 0.543503105640411 0.540594398975372 0.553316056728363 0.534324049949646 0.533704996109009 0.530787765979767 0.54355788230896 0.540649235248566 0.537587881088257 0.534838914871216 0.531598210334778 0.549340665340424
0.514247238636017 0.690928936004639 0.788886725902557 0.669253468513489 0.502632558345795 0.46491402387619 0.473464906215668 0.394458204507828 0.372704267501831 0.332633495330811 0.387488603591919 0.40937665104866 0.465622574090958 0.424107998609543 0.401014178991318 0.378883719444275 0.376441717147827 0.340661972761154 0.337931394577026 0.347559064626694 0.371597617864609 0.438901245594025 0.464706659317017 0.405752956867218 0.405704498291016 0.413402408361435 0.403472989797592 0.411646664142609 0.444546788930893 0.522470533847809 0.562914848327637 0.522193312644958 0.542597830295563 0.529513478279114 0.544286668300629 0.536165058612823 0.535039722919464 0.527227461338043 0.52386873960495 0.541869461536407 0.517781436443329 0.536211371421814 0.512093663215637 0.525058686733246 0.521994233131409 0.524139523506165
