output/projections/05_YDS/Sclerurus cearensis.asc
NCOLS 168 
NROWS 144 
XLLCORNER -41.0000000002598 
YLLCORNER -7.99999999976785 
CELLSIZE 0.0416666666664048 
NODATA_value -3.4e+38 
[rows 80 to 99 of 144, columns 46 to 91 of 168]
0.381273180246353 0.402668923139572 0.316936790943146 0.36699241399765 0.38406303524971 0.320116877555847 0.384486705064774 0.336560636758804 0.365403592586517 0.358312904834747 0.355581492185593 0.355535447597504 0.351828932762146 0.338648825883865 0.346069693565369 0.318473398685455 0.334407091140747 0.392259955406189 0.293336868286133 0.242088034749031 0.29925736784935 0.313969492912292 0.302749186754227 0.260122686624527 0.213044703006744 0.251254320144653 0.320500761270523 0.300723373889923 0.30445408821106 0.308121383190155 0.316228806972504 0.283925920724869 0.254425317049026 0.274000376462936 0.268086463212967 0.252849161624908 0.247631460428238 0.238440439105034 0.207198724150658 0.213911011815071 0.234182953834534 0.237689599394798 0.200603529810905 0.196846425533295 0.215855821967125 0.216731876134872
0.396001279354095 0.423960447311401 0.374272286891937 0.366268366575241 0.418870359659195 0.414398074150085 0.345347553491592 0.333698689937592 0.396984934806824 0.39476951956749 0.370301008224487 0.354247957468033 0.359427958726883 0.348676800727844 0.305238962173462 0.347923398017883 0.391828685998917 0.328250288963318 0.263027101755142 0.241966262459755 0.252956032752991 0.307055115699768 0.324101448059082 0.256016880273819 0.259595036506653 0.227926090359688 0.318054616451263 0.287037998437881 0.298268556594849 0.314805775880814 0.300565809011459 0.258498877286911 0.229561239480972 0.230714231729507 0.258420914411545 0.26039719581604 0.260396182537079 0.232805863022804 0.190956234931946 0.222546592354774 0.236051455140114 0.235691577196121 0.208734959363937 0.187395885586739 0.204123094677925 0.229579716920853
0.402882039546967 0.449519008398056 0.378418534994125 0.374258011579514 0.473535537719727 0.414559185504913 0.364680528640747 0.392302483320236 0.40649476647377 0.379351198673248 0.379338651895523 0.370408922433853 0.342810153961182 0.334065049886703 0.33946630358696 0.356118232011795 0.332996040582657 0.297041147947311 0.288668155670166 0.250997692346573 0.248801216483116 0.291800886392593 0.363035559654236 0.27132186293602 0.249821990728378 0.231367364525795 0.322288662195206 0.288854897022247 0.278568238019943 0.294705659151077 0.294563770294189 0.262530237436295 0.255435466766357 0.243759855628014 0.245680257678032 0.247609868645668 0.238298878073692 0.202202051877975 0.202232271432877 0.237809911370277 0.230475872755051 0.237568393349648 0.213296547532082 0.188881501555443 0.206900343298912 0.233038410544395
0.460149466991425 0.486490875482559 0.361620783805847 0.426950037479401 0.439365774393082 0.403408855199814 0.408241391181946 0.402872174978256 0.408794850111008 0.338854074478149 0.31883242726326 0.360413819551468 0.36973962187767 0.386952459812164 0.357719719409943 0.316611647605896 0.298979043960571 0.331158190965652 0.330728828907013 0.260211795568466 0.246687263250351 0.273197054862976 0.362882077693939 0.293085068464279 0.272424399852753 0.232797384262085 0.328303337097168 0.303459703922272 0.274503529071808 0.274331361055374 0.284155040979385 0.274248361587524 0.259280145168304 0.247610852122307 0.255434453487396 0.255075931549072 0.234547555446625 0.200424745678902 0.227044865489006 0.228873446583748 0.237689599394798 0.252302438020706 0.209713637828827 0.197895064949989 0.213804051280022 0.245550483465195
0.506772339344025 0.473002552986145 0.438864678144455 0.428067773580551 0.415497779846191 0.385078310966492 0.378145307302475 0.388264089822769 0.380848318338394 0.37900698184967 0.323371857404709 0.320918291807175 0.346618503332138 0.369320243597031 0.311605989933014 0.272246927022934 0.313484340906143 0.376187324523926 0.337219089269638 0.259900689125061 0.253988116979599 0.265023052692413 0.337099075317383 0.350175946950912 0.321433782577515 0.239781379699707 0.32156777381897 0.318184167146683 0.278644919395447 0.266583919525146 0.256892323493958 0.262501895427704 0.264923274517059 0.27452227473259 0.272325217723846 0.238272324204445 0.208580866456032 0.208880588412285 0.23059456050396 0.227044865489006 0.250347435474396 0.255989700555801 0.221480593085289 0.197789713740349 0.221862107515335 0.266069561243057
0.492846190929413 0.427821397781372 0.410787433385849 0.407941401004791 0.387550830841064 0.365128248929977 0.374632954597473 0.342477798461914 0.349346816539764 0.373926103115082 0.362883895635605 0.324261456727982 0.315461874008179 0.276118040084839 0.328521728515625 0.254496723413467 0.329677522182465 0.38060662150383 0.325880438089371 0.273380935192108 0.263222604990005 0.268698960542679 0.291563600301743 0.374183267354965 0.394735366106033 0.28310689330101 0.284858912229538 0.272594511508942 0.300802737474442 0.28037291765213 0.270495772361755 0.270643293857574 0.268488585948944 0.26274585723877 0.236511513590813 0.231047198176384 0.212002396583557 0.22193968296051 0.23056860268116 0.2410888671875 0.276510566473007 0.283333867788315 0.238582700490952 0.194497048854828 0.228768348693848 0.284320175647736
0.475002527236938 0.439004749059677 0.396250367164612 0.385607719421387 0.397938162088394 0.377711832523346 0.368729948997498 0.359343767166138 0.348492473363876 0.353600949048996 0.342330455780029 0.310327619314194 0.328321248292923 0.308800309896469 0.29625204205513 0.287838488817215 0.336206078529358 0.34811720252037 0.327847689390182 0.259428858757019 0.268959909677505 0.302269160747528 0.293576687574387 0.409226655960083 0.402969211339951 0.417120665311813 0.292846351861954 0.254917502403259 0.29848301410675 0.276159256696701 0.292308390140533 0.302447319030762 0.279700249433517 0.230103179812431 0.221716582775116 0.234402135014534 0.218492299318314 0.233659461140633 0.270581513643265 0.298858225345612 0.309146016836166 0.283145874738693 0.235432490706444 0.202591702342033 0.197457537055016 0.257263720035553
0.488764017820358 0.433687686920166 0.43917852640152 0.428143590688705 0.375127226114273 0.338477820158005 0.346425443887711 0.361739218235016 0.350887686014175 0.357940793037415 0.328467667102814 0.283828318119049 0.304284632205963 0.339133888483047 0.267611265182495 0.479020595550537 0.365308433771133 0.332237750291824 0.379344701766968 0.27132186293602 0.251562088727951 0.283676296472549 0.271026194095612 0.453145086765289 0.517482340335846 0.436768919229507 0.318266928195953 0.29552286863327 0.282151609659195 0.26982793211937 0.285865902900696 0.27161505818367 0.241089448332787 0.221455276012421 0.221799731254578 0.245282351970673 0.23779071867466 0.223515570163727 0.265721201896667 0.261685460805893 0.265590667724609 0.248147815465927 0.258917033672333 0.240077584981918 0.198684439063072 0.22462010383606
0.445667922496796 0.409978598356247 0.383234888315201 0.34994825720787 0.357215136289597 0.349318504333496 0.417799979448318 0.409573376178741 0.363941341638565 0.390180885791779 0.328219205141068 0.308323115110397 0.287523508071899 0.329183429479599 0.252138137817383 0.67391437292099 0.399500519037247 0.368505239486694 0.437998205423355 0.257619857788086 0.267873972654343 0.363755792379379 0.292278915643692 0.445695579051971 0.481451332569122 0.362691253423691 0.465731889009476 0.426348388195038 0.341946601867676 0.317849040031433 0.29589518904686 0.263600081205368 0.248155370354652 0.238952025771141 0.218006402254105 0.254136592149734 0.24283355474472 0.233825653791428 0.268862545490265 0.283539324998856 0.353655248880386 0.286042124032974 0.287896454334259 0.25866237282753 0.205095678567886 0.22954648733139
0.446816205978394 0.416465669870377 0.35484766960144 0.40890371799469 0.423080176115036 0.430339068174362 0.421568423509598 0.388888418674469 0.380043178796768 0.323693662881851 0.325680732727051 0.325742393732071 0.28938353061676 0.282508969306946 0.34304815530777 0.700446426868439 0.441471993923187 0.537283658981323 0.363033086061478 0.276922672986984 0.253249228000641 0.304017722606659 0.282894790172577 0.357300877571106 0.428199768066406 0.526905953884125 0.479185044765472 0.444169074296951 0.393384724855423 0.345888137817383 0.321525096893311 0.273308902978897 0.255892783403397 0.252053648233414 0.228470489382744 0.231792077422142 0.233508035540581 0.282614290714264 0.350697487592697 0.371061891317368 0.362752705812454 0.329286128282547 0.302053421735764 0.24904029071331 0.220134004950523 0.287866175174713
0.386783361434937 0.409542143344879 0.434067010879517 0.464057475328445 0.437221050262451 0.376370877027512 0.439724564552307 0.354434043169022 0.352749794721603 0.323435097932816 0.331353604793549 0.353722035884857 0.30295991897583 0.277892142534256 0.578095734119415 0.69755083322525 0.397495627403259 0.418497234582901 0.341118484735489 0.287128180265427 0.266599208116531 0.31037238240242 0.283123403787613 0.324868679046631 0.370961040258408 0.437775880098343 0.372723013162613 0.323804318904877 0.367629796266556 0.370912939310074 0.29401171207428 0.283343911170959 0.285458475351334 0.250349998474121 0.253759294748306 0.240665629506111 0.302765130996704 0.334173440933228 0.407314389944077 0.409937024116516 0.353048533201218 0.316185474395752 0.295553475618362 0.27282240986824 0.245721340179443 0.338768720626831
0.447643458843231 0.448899745941162 0.464897185564041 0.480419039726257 0.405213057994843 0.368101716041565 0.37785416841507 0.379967749118805 0.348097950220108 0.363185465335846 0.323112636804581 0.324360013008118 0.315566718578339 0.292170405387878 0.609260261058807 0.676136016845703 0.526805400848389 0.48988601565361 0.318943500518799 0.342101335525513 0.288713991641998 0.300318717956543 0.311051607131958 0.399412006139755 0.394416242837906 0.435035765171051 0.372098833322525 0.388306468725204 0.319375336170197 0.301723092794418 0.279240399599075 0.338818579912186 0.295195728540421 0.270893424749374 0.306626617908478 0.265562891960144 0.317592769861221 0.379578113555908 0.367998600006104 0.37496617436409 0.369798123836517 0.352593779563904 0.335170298814774 0.270730048418045 0.279651671648026 0.331641167402267
0.481240689754486 0.52978926897049 0.454561680555344 0.428647845983505 0.436256587505341 0.365017682313919 0.424300193786621 0.386679917573929 0.379296571016312 0.405221402645111 0.362724989652634 0.328637510538101 0.330466747283936 0.324742138385773 0.703038811683655 0.841630816459656 0.803117990493774 0.404777944087982 0.337368667125702 0.383042961359024 0.327998876571655 0.321060627698898 0.334958165884018 0.412586599588394 0.424390017986298 0.389401435852051 0.364525735378265 0.315416812896729 0.292096614837646 0.287385880947113 0.32659050822258 0.384499132633209 0.323873817920685 0.316362947225571 0.329557299613953 0.313713878393173 0.366353660821915 0.357217699289322 0.381690263748169 0.356759339570999 0.364080190658569 0.319827258586884 0.291831612586975 0.271707504987717 0.337416470050812 0.293037265539169
0.528258562088013 0.548240005970001 0.471072882413864 0.509468674659729 0.414089500904083 0.396710395812988 0.454855471849442 0.424079388380051 0.383904665708542 0.431965678930283 0.381365865468979 0.335255175828934 0.325885266065598 0.380141258239746 0.82361626625061 0.87713485956192 0.786749184131622 0.410561591386795 0.387490481138229 0.426016181707382 0.3376325070858 0.489771246910095 0.489251017570496 0.47788342833519 0.441706448793411 0.389493674039841 0.337420016527176 0.347341656684875 0.36412650346756 0.35669469833374 0.365978896617889 0.404682189226151 0.356337547302246 0.299331158399582 0.400717735290527 0.393530458211899 0.387531518936157 0.35928276181221 0.352138131856918 0.343406051397324 0.323366433382034 0.280054092407227 0.292324513196945 0.437596708536148 0.326397687196732 0.274102330207825
0.577422082424164 0.530910730361938 0.547625541687012 0.509110987186432 0.439188778400421 0.441535353660583 0.47081059217453 0.451687544584274 0.43822830915451 0.424447268247604 0.378577083349228 0.384485840797424 0.399432837963104 0.370938807725906 0.660499632358551 0.79218727350235 0.568313419818878 0.428282856941223 0.4439517557621 0.364688277244568 0.340508729219437 0.479094177484512 0.635211110115051 0.449437648057938 0.375575244426727 0.345399022102356 0.397393673658371 0.403143256902695 0.393342971801758 0.435380548238754 0.442238926887512 0.411730885505676 0.327119559049606 0.332583487033844 0.428623974323273 0.445661008358002 0.398200511932373 0.359435588121414 0.365096807479858 0.356093257665634 0.326340764760971 0.294110149145126 0.460411757230759 0.418988645076752 0.297442615032196 0.287843078374863
0.620518624782562 0.610568106174469 0.592947721481323 0.501411259174347 0.531047880649567 0.44137167930603 0.514107823371887 0.507856607437134 0.467470496892929 0.402418434619904 0.403629064559937 0.41416797041893 0.58525538444519 0.43425840139389 0.846494257450104 0.70839262008667 0.715308368206024 0.522291779518127 0.443902164697647 0.363290637731552 0.505699932575226 0.472229361534119 0.431264698505402 0.515404939651489 0.401408404111862 0.662422955036163 0.787657678127289 0.481493830680847 0.474163472652435 0.492487460374832 0.409698188304901 0.373936504125595 0.339217334985733 0.370107054710388 0.430844843387604 0.445651322603226 0.386273801326752 0.411462754011154 0.380125612020493 0.412552684545517 0.370632410049438 0.316628634929657 0.399458914995193 0.301383793354034 0.331218600273132 0.402582496404648
0.650225698947906 0.689357340335846 0.625108599662781 0.526069343090057 0.60627144575119 0.476659387350082 0.513759255409241 0.515031695365906 0.478958874940872 0.390307188034058 0.377226233482361 0.486567556858063 0.476486921310425 0.584941625595093 0.938044190406799 0.904708087444305 0.681406617164612 0.533420860767365 0.433668196201324 0.42972320318222 0.520108878612518 0.394517928361893 0.461042076349258 0.755467653274536 0.815563559532166 0.900938272476196 0.896240890026093 0.581594586372375 0.681744277477264 0.531216859817505 0.430699914693832 0.369239181280136 0.346980303525925 0.432115077972412 0.485093384981155 0.516216576099396 0.449168294668198 0.459141552448273 0.418384969234467 0.389589190483093 0.349960118532181 0.332833260297775 0.320549368858337 0.443544924259186 0.716825902462006 0.798545956611633
0.568595170974731 0.618045210838318 0.644540548324585 0.571586847305298 0.647261381149292 0.545129120349884 0.512585043907166 0.48121377825737 0.432916641235352 0.366943895816803 0.392735928297043 0.53734302520752 0.440246134996414 0.876602292060852 0.942777037620544 0.902933895587921 0.891901791095734 0.790410339832306 0.625994145870209 0.498023331165314 0.444357335567474 0.385900884866714 0.386814683675766 0.443569332361221 0.616317927837372 0.866819024085999 0.862749457359314 0.920521020889282 0.832539975643158 0.553767383098602 0.495049774646759 0.42168590426445 0.429757058620453 0.460505157709122 0.480217456817627 0.526256263256073 0.507751941680908 0.444316357374191 0.414723843336105 0.460049867630005 0.371484994888306 0.370576202869415 0.375779658555984 0.413442492485046 0.575761795043945 0.797309398651123
0.53344202041626 0.54791522026062 0.684560000896454 0.589726507663727 0.683951139450073 0.607153952121735 0.563353419303894 0.501321256160736 0.406324297189713 0.416753649711609 0.435650944709778 0.589908361434937 0.553012728691101 0.923848986625671 0.895584344863892 0.947805166244507 0.834349930286407 0.796070098876953 0.577168047428131 0.527749300003052 0.495425909757614 0.432964473962784 0.456063032150269 0.449833124876022 0.469094157218933 0.503844738006592 0.78716903924942 0.931270718574524 0.939789354801178 0.748483836650848 0.534927546977997 0.480814874172211 0.496801316738129 0.471622139215469 0.569239735603333 0.611562132835388 0.528845906257629 0.482895523309708 0.455411911010742 0.465241491794586 0.432769507169724 0.425296723842621 0.388784885406494 0.389854520559311 0.427010148763657 0.530506610870361
0.471347332000732 0.536675453186035 0.717085063457489 0.569366276264191 0.694894254207611 0.624048411846161 0.593834698200226 0.532276928424835 0.381994545459747 0.458132773637772 0.471233189105988 0.447512209415436 0.848874390125275 0.938978731632233 0.936549484729767 0.939172804355621 0.859513938426971 0.764014303684235 0.563513696193695 0.625838756561279 0.518757700920105 0.46863266825676 0.4795041680336 0.485484659671783 0.453146517276764 0.689223170280457 0.832698822021484 0.831425070762634 0.844101905822754 0.590360283851624 0.482407689094543 0.546593308448792 0.523946464061737 0.504945397377014 0.795529961585999 0.606931209564209 0.579296410083771 0.485114336013794 0.439328134059906 0.449880301952362 0.439617484807968 0.419865339994431 0.414847850799561 0.423207879066467 0.481314390897751 0.477929651737213
