output/projections/09_LIG/Cassia ferruginea.asc
NCOLS 168 
NROWS 144 
XLLCORNER -41.000137777 
YLLCORNER -8.000138593 
CELLSIZE 0.041666667 
NODATA_value -3.4e+38 
[rows 105 to 125 of 144, columns 92 to 137 of 168]
0.071571409702301 0.0837286710739136 0.0790242627263069 0.080555371940136 0.206196054816246 0.140597313642502 0.176565587520599 0.165800839662552 0.122858248651028 0.0929915383458138 0.10276161134243 0.12985622882843 0.178132131695747 0.257855981588364 0.144256100058556 0.289605975151062 0.227297380566597 0.196367830038071 0.196367830038071 0.226666003465652 0.30739238858223 0.378257036209106 0.368393301963806 0.52226334810257 0.480334371328354 0.291995197534561 0.231021255254745 0.192071050405502 0.208620846271515 0.306360691785812 0.237067759037018 0.178347498178482 0.196367830038071 0.23239429295063 0.553899168968201 0.459626019001007 0.281751036643982 0.383785873651505 0.429167896509171 0.435376226902008 0.497443675994873 0.53008359670639 0.529204726219177 0.699198544025421 0.851140677928925 0.851531147956848
0.0939090624451637 0.0799279287457466 0.0796401649713516 0.125336036086082 0.154547795653343 0.123839572072029 0.154923230409622 0.107752077281475 0.101288303732872 0.106002524495125 0.11374256759882 0.120852582156658 0.109362736344337 0.174888253211975 0.237700760364532 0.379604399204254 0.196367830038071 0.216259449720383 0.237372070550919 0.237372070550919 0.345555633306503 0.399293303489685 0.458078235387802 0.541158080101013 0.577513933181763 0.27957159280777 0.331406354904175 0.349341958761215 0.242315053939819 0.280158042907715 0.288520872592926 0.216259449720383 0.345566093921661 0.626954734325409 0.683070719242096 0.573636412620544 0.461899995803833 0.491855144500732 0.477935075759888 0.527434647083282 0.55078512430191 0.553108513355255 0.547017931938171 0.626563012599945 0.697885751724243 0.730696201324463
0.0836849138140678 0.091826044023037 0.0824663043022156 0.0880564898252487 0.0983137935400009 0.159956589341164 0.102718532085419 0.111712418496609 0.15441270172596 0.140634953975677 0.121620155870914 0.103655748069286 0.115746401250362 0.195644244551659 0.186891078948975 0.277614265680313 0.228890866041183 0.237372070550919 0.265365570783615 0.248370260000229 0.380242228507996 0.384224593639374 0.521211266517639 0.518053948879242 0.581623375415802 0.355092465877533 0.468557804822922 0.446796029806137 0.284695148468018 0.273665964603424 0.297798603773117 0.29955843091011 0.510396182537079 0.404782325029373 0.530050337314606 0.569506525993347 0.461899995803833 0.498178869485855 0.473728656768799 0.49720311164856 0.51406455039978 0.463776856660843 0.591043055057526 0.569717586040497 0.603444218635559 0.588382065296173
0.0860209316015244 0.0954288318753242 0.0995102599263191 0.0968747064471245 0.102115288376808 0.110032260417938 0.107881538569927 0.107752077281475 0.124227859079838 0.104414865374565 0.10432706028223 0.11143309623003 0.129395514726639 0.222884923219681 0.284429162740707 0.254720419645309 0.304000407457352 0.286458700895309 0.301330745220184 0.259651869535446 0.30739238858223 0.418654084205627 0.50435870885849 0.462683826684952 0.401313751935959 0.36956974864006 0.285597652196884 0.355925917625427 0.28302389383316 0.52226334810257 0.301266551017761 0.426885277032852 0.566158950328827 0.563049554824829 0.743278026580811 0.67518025636673 0.457710981369019 0.410607784986496 0.457617819309235 0.483197450637817 0.485612243413925 0.475088179111481 0.58666068315506 0.669150769710541 0.60824853181839 0.56534206867218
0.0914997011423111 0.106898620724678 0.113088481128216 0.0914807692170143 0.117249898612499 0.0967590287327766 0.115268737077713 0.11553381383419 0.11236297339201 0.110653281211853 0.114720031619072 0.115746401250362 0.180614620447159 0.189973786473274 0.177730485796928 0.237372070550919 0.271206855773926 0.399694859981537 0.32470577955246 0.28302389383316 0.33264172077179 0.412510007619858 0.465413421392441 0.390958905220032 0.353542774915695 0.350913733243942 0.30739238858223 0.4664626121521 0.33264172077179 0.458078235387802 0.400305032730103 0.547432780265808 0.661718308925629 0.754378914833069 0.783560991287231 0.565493822097778 0.345268905162811 0.484121382236481 0.627426385879517 0.606677889823914 0.567773938179016 0.49057075381279 0.723614752292633 0.63765686750412 0.500365316867828 0.753322005271912
0.0904555395245552 0.120423883199692 0.117769919335842 0.102817386388779 0.154923230409622 0.119336828589439 0.103373542428017 0.102058500051498 0.139113187789917 0.121010638773441 0.116010919213295 0.122831933200359 0.188868820667267 0.203729122877121 0.186891078948975 0.315529823303223 0.33264172077179 0.410467922687531 0.384620696306229 0.319914907217026 0.345555633306503 0.416603147983551 0.445547521114349 0.39767324924469 0.33264172077179 0.33264172077179 0.419680625200272 0.551607728004456 0.434121131896973 0.512788653373718 0.592864632606506 0.669227123260498 0.700156986713409 0.773382842540741 0.579914808273315 0.453223586082458 0.755938053131104 0.832401871681213 0.684422135353088 0.586385548114777 0.524955868721008 0.539207100868225 0.705560982227325 0.574340343475342 0.556358337402344 0.868596851825714
0.0863782316446304 0.102502517402172 0.125798985362053 0.113695472478867 0.173188537359238 0.113985039293766 0.109637506306171 0.109452813863754 0.136287748813629 0.156431332230568 0.126903936266899 0.152840092778206 0.148522600531578 0.160361215472221 0.206158459186554 0.259651869535446 0.33264172077179 0.376275926828384 0.371341317892075 0.345555633306503 0.358638435602188 0.435157179832458 0.458078235387802 0.392235606908798 0.345555633306503 0.428949624300003 0.549521148204803 0.496980339288712 0.523315250873566 0.550564646720886 0.676650643348694 0.674802899360657 0.68216073513031 0.74247270822525 0.491086840629578 0.503734707832336 0.682157278060913 0.749135315418243 0.649801433086395 0.454037874937057 0.477652013301849 0.694010674953461 0.733216106891632 0.726137340068817 0.770151615142822 0.883669674396515
0.0998661667108536 0.109209209680557 0.118013873696327 0.127685368061066 0.193730264902115 0.115965358912945 0.11110757291317 0.116414323449135 0.12996332347393 0.141080737113953 0.144258126616478 0.134204506874084 0.154483988881111 0.136672019958496 0.160361215472221 0.216259449720383 0.29509037733078 0.33264172077179 0.358638435602188 0.358638435602188 0.368393301963806 0.427917122840881 0.403345346450806 0.367412805557251 0.382231444120407 0.478021144866943 0.449088424444199 0.433840483427048 0.490371435880661 0.4320467710495 0.468277364969254 0.465409398078918 0.53801167011261 0.449099868535995 0.43343311548233 0.499084413051605 0.752027630805969 0.820139706134796 0.576977252960205 0.501700878143311 0.724539935588837 0.861932575702667 0.783309996128082 0.759911954402924 0.765575528144836 0.737246870994568
0.108877137303352 0.109620057046413 0.118312977254391 0.154463857412338 0.168737217783928 0.114056088030338 0.120374768972397 0.121620155870914 0.138545423746109 0.130765810608864 0.155607178807259 0.136672019958496 0.326462835073471 0.144256100058556 0.186891078948975 0.237372070550919 0.29509037733078 0.33264172077179 0.358638435602188 0.382231444120407 0.376275926828384 0.414555102586746 0.386221647262573 0.370357573032379 0.394247651100159 0.406393080949783 0.392634689807892 0.455355018377304 0.451522290706635 0.352069139480591 0.418035417795181 0.527520596981049 0.637736618518829 0.470377594232559 0.545342803001404 0.608036160469055 0.843284487724304 0.894165635108948 0.840667843818665 0.823644638061523 0.862494826316833 0.703377068042755 0.654257953166962 0.639254868030548 0.642166614532471 0.704177796840668
0.103597864508629 0.121426589787006 0.141422539949417 0.142218410968781 0.15528392791748 0.120374768972397 0.13188225030899 0.113866403698921 0.12890636920929 0.192269057035446 0.161152765154839 0.211059227585793 0.30909863114357 0.152151525020599 0.177730485796928 0.248370260000229 0.30739238858223 0.358638435602188 0.358638435602188 0.36155304312706 0.358638435602188 0.363501846790314 0.383227527141571 0.381236344575882 0.363501846790314 0.382231444120407 0.395254999399185 0.487496256828308 0.428669810295105 0.37330824136734 0.437642902135849 0.557856261730194 0.676650643348694 0.62794029712677 0.804243266582489 0.796838343143463 0.90336686372757 0.916154563426971 0.882609248161316 0.632006347179413 0.610605716705322 0.659496009349823 0.780433714389801 0.788620829582214 0.777885735034943 0.820711195468903
0.0903261601924896 0.187812060117722 0.181201502680779 0.190398216247559 0.146861657500267 0.130440816283226 0.120405323803425 0.115746401250362 0.200720563530922 0.396500706672668 0.202364578843117 0.328563034534454 0.270940989255905 0.168887183070183 0.196367830038071 0.28302389383316 0.30739238858223 0.345555633306503 0.358638435602188 0.358638435602188 0.358638435602188 0.358638435602188 0.378257036209106 0.358638435602188 0.386221647262573 0.358638435602188 0.457031756639481 0.47276359796524 0.429359674453735 0.373044788837433 0.437231004238129 0.513841927051544 0.692130565643311 0.739234805107117 0.768168449401855 0.815282344818115 0.908398449420929 0.906985402107239 0.76366925239563 0.704384624958038 0.787452697753906 0.740157902240753 0.77933931350708 0.793790996074677 0.809213042259216 0.849513828754425
0.121877111494541 0.115103669464588 0.212524682283401 0.218224465847015 0.160768434405327 0.128205373883247 0.124201290309429 0.144777357578278 0.274872630834579 0.303846478462219 0.237179532647133 0.436949908733368 0.240000322461128 0.196367830038071 0.226666003465652 0.237372070550919 0.29509037733078 0.319914907217026 0.358638435602188 0.358638435602188 0.358638435602188 0.358638435602188 0.358638435602188 0.358638435602188 0.391230940818787 0.389224410057068 0.439307004213333 0.43308562040329 0.440345823764801 0.378650784492493 0.452849715948105 0.545342803001404 0.668293118476868 0.763632774353027 0.837057173252106 0.881144225597382 0.893765985965729 0.893657445907593 0.895749568939209 0.844422221183777 0.735263049602509 0.724813103675842 0.63109815120697 0.646660387516022 0.656233608722687 0.659081399440765
0.17500726878643 0.114674910902977 0.114690728485584 0.23779883980751 0.152031660079956 0.155536338686943 0.117921613156796 0.160361215472221 0.242756247520447 0.36956974864006 0.271206855773926 0.464780896902084 0.259651869535446 0.271206855773926 0.271206855773926 0.30739238858223 0.358638435602188 0.358638435602188 0.358638435602188 0.358638435602188 0.358638435602188 0.358638435602188 0.358638435602188 0.368393301963806 0.403345346450806 0.378257036209106 0.386221647262573 0.371341317892075 0.377265989780426 0.38722163438797 0.448674321174622 0.593881964683533 0.735970675945282 0.776325047016144 0.763632774353027 0.857748210430145 0.88025826215744 0.897598326206207 0.827185213565826 0.697182536125183 0.626520812511444 0.619945168495178 0.618951261043549 0.584614396095276 0.574340343475342 0.686314761638641
0.139387086033821 0.127474620938301 0.118600405752659 0.118502251803875 0.156700849533081 0.197003215551376 0.136672019958496 0.206158459186554 0.271206855773926 0.438680857419968 0.29509037733078 0.411488592624664 0.368782848119736 0.33264172077179 0.319914907217026 0.358638435602188 0.358638435602188 0.358638435602188 0.358638435602188 0.358638435602188 0.358638435602188 0.358638435602188 0.358638435602188 0.358638435602188 0.358638435602188 0.358638435602188 0.358638435602188 0.424823492765427 0.407410621643066 0.381236344575882 0.558896005153656 0.713264048099518 0.670159757137299 0.770413398742676 0.864305913448334 0.898475110530853 0.90336686372757 0.928513586521149 0.824646770954132 0.745761156082153 0.737319529056549 0.618595063686371 0.532685875892639 0.558438658714294 0.569842159748077 0.700278282165527
0.134185642004013 0.136111080646515 0.128068193793297 0.121301263570786 0.1293805539608 0.19697467982769 0.249799728393555 0.271206855773926 0.416603147983551 0.433496624231339 0.338281184434891 0.408428937196732 0.377659291028976 0.33264172077179 0.358638435602188 0.358638435602188 0.391230940818787 0.358638435602188 0.358638435602188 0.358638435602188 0.358638435602188 0.358638435602188 0.358638435602188 0.358638435602188 0.358638435602188 0.358638435602188 0.424823492765427 0.401317626237869 0.358638435602188 0.394247651100159 0.621019244194031 0.733505427837372 0.791323125362396 0.881144225597382 0.914849936962128 0.925663948059082 0.930720388889313 0.910136282444 0.808226764202118 0.783187806606293 0.711232602596283 0.545928239822388 0.537111222743988 0.559038460254669 0.68275386095047 0.806948065757751
0.128844156861305 0.135936349630356 0.174776643514633 0.143804803490639 0.197034046053886 0.327612936496735 0.410191506147385 0.360317021608353 0.414555102586746 0.443465322256088 0.462267756462097 0.321938425302505 0.319914907217026 0.345555633306503 0.358638435602188 0.364477902650833 0.367412805557251 0.358638435602188 0.36937490105629 0.358638435602188 0.358638435602188 0.358638435602188 0.358638435602188 0.358638435602188 0.358638435602188 0.358638435602188 0.358638435602188 0.358638435602188 0.358638435602188 0.540110945701599 0.673877000808716 0.755938053131104 0.783560991287231 0.87249493598938 0.885916292667389 0.89405745267868 0.747117340564728 0.760418176651001 0.667029321193695 0.676326870918274 0.614185571670532 0.570438325405121 0.654746115207672 0.76017439365387 0.797585546970367 0.815977394580841
0.114871121942997 0.293230712413788 0.21338714659214 0.194320634007454 0.26939395070076 0.465829879045486 0.534870266914368 0.524366915225983 0.481178104877472 0.455355018377304 0.378253251314163 0.315529823303223 0.30739238858223 0.33264172077179 0.33264172077179 0.358638435602188 0.367412805557251 0.359608829021454 0.358638435602188 0.358638435602188 0.358638435602188 0.358638435602188 0.358638435602188 0.358638435602188 0.358638435602188 0.358638435602188 0.358638435602188 0.358638435602188 0.510681629180908 0.649342238903046 0.713264048099518 0.733505427837372 0.8318150639534 0.868695139884949 0.882899165153503 0.71357250213623 0.706358194351196 0.602088034152985 0.570967316627502 0.63294643163681 0.652308940887451 0.708146274089813 0.719814360141754 0.727403283119202 0.810858428478241 0.81534343957901
0.135122582316399 0.140455365180969 0.191133365035057 0.209012493491173 0.308542609214783 0.335755407810211 0.248260751366615 0.216259449720383 0.248370260000229 0.304000407457352 0.316566318273544 0.29509037733078 0.29509037733078 0.33264172077179 0.36058035492897 0.375286906957626 0.345555633306503 0.345555633306503 0.345555633306503 0.358638435602188 0.358638435602188 0.358638435602188 0.358638435602188 0.358638435602188 0.358638435602188 0.358638435602188 0.371341317892075 0.365455090999603 0.54638797044754 0.635786175727844 0.685806155204773 0.748869240283966 0.814009070396423 0.845500409603119 0.799147129058838 0.769169807434082 0.669446766376495 0.636562645435333 0.620501518249512 0.60309773683548 0.662752211093903 0.627594590187073 0.600107371807098 0.63981568813324 0.713382244110107 0.762212097644806
0.102848254144192 0.129334762692451 0.272161900997162 0.1224220469594 0.152151525020599 0.285449206829071 0.359034180641174 0.335153847932816 0.336093991994858 0.305787563323975 0.296031713485718 0.28302389383316 0.29509037733078 0.319914907217026 0.319914907217026 0.319914907217026 0.33264172077179 0.33264172077179 0.345555633306503 0.358638435602188 0.358638435602188 0.358638435602188 0.358638435602188 0.358638435602188 0.358638435602188 0.358638435602188 0.371341317892075 0.410467922687531 0.548477172851562 0.603000581264496 0.694819331169128 0.758264183998108 0.797520041465759 0.808848202228546 0.754378914833069 0.796838343143463 0.864171862602234 0.706522047519684 0.65910416841507 0.73534369468689 0.666511356830597 0.551241755485535 0.737180113792419 0.711232602596283 0.666549623012543 0.695319831371307
0.516715884208679 0.619032621383667 0.535915017127991 0.401657670736313 0.510046303272247 0.532138824462891 0.480121582746506 0.397611290216446 0.32121816277504 0.271158933639526 0.283880263566971 0.283880263566971 0.28302389383316 0.30739238858223 0.319914907217026 0.319914907217026 0.33264172077179 0.33264172077179 0.33264172077179 0.345555633306503 0.358638435602188 0.358638435602188 0.358638435602188 0.358638435602188 0.362526893615723 0.372326135635376 0.417628258466721 0.400305032730103 0.570296764373779 0.633831262588501 0.714985549449921 0.766663312911987 0.760575115680695 0.799554944038391 0.859793663024902 0.870606899261475 0.842724323272705 0.686927378177643 0.595706701278687 0.64914608001709 0.537068426609039 0.625766336917877 0.757086277008057 0.691815257072449 0.733216106891632 0.776425361633301
0.565878331661224 0.67757248878479 0.471090763807297 0.410891771316528 0.431363493204117 0.415996581315994 0.34176903963089 0.277031064033508 0.295160293579102 0.275393724441528 0.278771936893463 0.271206855773926 0.28302389383316 0.29509037733078 0.30739238858223 0.30739238858223 0.319914907217026 0.33264172077179 0.33264172077179 0.345555633306503 0.358638435602188 0.358638435602188 0.358638435602188 0.358638435602188 0.358638435602188 0.358638435602188 0.380242228507996 0.454939931631088 0.52962189912796 0.590827643871307 0.672021090984344 0.736789107322693 0.738421201705933 0.774120926856995 0.818892419338226 0.736310839653015 0.769971609115601 0.56121826171875 0.55406528711319 0.626321256160736 0.746670722961426 0.800388395786285 0.719343960285187 0.653792381286621 0.726566433906555 0.704684317111969
