output/projections/09_LIG/Cassia ferruginea.asc
NCOLS 168 
NROWS 144 
XLLCORNER -41.000137777 
YLLCORNER -8.000138593 
CELLSIZE 0.041666667 
NODATA_value -3.4e+38 
[rows 105 to 125 of 144, columns 46 to 91 of 168]
0.0880106240510941 0.0584009401500225 0.0493911243975163 0.0799094289541245 0.0627381056547165 0.0452291369438171 0.0427326858043671 0.0367648303508759 0.038678165525198 0.0815159827470779 0.245600491762161 0.515484988689423 0.611258387565613 0.247921347618103 0.307149678468704 0.244717687368393 0.516587138175964 0.321995794773102 0.104134157299995 0.105718046426773 0.0728153362870216 0.180712848901749 0.0854917839169502 0.0953539907932281 0.273584574460983 0.110512971878052 0.108541510999203 0.172072604298592 0.244327917695045 0.267758399248123 0.180712848901749 0.138841450214386 0.138841450214386 0.133259266614914 0.0918503627181053 0.0902211144566536 0.147635355591774 0.140225872397423 0.110848896205425 0.0978595465421677 0.0862446576356888 0.054608765989542 0.0660116001963615 0.0974843576550484 0.102802537381649 0.0737689733505249
0.0917293801903725 0.0865944623947144 0.106781378388405 0.0703005567193031 0.0452291369438171 0.0601963326334953 0.0574460439383984 0.0389929302036762 0.109275698661804 0.0507910363376141 0.178094699978828 0.453617364168167 0.354979991912842 0.353949189186096 0.142525240778923 0.234382316470146 0.423448383808136 0.171456426382065 0.109084837138653 0.0985035747289658 0.0982287898659706 0.105238892138004 0.110184192657471 0.177546069025993 0.328060269355774 0.182637467980385 0.161589756608009 0.131066426634789 0.114726148545742 0.163887694478035 0.164967864751816 0.131805062294006 0.12199904769659 0.115673542022705 0.0823399722576141 0.103350095450878 0.150165244936943 0.105163253843784 0.0982324033975601 0.0825121775269508 0.0645057857036591 0.0611452423036098 0.0612409263849258 0.082336887717247 0.0856453329324722 0.116508923470974
0.126448079943657 0.110455073416233 0.0971364080905914 0.0646907985210419 0.046504907310009 0.0751345157623291 0.0599582456052303 0.0357025377452374 0.112238571047783 0.0747735574841499 0.24830362200737 0.125423580408096 0.470079690217972 0.253941059112549 0.106089673936367 0.280338943004608 0.143544778227806 0.117757968604565 0.159357666969299 0.155997827649117 0.211233407258987 0.118256188929081 0.121853061020374 0.253789842128754 0.258864223957062 0.226406633853912 0.164967864751816 0.125781282782555 0.124396987259388 0.11240641772747 0.146050721406937 0.120503038167953 0.0987546741962433 0.107727758586407 0.116973735392094 0.0877651795744896 0.0860919430851936 0.0926075354218483 0.066695973277092 0.0593643374741077 0.062120608985424 0.0657521262764931 0.0698358491063118 0.0696348622441292 0.107699736952782 0.129221796989441
0.135564863681793 0.102826073765755 0.0859298035502434 0.071029931306839 0.0432268679141998 0.137436047196388 0.194765493273735 0.0813892558217049 0.0782084837555885 0.0998599678277969 0.115650773048401 0.416529297828674 0.264566779136658 0.144063904881477 0.142511188983917 0.147105574607849 0.0733867064118385 0.0942684486508369 0.175782546401024 0.313596189022064 0.121757827699184 0.124551177024841 0.190927371382713 0.303869038820267 0.136506676673889 0.143614932894707 0.205709174275398 0.167304247617722 0.116682313382626 0.107456564903259 0.101412773132324 0.122905194759369 0.120503038167953 0.0692397430539131 0.0857128649950027 0.150307983160019 0.0971176102757454 0.0663098692893982 0.0598369687795639 0.0674836486577988 0.0784123465418816 0.0622989758849144 0.0928382873535156 0.0900362804532051 0.126401796936989 0.0873107090592384
0.0981467366218567 0.106668703258038 0.0977741628885269 0.07243362814188 0.044604878872633 0.0629959180951118 0.209175109863281 0.148916468024254 0.202032163739204 0.302299112081528 0.200888395309448 0.222735598683357 0.140734970569611 0.101029194891453 0.121850043535233 0.0707381293177605 0.0779854133725166 0.253143101930618 0.259717762470245 0.135219290852547 0.125781282782555 0.125781282782555 0.153677344322205 0.108784101903439 0.14365142583847 0.111819140613079 0.207656010985374 0.19222266972065 0.143959820270538 0.0976345911622047 0.0834280624985695 0.0848347991704941 0.153129771351814 0.117409944534302 0.0927706360816956 0.080305203795433 0.0544946230947971 0.0502138175070286 0.105159409344196 0.0988786146044731 0.0955485925078392 0.0554540008306503 0.0860209316015244 0.16625614464283 0.117817260324955 0.0719084143638611
0.116808384656906 0.138350561261177 0.125983089208603 0.071029931306839 0.0584830418229103 0.0595731064677238 0.0657896846532822 0.144584596157074 0.173260793089867 0.133098587393761 0.105163253843784 0.140058159828186 0.126715987920761 0.0963806957006454 0.0799943581223488 0.079331286251545 0.1186368688941 0.252445757389069 0.208192408084869 0.123209990561008 0.133259266614914 0.114955261349678 0.109907068312168 0.117233239114285 0.0842686370015144 0.149118557572365 0.481951475143433 0.365127325057983 0.205021113157272 0.110016494989395 0.0734814032912254 0.29611074924469 0.179383724927902 0.132612854242325 0.0790683850646019 0.061519056558609 0.0606629438698292 0.0657521262764931 0.142617210745811 0.114213176071644 0.09091567248106 0.0679428204894066 0.0707354471087456 0.106490187346935 0.123666763305664 0.08149204403162
0.159438878297806 0.126448079943657 0.0934008434414864 0.0848496556282043 0.0726377665996552 0.0687604770064354 0.0705790147185326 0.0764903873205185 0.127652063965797 0.0829842388629913 0.126715987920761 0.118350364267826 0.108600169420242 0.0851019248366356 0.0754617750644684 0.139212295413017 0.127523079514503 0.18427586555481 0.154890120029449 0.143650785088539 0.127368301153183 0.0887337252497673 0.216896370053291 0.11018368601799 0.084182396531105 0.104923948645592 0.29933089017868 0.455910265445709 0.300313353538513 0.158565148711205 0.0748332217335701 0.225665003061295 0.105163253843784 0.0821935534477234 0.0617629326879978 0.0628616437315941 0.0617275163531303 0.0804455354809761 0.0957677066326141 0.138039812445641 0.169163703918457 0.0896914377808571 0.0833621621131897 0.133586436510086 0.115243472158909 0.0857132747769356
0.139865338802338 0.125519558787346 0.0944774374365807 0.102583013474941 0.106932058930397 0.0965369790792465 0.0793406069278717 0.0739709362387657 0.0991851761937141 0.109830737113953 0.145814090967178 0.11768114566803 0.0982380509376526 0.0922538489103317 0.125785768032074 0.151393383741379 0.138342961668968 0.123276047408581 0.108600169420242 0.116601891815662 0.0887831747531891 0.179259464144707 0.188753768801689 0.161817952990532 0.0744270160794258 0.105556830763817 0.194194361567497 0.17630136013031 0.141076877713203 0.117674522101879 0.0960141196846962 0.10919751226902 0.0682880654931068 0.0692397430539131 0.0601842068135738 0.0679428204894066 0.0641126185655594 0.224972292780876 0.266811341047287 0.175815552473068 0.0845945701003075 0.0914750322699547 0.113960020244122 0.149991318583488 0.10452863574028 0.0936264395713806
0.175903394818306 0.125057488679886 0.10065845400095 0.0838726088404655 0.096905343234539 0.13123431801796 0.130982205271721 0.0802694857120514 0.0973174497485161 0.111490495502949 0.153572872281075 0.150604233145714 0.138614609837532 0.111689083278179 0.115079715847969 0.107335366308689 0.126257181167603 0.107740022242069 0.0976458340883255 0.0958040133118629 0.0958040133118629 0.107169784605503 0.0910167768597603 0.0817098319530487 0.103586703538895 0.118727043271065 0.168207585811615 0.140875175595284 0.136344790458679 0.101853549480438 0.0864242613315582 0.0674876645207405 0.080137200653553 0.089625857770443 0.0580733455717564 0.0724164843559265 0.125508651137352 0.21610389649868 0.207783609628677 0.136439442634583 0.0773812308907509 0.0859760865569115 0.103741951286793 0.159327149391174 0.118289537727833 0.0987348631024361
0.144493132829666 0.122768968343735 0.0909314900636673 0.088744044303894 0.125329852104187 0.0949273332953453 0.127436265349388 0.135128051042557 0.0903215259313583 0.093675933778286 0.134074583649635 0.257772147655487 0.160572245717049 0.130025342106819 0.134869605302811 0.119625627994537 0.11568658798933 0.120516560971737 0.114826701581478 0.111860774457455 0.11228034645319 0.111860774457455 0.0932776555418968 0.0716933757066727 0.115736089646816 0.106175325810909 0.180132508277893 0.115941248834133 0.0869165882468224 0.0750144347548485 0.0710199922323227 0.0737156644463539 0.119168907403946 0.0954283773899078 0.0739621967077255 0.0910779908299446 0.151511415839195 0.21825435757637 0.177655950188637 0.117757968604565 0.0810715407133102 0.0976089090108871 0.101798117160797 0.128783971071243 0.141049906611443 0.0925374925136566
0.149783611297607 0.125983089208603 0.101040780544281 0.0840849801898003 0.113373346626759 0.107381731271744 0.105775855481625 0.168603137135506 0.114447861909866 0.108379945158958 0.145737960934639 0.137841120362282 0.160489857196808 0.222971752285957 0.22419399023056 0.177744522690773 0.119625627994537 0.121413215994835 0.11698691546917 0.11312360316515 0.107740022242069 0.107335366308689 0.0939933136105537 0.0880644768476486 0.108386114239693 0.109614551067352 0.0950760170817375 0.0778142884373665 0.105775855481625 0.109830737113953 0.0699153169989586 0.0826591178774834 0.141757816076279 0.115815989673138 0.111567832529545 0.0752224177122116 0.0795766189694405 0.207524687051773 0.211233407258987 0.14573860168457 0.117817260324955 0.091826044023037 0.103352710604668 0.15468792617321 0.190073192119598 0.0911309495568275
0.156898617744446 0.139865338802338 0.103361919522285 0.1612468957901 0.278732419013977 0.206805735826492 0.199435979127884 0.306648164987564 0.141076877713203 0.148915797472 0.147850215435028 0.152695298194885 0.175204679369926 0.160833820700645 0.17679750919342 0.15887463092804 0.146340012550354 0.16228449344635 0.117036893963814 0.161403685808182 0.124190337955952 0.153025597333908 0.122367553412914 0.128376886248589 0.139118805527687 0.0971232056617737 0.118350364267826 0.117036893963814 0.13123431801796 0.108192682266235 0.0831528156995773 0.0976345911622047 0.136339992284775 0.19809302687645 0.121098667383194 0.0924129635095596 0.0931939855217934 0.18901951611042 0.14573860168457 0.179400652647018 0.132129207253456 0.108921349048615 0.0943425223231316 0.128224954009056 0.147125765681267 0.115085460245609
0.204059526324272 0.229074880480766 0.131945043802261 0.113595999777317 0.124861419200897 0.100878022611141 0.127647519111633 0.363935649394989 0.203368961811066 0.202506110072136 0.141076877713203 0.166837483644485 0.145530715584755 0.170383647084236 0.174964115023613 0.178028136491776 0.178028136491776 0.114021241664886 0.121399603784084 0.22561314702034 0.331440567970276 0.232962653040886 0.246120780706406 0.248211145401001 0.127905830740929 0.136541053652763 0.208473846316338 0.178028136491776 0.15689018368721 0.101084731519222 0.105163253843784 0.113110803067684 0.143441006541252 0.171935975551605 0.142408043146133 0.105159409344196 0.106490187346935 0.181385412812233 0.144691899418831 0.166841402649879 0.118287138640881 0.13654437661171 0.106120005249977 0.109286889433861 0.171984359622002 0.190100714564323
0.288211315870285 0.207186177372932 0.140882894396782 0.108794242143631 0.112328566610813 0.10280629992485 0.127523079514503 0.202142342925072 0.202006205916405 0.158978953957558 0.145911321043968 0.207498222589493 0.178475990891457 0.178475990891457 0.220787957310677 0.15857058763504 0.133393168449402 0.12212323397398 0.135549902915955 0.163350597023964 0.155442833900452 0.146055802702904 0.142413020133972 0.128849416971207 0.145007193088531 0.148171871900558 0.189406499266624 0.161975190043449 0.113172143697739 0.108788058161736 0.133585825562477 0.1497702896595 0.140360727906227 0.167972177267075 0.191568851470947 0.147283166646957 0.124124422669411 0.18386547267437 0.215390503406525 0.196192234754562 0.122758269309998 0.163825273513794 0.169683203101158 0.112613849341869 0.127077654004097 0.186876133084297
0.364510297775269 0.250586628913879 0.17836157977581 0.119233086705208 0.152695298194885 0.16527858376503 0.122905194759369 0.182508021593094 0.170261815190315 0.218332082033157 0.162657737731934 0.272002100944519 0.179259464144707 0.190266281366348 0.331440567970276 0.198763653635979 0.223410904407501 0.245394244790077 0.17205622792244 0.279594749212265 0.27964061498642 0.167031049728394 0.15052604675293 0.173384308815002 0.178645968437195 0.172542929649353 0.14269132912159 0.114447861909866 0.115073218941689 0.139212295413017 0.153020322322845 0.19222266972065 0.160450577735901 0.209831848740578 0.445024579763412 0.239832922816277 0.207656010985374 0.294635802507401 0.263490438461304 0.211146026849747 0.15321272611618 0.169089987874031 0.172072604298592 0.109697997570038 0.114547982811928 0.125818654894829
0.27737757563591 0.258906930685043 0.215235322713852 0.13123431801796 0.125785768032074 0.123209990561008 0.162084296345711 0.164466261863708 0.159923300147057 0.309076249599457 0.315414160490036 0.248530671000481 0.187594547867775 0.239147961139679 0.144342049956322 0.126245647668839 0.163928359746933 0.19478352367878 0.338679254055023 0.601593494415283 0.631105780601501 0.499208360910416 0.353268682956696 0.242899999022484 0.270056545734406 0.217663019895554 0.15857058763504 0.123030170798302 0.146965354681015 0.271226674318314 0.329519271850586 0.384295791387558 0.476037114858627 0.59505158662796 0.378327816724777 0.305486351251602 0.298152893781662 0.320375323295593 0.306153863668442 0.248241186141968 0.211013093590736 0.204764753580093 0.183667048811913 0.11944954842329 0.112007021903992 0.114674910902977
0.352872490882874 0.267078787088394 0.180509507656097 0.131937727332115 0.174596220254898 0.134564846754074 0.134727016091347 0.136837229132652 0.144655168056488 0.177044168114662 0.187692031264305 0.429636240005493 0.47257137298584 0.167186662554741 0.135844275355339 0.154777303338051 0.166838213801384 0.212641820311546 0.42327669262886 0.303980022668839 0.322165071964264 0.288151502609253 0.190525770187378 0.171578928828239 0.202962636947632 0.147640496492386 0.177040055394173 0.178890496492386 0.196446940302849 0.236598372459412 0.233716905117035 0.28128245472908 0.360040605068207 0.347510606050491 0.275368273258209 0.249276325106621 0.236771687865257 0.237389907240868 0.293760299682617 0.279112607240677 0.223925307393074 0.200676113367081 0.158024832606316 0.124414518475533 0.121426589787006 0.11004976183176
0.326404392719269 0.185804814100266 0.175204679369926 0.153422296047211 0.277771085500717 0.174350440502167 0.197424113750458 0.185123831033707 0.185168594121933 0.178891256451607 0.183899655938148 0.227141916751862 0.206346571445465 0.176914483308792 0.126338809728622 0.194240793585777 0.250904828310013 0.226350635290146 0.193446397781372 0.146050721406937 0.200110003352165 0.177858620882034 0.187295660376549 0.138342961668968 0.131455585360527 0.158792957663536 0.212912231683731 0.284188956022263 0.218381851911545 0.268397480249405 0.380474209785461 0.374663114547729 0.33136972784996 0.244559496641159 0.231617629528046 0.331490367650986 0.387719869613647 0.316714346408844 0.307661324739456 0.299637973308563 0.223925307393074 0.170165300369263 0.145022094249725 0.140250831842422 0.124610558152199 0.11255194991827
0.160489857196808 0.168955251574516 0.246797859668732 0.186952814459801 0.354227334260941 0.20625314116478 0.167304247617722 0.168013662099838 0.277794152498245 0.217625126242638 0.178894639015198 0.221734821796417 0.374955534934998 0.338063031435013 0.294635802507401 0.198654845356941 0.445472449064255 0.552203893661499 0.244572252035141 0.16625614464283 0.41877081990242 0.383611381053925 0.189400240778923 0.176016569137573 0.148558184504509 0.215039640665054 0.256162077188492 0.359835505485535 0.272335588932037 0.303666174411774 0.400541335344315 0.323814332485199 0.318423837423325 0.288212388753891 0.303980022668839 0.227842852473259 0.208914920687675 0.21650156378746 0.363648861646652 0.254930585622787 0.181618750095367 0.161846026778221 0.159956589341164 0.139075890183449 0.124433994293213 0.108633570373058
0.140734970569611 0.189529895782471 0.200201347470284 0.22640261054039 0.307613432407379 0.216896370053291 0.186399295926094 0.136506676673889 0.202160894870758 0.173767447471619 0.289754450321198 0.676575183868408 0.716025233268738 0.70509284734726 0.496157288551331 0.284878879785538 0.579265058040619 0.44466307759285 0.233916670084 0.521135449409485 0.416415721178055 0.209122225642204 0.166717678308487 0.241352617740631 0.157854720950127 0.273561716079712 0.297461718320847 0.206622391939163 0.352102875709534 0.370587110519409 0.522651255130768 0.338757365942001 0.313866138458252 0.294309496879578 0.251650899648666 0.22613114118576 0.196267232298851 0.273305803537369 0.512509167194366 0.312559366226196 0.164898380637169 0.187169760465622 0.198906034231186 0.165091037750244 0.194413840770721 0.208112493157387
0.172657668590546 0.364912211894989 0.120769299566746 0.161629974842072 0.382727265357971 0.337421000003815 0.426009446382523 0.447788715362549 0.299785584211349 0.243611946702003 0.355477869510651 0.769021153450012 0.748243391513824 0.582245826721191 0.332164615392685 0.326786667108536 0.645204186439514 0.294052213430405 0.427111357450485 0.592300117015839 0.276105552911758 0.214678809046745 0.48550945520401 0.416997849941254 0.258741557598114 0.291505366563797 0.267570376396179 0.177242934703827 0.486848533153534 0.453234970569611 0.565801739692688 0.359966933727264 0.280490756034851 0.305767089128494 0.248241186141968 0.232120141386986 0.301364004611969 0.502841055393219 0.586294531822205 0.302480012178421 0.293848752975464 0.691887080669403 0.693681836128235 0.564292252063751 0.655774712562561 0.533124029636383
