output/projections/09_LIG/Cassia ferruginea.asc
NCOLS 168 
NROWS 144 
XLLCORNER -41.000137777 
YLLCORNER -8.000138593 
CELLSIZE 0.041666667 
NODATA_value -3.4e+38 
[rows 84 to 104 of 144, columns 0 to 45 of 168]
0.253285706043243 0.571429014205933 0.46300482749939 0.150529652833939 0.102157063782215 0.0765426605939865 0.0736151188611984 0.0525669455528259 0.062413714826107 0.0856900215148926 0.0611428990960121 0.0442361086606979 0.0626609027385712 0.0602296702563763 0.0411361083388329 0.0464879423379898 0.0464879423379898 0.0528641119599342 0.0761216208338737 0.0679559335112572 0.0768054276704788 0.0996930226683617 0.103264659643173 0.250342696905136 0.157744765281677 0.0638697147369385 0.116178631782532 0.241637960076332 0.323232471942902 0.280496120452881 0.269673228263855 0.181270331144333 0.0968187674880028 0.0888463333249092 0.0799493789672852 0.0704614743590355 0.0753030702471733 0.0712944492697716 0.0849248096346855 0.0689685195684433 0.0369382873177528 0.0450542755424976 0.0959135815501213 0.0882592648267746 0.0420495495200157 0.0450542755424976
0.203165143728256 0.48808628320694 0.408882766962051 0.139048978686333 0.095039963722229 0.0789611637592316 0.0672691985964775 0.0597541332244873 0.055188599973917 0.0786964297294617 0.0626609027385712 0.0421456173062325 0.0511572659015656 0.0560746230185032 0.0435636825859547 0.0464879423379898 0.0495854131877422 0.0722650289535522 0.108016990125179 0.0881310477852821 0.0866134762763977 0.0973133370280266 0.108333133161068 0.19424495100975 0.15145181119442 0.0563321970403194 0.109004460275173 0.0973133370280266 0.291827201843262 0.334492057561874 0.269323706626892 0.195445671677589 0.0990536063909531 0.114726148545742 0.111150600016117 0.0855824276804924 0.0665713846683502 0.0642518252134323 0.0725723281502724 0.041375420987606 0.0399916097521782 0.0553668215870857 0.0901069417595863 0.0745840221643448 0.0479463376104832 0.0477542392909527
0.320321798324585 0.41193750500679 0.496561765670776 0.177546069025993 0.120059877634048 0.0860209316015244 0.0759887844324112 0.055629950016737 0.064706027507782 0.0727956518530846 0.0545327477157116 0.0503447949886322 0.0466498136520386 0.0507494919002056 0.0435636825859547 0.0435636825859547 0.0495854131877422 0.0563321970403194 0.0768054276704788 0.0768054276704788 0.0882958620786667 0.0866134762763977 0.142869397997856 0.151138380169868 0.156679391860962 0.054796639829874 0.0894385576248169 0.0758256316184998 0.155837789177895 0.103498354554176 0.172585606575012 0.216273367404938 0.121850602328777 0.143544778227806 0.0957929566502571 0.0934827998280525 0.078596867620945 0.0952847003936768 0.0461340174078941 0.0418106988072395 0.0470923520624638 0.0736739337444305 0.0906632915139198 0.058198019862175 0.0627474933862686 0.0740040764212608
0.335296779870987 0.536599695682526 0.533735334873199 0.281096637248993 0.136018559336662 0.0954288318753242 0.0697265788912773 0.0554387308657169 0.0778055042028427 0.0558819621801376 0.0700198858976364 0.0629426389932632 0.0435636825859547 0.049175638705492 0.0464879423379898 0.0464879423379898 0.0495854131877422 0.0563321970403194 0.0810968577861786 0.0768054276704788 0.0815854966640472 0.0866134762763977 0.154769420623779 0.166538819670677 0.187541395425797 0.0637118890881538 0.0910875126719475 0.0781085714697838 0.0565226376056671 0.0576574318110943 0.0827633664011955 0.0732707530260086 0.09065992385149 0.117670282721519 0.0873794332146645 0.0807610154151917 0.0728566199541092 0.056258924305439 0.0554860271513462 0.0409742332994938 0.0624641813337803 0.103088654577732 0.102960027754307 0.0579673536121845 0.0637466832995415 0.0706107541918755
0.245768472552299 0.533606767654419 0.554876923561096 0.284326165914536 0.142010733485222 0.0811991468071938 0.0714051574468613 0.0503720790147781 0.0581648088991642 0.0647239834070206 0.0692006945610046 0.0549988076090813 0.0435636825859547 0.0464879423379898 0.0495854131877422 0.0528641119599342 0.0495854131877422 0.0638697147369385 0.0814116150140762 0.0768054276704788 0.0768054276704788 0.0866134762763977 0.153935134410858 0.270394444465637 0.262978613376617 0.0541451796889305 0.169617861509323 0.119533538818359 0.101386204361916 0.0584725067019463 0.0720589831471443 0.054143738001585 0.077301450073719 0.100772961974144 0.0831062197685242 0.0855824276804924 0.0637466832995415 0.0516402460634708 0.066430039703846 0.0560321100056171 0.0644689053297043 0.114955261349678 0.0941998660564423 0.0609072931110859 0.0505942776799202 0.0581715106964111
0.289493381977081 0.362185060977936 0.575554192066193 0.288887530565262 0.190750703215599 0.0766056105494499 0.0850370228290558 0.0495854131877422 0.101558566093445 0.092892162501812 0.0541288070380688 0.0435636825859547 0.0464879423379898 0.0495854131877422 0.059997946023941 0.0804574489593506 0.0563321970403194 0.059997946023941 0.0889644175767899 0.0722650289535522 0.0722650289535522 0.103264659643173 0.165764793753624 0.313132345676422 0.333552300930023 0.136232748627663 0.0530744604766369 0.140760004520416 0.15376053750515 0.0855792388319969 0.0649793744087219 0.0722480714321136 0.0571576543152332 0.0701858252286911 0.0779883489012718 0.0652732998132706 0.0490209460258484 0.0547089762985706 0.0757136717438698 0.0757136717438698 0.0784123465418816 0.108949646353722 0.0915500968694687 0.0735646858811378 0.0593373328447342 0.050461832433939
0.214211583137512 0.387317895889282 0.508204519748688 0.334521621465683 0.244995340704918 0.107579298317432 0.0614853985607624 0.0563321970403194 0.0927807539701462 0.0579342618584633 0.0495854131877422 0.0495854131877422 0.0495854131877422 0.0563321970403194 0.0856058299541473 0.0873996093869209 0.0638697147369385 0.0638697147369385 0.0722650289535522 0.0679559335112572 0.0679559335112572 0.0974453240633011 0.135696604847908 0.294105291366577 0.254707425832748 0.0783962607383728 0.105869300663471 0.168977856636047 0.110569067299366 0.078289121389389 0.0871544629335403 0.0751256570219994 0.0659089833498001 0.0552654787898064 0.0655310228466988 0.0524724684655666 0.0583044104278088 0.0567049086093903 0.079125240445137 0.0888463333249092 0.115384928882122 0.107727758586407 0.0962119251489639 0.0758968368172646 0.0673313215374947 0.0535798259079456
0.140143945813179 0.18337108194828 0.431158155202866 0.361758768558502 0.334521621465683 0.0967590287327766 0.0774497464299202 0.0528641119599342 0.0882689356803894 0.0570218674838543 0.0563321970403194 0.0669624283909798 0.059997946023941 0.0722650289535522 0.121720537543297 0.0863959714770317 0.0638697147369385 0.0679559335112572 0.0638697147369385 0.0638697147369385 0.0679559335112572 0.0722650289535522 0.0974453240633011 0.162371531128883 0.323081880807877 0.325201839208603 0.259825319051743 0.120503589510918 0.078593909740448 0.0813026577234268 0.0758111253380775 0.0854917839169502 0.0613877326250076 0.0569308586418629 0.100772961974144 0.0661690309643745 0.0560321100056171 0.0736739337444305 0.0592373199760914 0.100391529500484 0.137203574180603 0.0782966688275337 0.0753075107932091 0.0675965771079063 0.0529420226812363 0.0496598295867443
0.125583738088608 0.236510813236237 0.375840723514557 0.330289393663406 0.31329071521759 0.128155723214149 0.101052172482014 0.0638697147369385 0.100905142724514 0.0938661396503448 0.0748507380485535 0.0722650289535522 0.0722650289535522 0.0722650289535522 0.0995934531092644 0.0813181176781654 0.0638697147369385 0.059997946023941 0.059997946023941 0.0638697147369385 0.0722650289535522 0.0768054276704788 0.0768054276704788 0.103264659643173 0.219293847680092 0.302395969629288 0.155793786048889 0.118727587163448 0.0849216431379318 0.0731948688626289 0.0678547397255898 0.0619721673429012 0.0614837743341923 0.0819347351789474 0.0916150361299515 0.0790238827466965 0.0669549182057381 0.0571576543152332 0.0894179567694664 0.101797640323639 0.0974879488348961 0.100702255964279 0.0773887038230896 0.063717819750309 0.0522392764687538 0.0665413364768028
0.168759986758232 0.156161978840828 0.267080187797546 0.272279798984528 0.253495991230011 0.205553904175758 0.0638697147369385 0.0888110846281052 0.104223400354385 0.0882833302021027 0.0882833302021027 0.0701237320899963 0.0638697147369385 0.0638697147369385 0.0679559335112572 0.0717913508415222 0.0729958638548851 0.059997946023941 0.0563321970403194 0.0638697147369385 0.0866011530160904 0.0786185190081596 0.0768054276704788 0.0872829258441925 0.131400272250175 0.28835740685463 0.203449249267578 0.227926537394524 0.0994305089116096 0.0693622007966042 0.0839438438415527 0.0535701215267181 0.121402613818645 0.0813862085342407 0.159926384687424 0.0832123383879662 0.0926731452345848 0.0607579238712788 0.105451315641403 0.106117330491543 0.132288292050362 0.10262755304575 0.0804532766342163 0.0626174658536911 0.0685568153858185 0.0632165968418121
0.224315002560616 0.31255054473877 0.313132345676422 0.357873946428299 0.279042720794678 0.166330501437187 0.0679559335112572 0.10640274733305 0.104021243751049 0.0977188721299171 0.0722650289535522 0.0722650289535522 0.0796583294868469 0.0646301805973053 0.059997946023941 0.059997946023941 0.0661764591932297 0.059997946023941 0.059997946023941 0.0679559335112572 0.0978859439492226 0.0679559335112572 0.0792315304279327 0.0815854966640472 0.171583443880081 0.235219687223434 0.187812060117722 0.267483413219452 0.186209216713905 0.117848105728626 0.0626113265752792 0.0497035831212997 0.133072912693024 0.0707909688353539 0.295379042625427 0.100874319672585 0.0854917839169502 0.0689292699098587 0.0743472278118134 0.152039423584938 0.134727016091347 0.083797961473465 0.0728566199541092 0.0775468647480011 0.102031104266644 0.0729920491576195
0.263890534639359 0.433580935001373 0.421834677457809 0.413082450628281 0.265649527311325 0.122171998023987 0.0921013653278351 0.12145983427763 0.111727878451347 0.0888110846281052 0.0768054276704788 0.0815854966640472 0.116848722100258 0.0797570496797562 0.0693725943565369 0.0563321970403194 0.0563321970403194 0.0563321970403194 0.0563321970403194 0.0638697147369385 0.0638697147369385 0.0638697147369385 0.0679559335112572 0.0848009884357452 0.1331637352705 0.143501907587051 0.132958933711052 0.271877229213715 0.169570758938789 0.0538412220776081 0.116082698106766 0.0554387308657169 0.226928502321243 0.244011491537094 0.246221825480461 0.187692031264305 0.146791592240334 0.114298619329929 0.123178496956825 0.209171310067177 0.141893893480301 0.108541004359722 0.0883933901786804 0.127054706215858 0.116973735392094 0.0778490081429482
0.209012493491173 0.253842324018478 0.482015639543533 0.414105027914047 0.217066898941994 0.126662373542786 0.143019825220108 0.134630605578423 0.09138572961092 0.0722650289535522 0.0768054276704788 0.0722650289535522 0.0768054276704788 0.0911703407764435 0.0701936706900597 0.0634147748351097 0.0619287490844727 0.0528641119599342 0.0563321970403194 0.059997946023941 0.0638697147369385 0.0837704539299011 0.0790423005819321 0.0857326909899712 0.0906879380345345 0.107011221349239 0.232732564210892 0.113884083926678 0.116082698106766 0.0802621468901634 0.120423883199692 0.065997876226902 0.246279656887054 0.247488468885422 0.190557688474655 0.175205424427986 0.10288043320179 0.0917784795165062 0.137039512395859 0.18385511636734 0.111150600016117 0.100011385977268 0.115384928882122 0.143303692340851 0.0742935314774513 0.0552654787898064
0.164023011922836 0.30819895863533 0.386317849159241 0.458757698535919 0.21713599562645 0.182743012905121 0.169199451804161 0.154058575630188 0.123079240322113 0.0903408527374268 0.0679559335112572 0.0679559335112572 0.0679559335112572 0.0679559335112572 0.0638697147369385 0.0677570551633835 0.0696970373392105 0.0528641119599342 0.0563321970403194 0.059997946023941 0.0679559335112572 0.0882833302021027 0.0849480479955673 0.11663743108511 0.11363073438406 0.176250725984573 0.126729279756546 0.105647437274456 0.150970190763474 0.0980091840028763 0.0705709904432297 0.077204242348671 0.146170407533646 0.116976648569107 0.15468792617321 0.205709174275398 0.0986029058694839 0.0798239484429359 0.153751567006111 0.147105574607849 0.0983800441026688 0.0922026634216309 0.0945602431893349 0.118727043271065 0.089467741549015 0.0473722368478775
0.136625021696091 0.161779791116714 0.196076720952988 0.46276918053627 0.28241965174675 0.172882661223412 0.172183588147163 0.165541172027588 0.134140133857727 0.105013303458691 0.0781264156103134 0.0729233473539352 0.059997946023941 0.059997946023941 0.059997946023941 0.0717913508415222 0.060265876352787 0.0528641119599342 0.059997946023941 0.0638697147369385 0.100537352263927 0.118600405752659 0.114016510546207 0.197414577007294 0.133696556091309 0.0980290547013283 0.203053966164589 0.184042438864708 0.269323706626892 0.126437112689018 0.0649270117282867 0.0998866483569145 0.095039963722229 0.0789611637592316 0.171547293663025 0.128117769956589 0.0937422215938568 0.0806750282645226 0.162542775273323 0.117847561836243 0.0807610154151917 0.0792097225785255 0.104767143726349 0.0864242613315582 0.0764903873205185 0.0493928343057632
0.149455010890961 0.131292164325714 0.217290118336678 0.434616714715958 0.343691617250443 0.133825153112411 0.122977897524834 0.139799386262894 0.124450966715813 0.101885110139847 0.0896502509713173 0.0901276841759682 0.0634147748351097 0.0563321970403194 0.0528641119599342 0.0528641119599342 0.0495854131877422 0.0563321970403194 0.0687614753842354 0.0769203528761864 0.0758256316184998 0.059997946023941 0.0736911967396736 0.105588912963867 0.0794481411576271 0.0783136412501335 0.219666495919228 0.242387339472771 0.274330973625183 0.129255190491676 0.0836849138140678 0.0942684486508369 0.0849216431379318 0.0625457391142845 0.139516100287437 0.123938463628292 0.111150600016117 0.0751256570219994 0.147635355591774 0.138541623950005 0.110848896205425 0.0919013693928719 0.0879256874322891 0.0875881463289261 0.0629673674702644 0.0584029443562031
0.249928832054138 0.213502734899521 0.195881962776184 0.456817954778671 0.3774753510952 0.17307636141777 0.0973477512598038 0.0861190930008888 0.100733496248722 0.0938661396503448 0.0706755816936493 0.0718628242611885 0.059997946023941 0.059997946023941 0.0636656582355499 0.0541451796889305 0.0495854131877422 0.0563321970403194 0.0528641119599342 0.0532879233360291 0.0528641119599342 0.0563321970403194 0.0638697147369385 0.0991531610488892 0.059997946023941 0.0889644175767899 0.158069342374802 0.221792563796043 0.210341677069664 0.181896910071373 0.125969618558884 0.128684118390083 0.084182396531105 0.0881660580635071 0.113674610853195 0.0776857063174248 0.100646905601025 0.0767842382192612 0.102183803915977 0.123209990561008 0.115073218941689 0.120567843317986 0.095654308795929 0.0844102650880814 0.0679549425840378 0.0564282685518265
0.190814226865768 0.302433609962463 0.283648133277893 0.406879782676697 0.434263080358505 0.188041225075722 0.123769871890545 0.0906879380345345 0.0784306228160858 0.0720728188753128 0.0791403204202652 0.059997946023941 0.0638697147369385 0.064122274518013 0.0729958638548851 0.0579218305647373 0.0543615184724331 0.0495854131877422 0.0495854131877422 0.0495854131877422 0.0495854131877422 0.0528641119599342 0.0861696749925613 0.0753114446997643 0.0746522098779678 0.0850740298628807 0.0976568832993507 0.182779476046562 0.164541110396385 0.130659610033035 0.156454458832741 0.172781601548195 0.120769299566746 0.122451402246952 0.0986065268516541 0.0855824276804924 0.0708879455924034 0.0860919430851936 0.105560682713985 0.101853549480438 0.0986121967434883 0.0939933136105537 0.0687604770064354 0.0706745609641075 0.075824536383152 0.0509245097637177
0.141211494803429 0.179188147187233 0.310344576835632 0.369844883680344 0.474651128053665 0.31681016087532 0.140420526266098 0.0960400700569153 0.0935081392526627 0.0769203528761864 0.0821665227413177 0.0679559335112572 0.0693034082651138 0.059997946023941 0.059997946023941 0.0636656582355499 0.0744903162121773 0.0537137687206268 0.0464879423379898 0.0464879423379898 0.0464879423379898 0.0686114132404327 0.0602800808846951 0.0495854131877422 0.0528641119599342 0.0563321970403194 0.0776943191885948 0.113136179745197 0.208515599370003 0.0957934111356735 0.0979809165000916 0.111401088535786 0.190966114401817 0.186312779784203 0.131164640188217 0.118994183838367 0.0833056569099426 0.0817098319530487 0.0887831747531891 0.121678747236729 0.0976458340883255 0.0773150995373726 0.0744417831301689 0.0680298358201981 0.0633729696273804 0.0562669187784195
0.12985622882843 0.197881981730461 0.255442827939987 0.241278231143951 0.316852360963821 0.382789224386215 0.149177849292755 0.125567525625229 0.101302482187748 0.104021243751049 0.0864515006542206 0.0894958525896072 0.0940639078617096 0.0698492974042892 0.0831254944205284 0.0641701966524124 0.0657384544610977 0.0572490021586418 0.0518173389136791 0.0464879423379898 0.0528641119599342 0.0711110457777977 0.0464879423379898 0.0528641119599342 0.0638697147369385 0.0911703407764435 0.093402162194252 0.144288271665573 0.216713830828667 0.0796401649713516 0.123129308223724 0.23949208855629 0.251698136329651 0.161817952990532 0.118112988770008 0.100702255964279 0.0949273332953453 0.0802694857120514 0.0840849801898003 0.0944774374365807 0.0707522258162498 0.0646358802914619 0.0795334801077843 0.0699251070618629 0.0567163750529289 0.0643814355134964
0.174756303429604 0.205705732107162 0.195737928152084 0.129395514726639 0.239294797182083 0.379385203123093 0.138935223221779 0.128205373883247 0.0974453240633011 0.111338660120964 0.137042656540871 0.106170885264874 0.0951473414897919 0.0734954997897148 0.0621741414070129 0.0563321970403194 0.0563321970403194 0.0528641119599342 0.0976568832993507 0.0833709537982941 0.0476222634315491 0.0435636825859547 0.0435636825859547 0.0495854131877422 0.0528641119599342 0.0993853434920311 0.132940977811813 0.111171044409275 0.0879942551255226 0.156929731369019 0.237079650163651 0.301410585641861 0.279594749212265 0.169984772801399 0.0929624512791634 0.0877651795744896 0.123030170798302 0.147396609187126 0.107740022242069 0.0791391879320145 0.0691069364547729 0.059014692902565 0.126914545893669 0.0648912563920021 0.0671581625938416 0.131945043802261
