output/projections/09_LIG/Cassia ferruginea.asc
NCOLS 168 
NROWS 144 
XLLCORNER -41.000137777 
YLLCORNER -8.000138593 
CELLSIZE 0.041666667 
NODATA_value -3.4e+38 
[rows 21 to 41 of 144, columns 0 to 45 of 168]
0.21739037334919 0.254198521375656 0.268024832010269 0.267198473215103 0.20374470949173 0.262649744749069 0.251379251480103 0.265106737613678 0.226110100746155 0.25858747959137 0.261019915342331 0.268732666969299 0.297818452119827 0.278791040182114 0.292555302381516 0.323080331087112 0.289077043533325 0.313021540641785 0.337063640356064 0.384991019964218 0.252487778663635 0.310605943202972 0.354544579982758 0.336432814598083 0.363275527954102 0.337063640356064 0.320320248603821 0.332369267940521 -3.4e+38 -3.4e+38 -3.4e+38 -3.4e+38 -3.4e+38 -3.4e+38 -3.4e+38 -3.4e+38 -3.4e+38 -3.4e+38 -3.4e+38 -3.4e+38 -3.4e+38 -3.4e+38 -3.4e+38 -3.4e+38 -3.4e+38 -3.4e+38
0.225384309887886 0.239312291145325 0.274240434169769 0.294833660125732 0.193018794059753 0.237368151545525 0.278456270694733 0.24508498609066 0.241978049278259 0.204745188355446 0.284763872623444 0.253284364938736 0.285623401403427 0.291683435440063 0.284763872623444 0.291683435440063 0.296058028936386 0.299584895372391 0.338317930698395 0.343690007925034 0.222730711102486 0.290230929851532 0.32154244184494 0.300762981176376 0.334552884101868 0.342103600502014 0.322462916374207 0.344004034996033 0.333305507898331 -3.4e+38 -3.4e+38 -3.4e+38 -3.4e+38 -3.4e+38 -3.4e+38 -3.4e+38 -3.4e+38 -3.4e+38 -3.4e+38 -3.4e+38 -3.4e+38 -3.4e+38 -3.4e+38 -3.4e+38 -3.4e+38 -3.4e+38
0.228342369198799 0.230223596096039 0.274240434169769 0.304567098617554 0.210670411586761 0.218817546963692 0.270896524190903 0.24352815747261 0.267578363418579 0.221714079380035 0.208895057439804 0.272059857845306 0.249317973852158 0.277098685503006 0.270393043756485 0.300762981176376 0.308803170919418 0.272059857845306 0.34686404466629 0.315747976303101 0.186830714344978 0.264060854911804 0.28763222694397 0.303429812192917 0.309703826904297 0.293717354536057 0.309703826904297 0.289077043533325 0.294592767953873 0.336432814598083 0.301357328891754 -3.4e+38 -3.4e+38 -3.4e+38 -3.4e+38 -3.4e+38 -3.4e+38 -3.4e+38 -3.4e+38 -3.4e+38 -3.4e+38 -3.4e+38 -3.4e+38 -3.4e+38 -3.4e+38 -3.4e+38
0.232472881674767 0.233980894088745 0.303674787282944 0.343314409255981 0.174973323941231 0.217379525303841 0.297818452119827 0.218817546963692 0.284763872623444 0.285623401403427 0.190704569220543 0.248529702425003 0.250107914209366 0.269006282091141 0.285907477140427 0.291100233793259 0.301650434732437 0.258098751306534 0.328944683074951 0.291683435440063 0.177040055394173 0.240993484854698 0.28441646695137 0.280770689249039 0.273171901702881 0.29197108745575 0.300762981176376 0.237922072410583 0.28763222694397 0.308803170919418 0.30700621008873 0.317874372005463 0.34686404466629 0.363929122686386 -3.4e+38 -3.4e+38 -3.4e+38 -3.4e+38 -3.4e+38 -3.4e+38 -3.4e+38 -3.4e+38 -3.4e+38 -3.4e+38 -3.4e+38 -3.4e+38
0.274240434169769 0.278456270694733 0.38866114616394 0.318619817495346 0.170157343149185 0.175903394818306 0.31757265329361 0.257292240858078 0.281341403722763 0.288211315870285 0.198635712265968 0.227882012724876 0.223461493849754 0.256752878427505 0.27737757563591 0.291100233793259 0.258365362882614 0.278223484754562 0.30700621008873 0.318789303302765 0.149775490164757 0.216466456651688 0.279295980930328 0.263242304325104 0.264060854911804 0.264881014823914 0.259174078702927 0.219340622425079 0.266526252031326 0.27066770195961 0.299877017736435 0.275412678718567 0.300762981176376 0.395021200180054 0.392002433538437 -3.4e+38 -3.4e+38 -3.4e+38 -3.4e+38 -3.4e+38 -3.4e+38 -3.4e+38 -3.4e+38 -3.4e+38 -3.4e+38 -3.4e+38
0.343690007925034 0.374731421470642 0.398325711488724 0.256182014942169 0.15914249420166 0.199307709932327 0.30671015381813 0.277944058179855 0.30671015381813 0.269234210252762 0.204745188355446 0.214804798364639 0.23311673104763 0.213385939598083 0.240223094820976 0.279295980930328 0.258365362882614 0.274849385023117 0.31720295548439 0.302539378404617 0.147640496492386 0.183475360274315 0.261012047529221 0.258579671382904 0.268397480249405 0.256752878427505 0.242539301514626 0.199122846126556 0.251161217689514 0.275690525770187 0.291100233793259 0.213385939598083 0.26735132932663 0.330808758735657 0.414589047431946 0.41023126244545 -3.4e+38 -3.4e+38 -3.4e+38 -3.4e+38 -3.4e+38 -3.4e+38 -3.4e+38 -3.4e+38 -3.4e+38 -3.4e+38
0.332369267940521 0.414598971605301 0.314060598611832 0.276377141475677 0.193018794059753 0.185552969574928 0.284763872623444 0.293428719043732 0.354226142168045 0.241205513477325 0.200656831264496 0.277944058179855 0.247743085026741 0.197560742497444 0.2386873960495 0.227581918239594 0.290461301803589 0.318116843700409 0.253547698259354 0.203645557165146 0.148171871900558 0.157295033335686 0.237360760569572 0.251371562480927 0.256162077188492 0.252165853977203 0.232612177729607 0.189876362681389 0.250369071960449 0.273171901702881 0.190961763262749 0.22517092525959 0.279070973396301 0.331990718841553 0.355510026216507 0.360354870557785 0.396029263734818 0.438027918338776 -3.4e+38 -3.4e+38 -3.4e+38 -3.4e+38 -3.4e+38 -3.4e+38 -3.4e+38 -3.4e+38
0.290469706058502 0.418698072433472 0.312246859073639 0.280613094568253 0.210670411586761 0.182099148631096 0.277944058179855 0.350377768278122 0.275080412626266 0.247743085026741 0.254882544279099 0.276533246040344 0.290813118219376 0.188369736075401 0.228127002716064 0.197113364934921 0.280996531248093 0.335741490125656 0.186654716730118 0.282703369855881 0.136344790458679 0.135713085532188 0.226841583848 0.24197056889534 0.24197056889534 0.262641847133636 0.186654716730118 0.221707046031952 0.275690525770187 0.193580940365791 0.216466456651688 0.258365362882614 0.280770689249039 0.298992574214935 0.303429812192917 0.311509519815445 0.344004034996033 0.404124855995178 0.340208202600479 0.439066082239151 -3.4e+38 -3.4e+38 -3.4e+38 -3.4e+38 -3.4e+38 -3.4e+38
0.32215890288353 0.40847259759903 0.340979844331741 0.284030228853226 0.214197397232056 0.21381439268589 0.262972444295883 0.425614923238754 0.290469706058502 0.22982032597065 0.299584895372391 0.251692831516266 0.330808758735657 0.19729682803154 0.161629259586334 0.226102963089943 0.243520647287369 0.296581357717514 0.226645559072495 0.234120815992355 0.116367556154728 0.116248451173306 0.219676822423935 0.259551048278809 0.28458833694458 0.237922072410583 0.137538284063339 0.254558622837067 0.228870287537575 0.178475990891457 0.245651111006737 0.296581357717514 0.274009853601456 0.273171901702881 0.305215060710907 0.299877017736435 0.330808758735657 0.319705605506897 0.30610990524292 0.397305905818939 0.405140578746796 0.463072746992111 0.450518995523453 -3.4e+38 -3.4e+38 -3.4e+38
0.378691345453262 0.348082780838013 0.302374720573425 0.288336724042892 0.218486219644547 0.203061535954475 0.241978049278259 0.337063640356064 0.271730095148087 0.247743085026741 0.402364701032639 0.354544579982758 0.259716749191284 0.226401686668396 0.158792957663536 0.254827171564102 0.215371072292328 0.219676822423935 0.3502077460289 0.295000731945038 0.0956487879157066 0.119432613253593 0.243004932999611 0.308443993330002 0.261826127767563 0.184532508254051 0.140566751360893 0.241198047995567 0.149450972676277 0.167031049728394 0.290461301803589 0.30099818110466 0.212206527590752 0.297461718320847 0.317874372005463 0.279920041561127 0.29634815454483 0.314228773117065 0.301650434732437 0.369407474994659 0.379018872976303 0.399058699607849 0.485424607992172 0.427677690982819 -3.4e+38 -3.4e+38
0.300598859786987 0.273854613304138 0.343314409255981 0.309536993503571 0.270513653755188 0.216334104537964 0.219539120793343 0.289077043533325 0.237669795751572 0.353835880756378 0.453929305076599 0.363275527954102 0.292843461036682 0.281622886657715 0.205243453383446 0.16485159099102 0.155329689383507 0.183271154761314 0.536077082157135 0.25938880443573 0.0885991379618645 0.115069068968296 0.261285036802292 0.243520647287369 0.205243453383446 0.153241604566574 0.172780856490135 0.164506331086159 0.141588553786278 0.167618483304977 0.275913864374161 0.189876362681389 0.223165526986122 0.290461301803589 0.337624728679657 0.272335588932037 0.276757001876831 0.318116843700409 0.315379410982132 0.343305200338364 0.278223484754562 0.46880692243576 0.403109937906265 0.440104752779007 -3.4e+38 -3.4e+38
0.244305729866028 0.399326860904694 0.440104752779007 0.377036184072495 0.451218277215958 0.247071847319603 0.189756333827972 0.207778960466385 0.33970245718956 0.564547479152679 0.491956681013107 0.484582364559174 0.334801822900772 0.26019960641861 0.293249994516373 0.256431758403778 0.240581437945366 0.162542775273323 0.295997262001038 0.145213827490807 0.0911493822932243 0.202142342925072 0.232059583067894 0.197113364934921 0.149450972676277 0.148382216691971 0.171578928828239 0.139551103115082 0.169984772801399 0.189228639006615 0.168207585811615 0.155072391033173 0.22404408454895 0.285447537899017 0.342545390129089 0.314469754695892 0.232059583067894 0.313561528921127 0.337624728679657 0.275690525770187 0.246433258056641 0.405613601207733 0.403378993272781 0.364510297775269 0.459159791469574 0.443223923444748
0.43872457742691 0.325232654809952 0.199122846126556 0.743063807487488 0.483953565359116 0.291809767484665 0.208574742078781 0.187472119927406 0.237158432602882 0.253759354352951 0.428376078605652 0.624896645545959 0.465800255537033 0.345399677753448 0.357895314693451 0.27423232793808 0.264278173446655 0.223703101277351 0.143132895231247 0.0865775123238564 0.159693479537964 0.229813098907471 0.177242934703827 0.144170239567757 0.126900419592857 0.180962219834328 0.183475360274315 0.124582968652248 0.175405904650688 0.187295660376549 0.145386666059494 0.178475990891457 0.15356756746769 0.258741557598114 0.314651787281036 0.281849145889282 0.186015471816063 0.263459205627441 0.307244122028351 0.261826127767563 0.258579671382904 0.298343598842621 0.382264465093613 0.364510297775269 0.422798454761505 0.330808758735657
0.338317930698395 0.170744493603706 0.235333174467087 0.708188891410828 0.481794774532318 0.278913974761963 0.338577419519424 0.213488578796387 0.190704569220543 0.280145466327667 0.31757378578186 0.637305021286011 0.427338302135468 0.571788668632507 0.295702517032623 0.248211145401001 0.220063433051109 0.220063433051109 0.10280629992485 0.0908007025718689 0.258042931556702 0.182844549417496 0.167618483304977 0.129729881882668 0.125043541193008 0.195119217038155 0.141076877713203 0.112688526511192 0.170580476522446 0.158416032791138 0.131323337554932 0.179880633950233 0.158565148711205 0.19265803694725 0.232811808586121 0.235837683081627 0.228323936462402 0.215941444039345 0.230560228228569 0.237360760569572 0.203368961811066 0.320132583379745 0.374529451131821 0.349989473819733 0.294592767953873 0.222971752285957
0.199307709932327 0.250107914209366 0.361327290534973 0.413980036973953 0.345218032598495 0.322716176509857 0.358679980039597 0.255800485610962 0.22982032597065 0.181760266423225 0.190048396587372 0.490009039640427 0.553051710128784 0.417867660522461 0.248002573847771 0.176628917455673 0.20419006049633 0.238890618085861 0.0892824307084084 0.166600421071053 0.145386666059494 0.190048396587372 0.13803918659687 0.141245618462563 0.140058159828186 0.161629259586334 0.119168907403946 0.108949646353722 0.151244550943375 0.12199904769659 0.131933063268661 0.131450936198235 0.125318393111229 0.139447629451752 0.277054101228714 0.274514019489288 0.24212546646595 0.188108995556831 0.220400437712669 0.237360760569572 0.160828322172165 0.33324071764946 0.369604170322418 0.320866912603378 0.213619664311409 0.215941444039345
0.168012931942940 0.355192393064499 0.584964990615845 0.571969747543335 0.375719875097275 0.418077379465103 0.349040150642395 0.222107231616974 0.308506160974503 0.172542929649353 0.170858293771744 0.659297585487366 0.912725567817688 0.869619905948639 0.475333422422409 0.216230496764183 0.178272008895874 0.132906526327133 0.089625857770443 0.106117330491543 0.107456564903259 0.178639978170395 0.135713085532188 0.141245618462563 0.153970718383789 0.130206644535065 0.106919877231121 0.0983800441026688 0.117992334067822 0.0962798222899437 0.0924129635095596 0.135550513863564 0.0911252349615097 0.404583007097244 0.512374401092529 0.488020747900009 0.202142342925072 0.211126878857613 0.20625314116478 0.198629215359688 0.18175420165062 0.288899898529053 0.312654733657837 0.228870287537575 0.155442833900452 0.197113364934921
0.175080135464668 0.453969210386276 0.664019167423248 0.431257784366608 0.449475467205048 0.338577419519424 0.254198521375656 0.20238009095192 0.145289719104767 0.189015999436378 0.548017799854279 0.879245340824127 0.937461853027344 0.911971390247345 0.777726292610168 0.491517961025238 0.195563182234764 0.0984342843294144 0.0978595465421677 0.0950650423765182 0.100646905601025 0.132288292050362 0.135713085532188 0.146965354681015 0.104528151452541 0.134727016091347 0.0922026634216309 0.0848347991704941 0.0845945701003075 0.0758894979953766 0.0654408484697342 0.400915414094925 0.241341590881348 0.41193750500679 0.735803186893463 0.59348201751709 0.279594749212265 0.261342316865921 0.166600421071053 0.194105088710785 0.229067668318748 0.203871369361877 0.199796080589294 0.142101794481277 0.16644524037838 0.22151418030262
0.719860315322876 0.611118137836456 0.398315936326981 0.325852811336517 0.275080412626266 0.265928983688354 0.275922000408173 0.188760012388229 0.113595999777317 0.288635343313217 0.778810203075409 0.818019449710846 0.902775228023529 0.879548907279968 0.856741011142731 0.385607242584229 0.1290672570467 0.0784565284848213 0.0932668671011925 0.0980066880583763 0.100772961974144 0.153020322322845 0.159128502011299 0.104134157299995 0.0867093205451965 0.099632516503334 0.0720589831471443 0.0928863435983658 0.0705724954605103 0.213505491614342 0.34190633893013 0.391711473464966 0.545776963233948 0.817429602146149 0.836143791675568 0.403925657272339 0.384338080883026 0.132513716816902 0.193535432219505 0.223410904407501 0.225366055965424 0.186015471816063 0.126433998346329 0.116973735392094 0.164118498563766 0.223165526986122
0.895954489707947 0.676657438278198 0.285623401403427 0.194639503955841 0.166252225637436 0.565393149852753 0.45079579949379 0.156077653169632 0.125322863459587 0.123116888105869 0.502989828586578 0.721987962722778 0.462497413158417 0.482154875993729 0.406658262014389 0.165438532829285 0.09050352871418 0.083946980535984 0.071015790104866 0.104264073073864 0.105159409344196 0.158565148711205 0.110734723508358 0.089531347155571 0.0731948688626289 0.08724345266819 0.0510620959103107 0.175029769539833 0.0903261601924896 0.151699095964432 0.34104260802269 0.328319758176804 0.68779993057251 0.752291440963745 0.58527147769928 0.56066358089447 0.297495365142822 0.163232818245888 0.138841450214386 0.11240641772747 0.191349819302559 0.153422296047211 0.0939824506640434 0.119315080344677 0.155218943953514 0.197958946228027
0.917112290859222 0.735184013843536 0.311749339103699 0.169788479804993 0.269504636526108 0.450102299451828 0.279304176568985 0.171342313289642 0.125785768032074 0.107727758586407 0.138515070080757 0.791876554489136 0.830322444438934 0.526117146015167 0.188369736075401 0.105377711355686 0.075168140232563 0.080137200653553 0.0727029666304588 0.0763059034943581 0.0945567488670349 0.150415852665901 0.112939737737179 0.076107069849968 0.0839438438415527 0.0903823226690292 0.0529885068535805 0.0543450824916363 0.109042517840862 0.388140618801117 0.193692117929459 0.200448527932167 0.518737196922302 0.221842378377914 0.234828591346741 0.646588802337646 0.267758399248123 0.134857401251793 0.116248451173306 0.107456564903259 0.125195890665054 0.0965258553624153 0.0834280624985695 0.123025767505169 0.150847271084785 0.195958331227303
0.873522520065308 0.926633238792419 0.657299518585205 0.315138041973114 0.225664094090462 0.173145726323128 0.322462916374207 0.244613364338875 0.1290672570467 0.13036435842514 0.111261107027531 0.336479008197784 0.265374511480331 0.178272008895874 0.110243633389473 0.0864242613315582 0.0917115211486816 0.0669549182057381 0.0799493789672852 0.0695624649524689 0.0995082035660744 0.261043101549149 0.0956452563405037 0.0637932866811752 0.0910779908299446 0.0903823226690292 0.0588135942816734 0.0543450824916363 0.0675903186202049 0.0846688821911812 0.0753670558333397 0.0833099633455276 0.100288726389408 0.217297106981277 0.158048614859581 0.300477027893066 0.320022761821747 0.119078442454338 0.151496633887291 0.105451315641403 0.0922026634216309 0.0692003592848778 0.0985035747289658 0.105849705636501 0.128589481115341 0.195294871926308
