output/projections/09_LIG/Myrcia silvatica.asc
NCOLS 168 
NROWS 144 
XLLCORNER -41.000137777 
YLLCORNER -8.000138593 
CELLSIZE 0.041666667 
NODATA_value -3.4e+38 
[rows 100 to 119 of 144, columns 92 to 137 of 168]
0.0157382134348154 0.0188433267176151 0.0192827526479959 0.0468684658408165 0.0398129336535931 0.0956652760505676 0.215806216001511 0.176268950104713 0.0964601039886475 0.0991631895303726 0.422836124897003 0.206171706318855 0.158186450600624 0.313465803861618 0.156272530555725 0.14388307929039 0.109200775623322 0.123753286898136 0.139940470457077 0.165634796023369 0.188655778765678 0.260356932878494 0.386123269796371 0.438261091709137 0.203486323356628 0.229183971881866 0.175526037812233 0.128585875034332 0.194585874676704 0.184505775570869 0.191826403141022 0.175323024392128 0.170322179794312 0.126395285129547 0.201420962810516 0.255888521671295 0.299821734428406 0.343964755535126 0.409948259592056 0.460182666778564 0.485937625169754 0.527902960777283 0.550360500812531 0.786005079746246 0.813198089599609 0.912084400653839
0.0175058208405972 0.0187776200473309 0.0193354431539774 0.0512411147356033 0.0345396511256695 0.0694865584373474 0.193288892507553 0.130974471569061 0.108875967562199 0.0937025025486946 0.106409214437008 0.0806831195950508 0.07274129986763 0.120784893631935 0.138368666172028 0.106199376285076 0.108951590955257 0.125417828559875 0.141787499189377 0.153165519237518 0.185748338699341 0.284649670124054 0.407129913568497 0.440491884946823 0.418180376291275 0.25551176071167 0.164801567792892 0.131926372647285 0.151252582669258 0.201188370585442 0.164057746529579 0.173459455370903 0.134383857250214 0.127800986170769 0.308024525642395 0.338076919317245 0.348403960466385 0.390052676200867 0.431340306997299 0.511242628097534 0.599939286708832 0.660828053951263 0.684155285358429 0.847132086753845 0.899597585201263 0.905096232891083
0.0154900113120675 0.0244572572410107 0.0261924136430025 0.0287984889000654 0.0449358075857162 0.120441816747189 0.277562767267227 0.128379240632057 0.10589537769556 0.0767907649278641 0.0747186541557312 0.0615816824138165 0.0749244838953018 0.150687590241432 0.165726959705353 0.0958378985524178 0.114006109535694 0.152307689189911 0.137504294514656 0.164591208100319 0.242872297763824 0.380619585514069 0.430072247982025 0.405090361833572 0.279704630374908 0.225456431508064 0.177811503410339 0.137300819158554 0.175080507993698 0.217703342437744 0.160187602043152 0.146241366863251 0.142876699566841 0.164923816919327 0.394240021705627 0.376586735248566 0.362883061170578 0.363962203264236 0.416075319051743 0.468802988529205 0.55279278755188 0.608887493610382 0.662531912326813 0.794379651546478 0.830542504787445 0.844236373901367
0.022350687533617 0.0259234607219696 0.0484336279332638 0.0513905100524426 0.035900641232729 0.219225496053696 0.334513753652573 0.086218424141407 0.0501762814819813 0.0613817684352398 0.0314753539860249 0.039277870208025 0.207612961530685 0.243574753403664 0.180250748991966 0.0925770476460457 0.162464365363121 0.121559076011181 0.157522931694984 0.177233815193176 0.247964099049568 0.403710633516312 0.326436370611191 0.206299319863319 0.321091324090958 0.249587833881378 0.170731022953987 0.161269292235374 0.14707937836647 0.186002358794212 0.128711327910423 0.129950776696205 0.178778812289238 0.189702153205872 0.343654006719589 0.32355859875679 0.30125829577446 0.355534017086029 0.418911248445511 0.490105450153351 0.548547446727753 0.597176730632782 0.641662895679474 0.641292810440063 0.649411916732788 0.670492768287659
0.0205078776925802 0.0216066613793373 0.0332083143293858 0.0261343736201525 0.0564290247857571 0.0748081505298615 0.130254194140434 0.0681476071476936 0.048192236572504 0.0303389821201563 0.0315144620835781 0.044114850461483 0.121522508561611 0.120941355824471 0.0907724127173424 0.103153474628925 0.202808260917664 0.128962099552155 0.127399832010269 0.16759292781353 0.225442036986351 0.334684699773788 0.287278681993484 0.319138169288635 0.44009530544281 0.190453559160233 0.190369486808777 0.124441340565681 0.139571771025658 0.134963974356651 0.144639417529106 0.190908417105675 0.15174888074398 0.216910243034363 0.206921264529228 0.362668752670288 0.328184843063354 0.382264763116837 0.481492757797241 0.546543717384338 0.579090654850006 0.62302428483963 0.574466288089752 0.582647085189819 0.757146418094635 0.896932721138
0.0213034208863974 0.0234903804957867 0.0238887909799814 0.0230615753680468 0.0665007531642914 0.0432820878922939 0.0577824525535107 0.0540889240801334 0.0384272858500481 0.0311110951006413 0.0330528318881989 0.0437254011631012 0.0641657710075378 0.176231443881989 0.0894161760807037 0.210871666669846 0.157530054450035 0.134804517030716 0.135403767228127 0.162503376603127 0.222344473004341 0.248450204730034 0.251911997795105 0.406902939081192 0.417019426822662 0.236696824431419 0.192433938384056 0.154705747961998 0.167707398533821 0.266707301139832 0.196299582719803 0.154804021120071 0.177011579275131 0.209764674305916 0.571369290351868 0.59342098236084 0.37913915514946 0.491942793130875 0.568802118301392 0.561992108821869 0.64374566078186 0.686702251434326 0.687153995037079 0.832089781761169 0.92582380771637 0.937106728553772
0.0279261469841003 0.0224157404154539 0.0241008810698986 0.0390586070716381 0.0504466630518436 0.0395431891083717 0.0519498884677887 0.0346507988870144 0.0329222828149796 0.0333333760499954 0.0365314409136772 0.0419593714177608 0.0372168272733688 0.111260704696178 0.0937986895442009 0.289882272481918 0.132149621844292 0.149737030267715 0.161806628108025 0.172094538807869 0.222566246986389 0.268739193677902 0.334815442562103 0.428565353155136 0.471989661455154 0.231505379080772 0.302681028842926 0.304353266954422 0.209701150655746 0.250716269016266 0.252660900354385 0.184762582182884 0.334958732128143 0.587160408496857 0.696914255619049 0.673726737499237 0.602137327194214 0.642274260520935 0.628610372543335 0.67828232049942 0.701660931110382 0.712163746356964 0.71252715587616 0.791776835918427 0.847384691238403 0.874268352985382
0.0248666666448116 0.0274433735758066 0.0248752757906914 0.0267356373369694 0.030294431373477 0.0494012795388699 0.0321868918836117 0.0356339327991009 0.0493744201958179 0.0471360683441162 0.0403418466448784 0.0324633829295635 0.0390893965959549 0.0722533538937569 0.12034522742033 0.195465490221977 0.156700983643532 0.168489024043083 0.184854552149773 0.182510957121849 0.243517339229584 0.253800600767136 0.393135845661163 0.39979675412178 0.475866168737411 0.307969033718109 0.408292859792709 0.397459149360657 0.256000101566315 0.234388500452042 0.268586814403534 0.295266449451447 0.485382467508316 0.416502982378006 0.589436650276184 0.678410291671753 0.615483641624451 0.655997097492218 0.633589327335358 0.65886914730072 0.676619410514832 0.623447239398956 0.759874641895294 0.752741098403931 0.781974971294403 0.776037096977234
0.0257336683571339 0.0287211257964373 0.0301700606942177 0.0296116434037685 0.0314574241638184 0.0341758206486702 0.0337987877428532 0.0340594276785851 0.0400214828550816 0.033369418233633 0.0312387812882662 0.0364580526947975 0.0411026664078236 0.0824836418032646 0.200813308358192 0.16641828417778 0.225916132330894 0.213040500879288 0.215790435671806 0.193210616707802 0.216458290815353 0.282977908849716 0.373916327953339 0.355230420827866 0.323367148637772 0.308524489402771 0.252318412065506 0.305078655481339 0.245376721024513 0.437046378850937 0.278177112340927 0.353648722171783 0.5205078125 0.5271315574646 0.741959393024445 0.748538792133331 0.620532333850861 0.570363879203796 0.627214848995209 0.654163599014282 0.657559037208557 0.644680619239807 0.762673139572144 0.832139551639557 0.787259936332703 0.7553591132164
0.0270784478634596 0.0326579511165619 0.034550990909338 0.0294400751590729 0.0364254415035248 0.0295564383268356 0.0364379025995731 0.0368558540940285 0.0355618223547935 0.033369418233633 0.0347119979560375 0.0384252853691578 0.0647240728139877 0.0658116042613983 0.0624016970396042 0.0920501425862312 0.190842553973198 0.25150054693222 0.226756870746613 0.20983412861824 0.216240912675858 0.270913004875183 0.332084029912949 0.291325181722641 0.262289464473724 0.278256267309189 0.247997358441353 0.369508296251297 0.262524604797363 0.371767282485962 0.318892687559128 0.494114369153976 0.641957700252533 0.752240419387817 0.791630566120148 0.671727061271667 0.490985244512558 0.637241959571838 0.792320489883423 0.773779332637787 0.741883814334869 0.668812334537506 0.867998003959656 0.810730814933777 0.689115405082703 0.903370320796967
0.0265168193727732 0.0358543619513512 0.0381575189530849 0.0313934907317162 0.0476148910820484 0.0367625057697296 0.0321215242147446 0.0314586833119392 0.0442408993840218 0.0377462171018124 0.0345060154795647 0.0406385883688927 0.0635468885302544 0.071796603500843 0.0656123235821724 0.209908694028854 0.205006748437881 0.245752602815628 0.241387844085693 0.20983412861824 0.216458290815353 0.27374005317688 0.308256655931473 0.282115340232849 0.24374121427536 0.247997358441353 0.313648551702499 0.463982820510864 0.343057364225388 0.443183392286301 0.550073742866516 0.645002126693726 0.690652906894684 0.779462397098541 0.642919719219208 0.552226662635803 0.770764231681824 0.879415452480316 0.840416312217712 0.769731342792511 0.706262946128845 0.72007691860199 0.860514402389526 0.760444223880768 0.750663936138153 0.947917520999908
0.0253389589488506 0.0305038653314114 0.0404252968728542 0.0344170331954956 0.0539884567260742 0.0348126441240311 0.0337885431945324 0.0358124561607838 0.040221069008112 0.0468526110053062 0.0381851010024548 0.0513446852564812 0.0476954504847527 0.0537009090185165 0.0746667683124542 0.180434241890907 0.205215781927109 0.219679147005081 0.21984289586544 0.213019967079163 0.216240912675858 0.288394004106522 0.318569242954254 0.264172703027725 0.240704536437988 0.316798657178879 0.456985712051392 0.405929297208786 0.448382675647736 0.492252945899963 0.659846305847168 0.654656887054443 0.67798775434494 0.75512957572937 0.56898307800293 0.59365838766098 0.744984924793243 0.83076149225235 0.817717790603638 0.63996809720993 0.666921555995941 0.857891142368317 0.882305324077606 0.879260659217834 0.903043568134308 0.956483066082001
0.031015383079648 0.0327710285782814 0.0357324592769146 0.0368258282542229 0.061383955180645 0.0351353324949741 0.0339742638170719 0.0365698263049126 0.0409850664436817 0.0425476916134357 0.0440033450722694 0.0413128100335598 0.052204430103302 0.0462100468575954 0.0529305897653103 0.0800369679927826 0.202737674117088 0.206473305821419 0.209409296512604 0.216023698449135 0.225101575255394 0.278982371091843 0.268291771411896 0.242195785045624 0.26084315776825 0.361993938684464 0.362961709499359 0.36708402633667 0.444856733083725 0.405294924974442 0.447661161422729 0.472517371177673 0.571526646614075 0.525754749774933 0.488364368677139 0.53632128238678 0.789485514163971 0.875057995319366 0.765226244926453 0.700188934803009 0.85379558801651 0.941394507884979 0.91482812166214 0.903707921504974 0.904927015304565 0.888582050800323
0.0312986336648464 0.0317789576947689 0.035526730120182 0.0483412891626358 0.0530132837593555 0.0342835783958435 0.0365462712943554 0.0376700013875961 0.0439076200127602 0.0425621569156647 0.0486522503197193 0.0439580753445625 0.128830134868622 0.049462229013443 0.0657697021961212 0.0911004692316055 0.202944993972778 0.206893742084503 0.210259601473808 0.231548696756363 0.231027379631996 0.265441745519638 0.252143263816833 0.244579300284386 0.273463815450668 0.294866144657135 0.303415715694427 0.382412672042847 0.401084125041962 0.332974702119827 0.368127524852753 0.499215364456177 0.650029897689819 0.478089034557343 0.539219975471497 0.623361110687256 0.880069196224213 0.928953647613525 0.912942290306091 0.905068933963776 0.940508186817169 0.869608700275421 0.834932923316956 0.827040016651154 0.836511492729187 0.862718045711517
0.029518099501729 0.0352385677397251 0.0415456481277943 0.0421763807535172 0.0466337949037552 0.0384338013827801 0.0402021110057831 0.0350111834704876 0.0409866869449615 0.0618976131081581 0.0507645197212696 0.0779649540781975 0.122671537101269 0.0529948994517326 0.0617371052503586 0.0956370607018471 0.203360080718994 0.206893742084503 0.210046783089638 0.217779740691185 0.217111349105835 0.225716024637222 0.250191122293472 0.252807438373566 0.244030430912971 0.269286513328552 0.294988214969635 0.398750275373459 0.376833409070969 0.344506829977036 0.394559562206268 0.541313409805298 0.700804114341736 0.641431212425232 0.839416921138763 0.833569347858429 0.937007188796997 0.945798993110657 0.943774223327637 0.830283641815186 0.801959633827209 0.834688365459442 0.921694576740265 0.92380702495575 0.911318957805634 0.938508152961731
0.0275831446051598 0.0575444735586643 0.0586076341569424 0.0583935417234898 0.0444454774260521 0.0397545509040356 0.0370354056358337 0.0364973470568657 0.0669552385807037 0.161954239010811 0.0723914578557014 0.140377402305603 0.100481748580933 0.055682860314846 0.0726713314652443 0.119276560842991 0.206683441996574 0.206893742084503 0.207525581121445 0.207947596907616 0.208581820130348 0.220817714929581 0.243738546967506 0.231066316366196 0.264849424362183 0.248955011367798 0.359060376882553 0.386081784963608 0.369483143091202 0.332323789596558 0.385852664709091 0.496457070112228 0.729301273822784 0.78201699256897 0.813974320888519 0.857398271560669 0.943152248859406 0.944288074970245 0.904232561588287 0.869024634361267 0.924059212207794 0.8949134349823 0.916244566440582 0.930927157402039 0.929480910301208 0.942153930664062
0.0353709533810616 0.0336924754083157 0.0670873075723648 0.0690599530935287 0.0527066923677921 0.0394655652344227 0.0390391908586025 0.0477543249726295 0.106384426355362 0.117035366594791 0.086019903421402 0.207092702388763 0.0874176472425461 0.0668011978268623 0.0840735882520676 0.0916326567530632 0.127698764204979 0.201723292469978 0.205026790499687 0.208581820130348 0.20879353582859 0.224346026778221 0.227688685059547 0.231294199824333 0.265412747859955 0.282873094081879 0.340274780988693 0.34794893860817 0.367068439722061 0.325741738080978 0.413278341293335 0.543645918369293 0.708893418312073 0.81602668762207 0.88706761598587 0.924580156803131 0.935617327690125 0.942559957504272 0.949993431568146 0.945152103900909 0.896186709403992 0.890113532543182 0.836311817169189 0.849269688129425 0.849992871284485 0.851473689079285
0.0518920719623566 0.0335661508142948 0.0342141054570675 0.0826911479234695 0.050248421728611 0.0491552799940109 0.0370480678975582 0.0545541755855083 0.0938102081418037 0.158413365483284 0.112870216369629 0.246742218732834 0.0995671078562737 0.108106918632984 0.110466122627258 0.133344486355782 0.204400584101677 0.207736521959305 0.210685700178146 0.208370253443718 0.214960768818855 0.227688685059547 0.228139907121658 0.244801163673401 0.282543808221817 0.274535685777664 0.288817375898361 0.284708470106125 0.301413416862488 0.32538840174675 0.414141833782196 0.606254041194916 0.779354929924011 0.833480536937714 0.821506977081299 0.910281956195831 0.927791953086853 0.948367893695831 0.934576034545898 0.878661572933197 0.842387676239014 0.837133586406708 0.834151446819305 0.792563080787659 0.789081871509552 0.872520685195923
0.0409309081733227 0.0377090536057949 0.0353891290724277 0.0360709615051746 0.0500801242887974 0.0659466609358788 0.044663842767477 0.0757366716861725 0.112741909921169 0.210978120565414 0.120358161628246 0.197528347373009 0.175596788525581 0.154014647006989 0.143684878945351 0.174666881561279 0.207104191184044 0.210685700178146 0.21732933819294 0.214528366923332 0.217984303832054 0.228139907121658 0.225687474012375 0.231978759169579 0.242348611354828 0.24329149723053 0.260567367076874 0.349566072225571 0.338962852954865 0.32418304681778 0.556468963623047 0.743939280509949 0.703106939792633 0.818398058414459 0.91138631105423 0.939393579959869 0.944118499755859 0.955076456069946 0.937958478927612 0.913510859012604 0.907614827156067 0.833143293857574 0.765052437782288 0.775090098381042 0.779186069965363 0.885796189308167
0.0424987860023975 0.041104756295681 0.0390192158520222 0.0373136661946774 0.0439976155757904 0.0691741555929184 0.0968267545104027 0.112741909921169 0.197377011179924 0.20776093006134 0.151583403348923 0.225313156843185 0.181098744273186 0.152201920747757 0.174297541379929 0.20983412861824 0.2378319054842 0.213880956172943 0.21732933819294 0.21776582300663 0.221701353788376 0.228365749120712 0.229270711541176 0.229497343301773 0.236556395888329 0.257147431373596 0.336933344602585 0.325594872236252 0.290285021066666 0.343922078609467 0.635446310043335 0.771111309528351 0.829391837120056 0.92067164182663 0.947407782077789 0.95289534330368 0.954693078994751 0.952434957027435 0.926964342594147 0.924919962882996 0.883048355579376 0.769366264343262 0.753360271453857 0.783506035804749 0.87131279706955 0.932779669761658
