output/projections/09_LIG/Myrcia silvatica.asc
NCOLS 168 
NROWS 144 
XLLCORNER -41.000137777 
YLLCORNER -8.000138593 
CELLSIZE 0.041666667 
NODATA_value -3.4e+38 
[rows 40 to 59 of 144, columns 0 to 45 of 168]
0.7010418176651 0.324246823787689 0.0751541927456856 0.0376378074288368 0.0659003406763077 0.136118307709694 0.0709753781557083 0.0370839983224869 0.0287226252257824 0.0259848069399595 0.0341096892952919 0.473952800035477 0.554536163806915 0.186633810400963 0.0456843599677086 0.0255163703113794 0.0182592831552029 0.0195601303130388 0.0187181383371353 0.0197477657347918 0.0230849143117666 0.0398780703544617 0.0285250395536423 0.0201530922204256 0.0223372522741556 0.0225933399051428 0.0142914205789566 0.01485466491431 0.0316964201629162 0.159041464328766 0.0673362240195274 0.0713723301887512 0.25299197435379 0.0776419192552567 0.083857350051403 0.376866608858109 0.10054811835289 0.0487191341817379 0.0409732237458229 0.0385382622480392 0.0456683747470379 0.0350342057645321 0.0325044877827168 0.0451704822480679 0.06136354804039 0.0833358988165855
0.647895812988281 0.751631438732147 0.238611847162247 0.0807394087314606 0.052300188690424 0.0388110280036926 0.0855425298213959 0.0591532215476036 0.0284880213439465 0.029150702059269 0.0249989591538906 0.0977235361933708 0.0689345747232437 0.0430482104420662 0.0253756698220968 0.0195533223450184 0.0208648331463337 0.0161247830837965 0.0192979499697685 0.0169522985816002 0.0265792086720467 0.0761364996433258 0.0237324666231871 0.0166790019720793 0.0239591486752033 0.024195346981287 0.0148494709283113 0.01485466491431 0.0173795949667692 0.0239955689758062 0.0214109066873789 0.0259517263621092 0.0317115001380444 0.0751609727740288 0.0524885505437851 0.121304050087929 0.118136122822762 0.0418224260210991 0.0543090738356113 0.0347498916089535 0.0329187661409378 0.0244657173752785 0.0378309972584248 0.0413133017718792 0.0513452887535095 0.0816921144723892
0.623640298843384 0.769502758979797 0.598577618598938 0.0966178551316261 0.0407406911253929 0.0337715670466423 0.0699365511536598 0.0712113603949547 0.0451709851622581 0.0515355281531811 0.0389072969555855 0.0362491421401501 0.0318991616368294 0.0216805711388588 0.0177747644484043 0.0200853310525417 0.0281584579497576 0.0145948501303792 0.0171447414904833 0.0207400936633348 0.0240575820207596 0.0278289131820202 0.0166153684258461 0.0136183565482497 0.0738489776849747 0.029511833563447 0.0208200290799141 0.0171785689890385 0.0186157152056694 0.0169589035212994 0.0192386917769909 0.0188786648213863 0.0223790295422077 0.0534636005759239 0.0788765847682953 0.0542377047240734 0.0461654923856258 0.0327796675264835 0.0281876176595688 0.0333495885133743 0.0315148048102856 0.0223703607916832 0.0357649065554142 0.0472335144877434 0.0580898486077785 0.0650923401117325
0.639239370822906 0.76425838470459 0.456514060497284 0.096832387149334 0.0472561530768871 0.0301520694047213 0.104746028780937 0.132708325982094 0.0949511155486107 0.0663787871599197 0.0465313456952572 0.0366587452590466 0.028380636125803 0.0262142941355705 0.0157887730747461 0.0253281556069851 0.0252323728054762 0.0173393301665783 0.015044248662889 0.0170329380780458 0.0247047785669565 0.0252169445157051 0.0159667301923037 0.0123985204845667 0.0202795416116714 0.0421025976538658 0.0229551736265421 0.0184070710092783 0.0293241571635008 0.0283397044986486 0.0216453298926353 0.0189143139868975 0.0189865808933973 0.0222329664975405 0.0268743857741356 0.0261889267712831 0.0245468989014626 0.0364177636802197 0.0305171757936478 0.0343608595430851 0.0248352736234665 0.0227596126496792 0.0223351959139109 0.027578404173255 0.0564115643501282 0.0549543537199497
0.595779538154602 0.750199615955353 0.666327178478241 0.145501032471657 0.0431624315679073 0.0402504950761795 0.107957951724529 0.101845562458038 0.0708486884832382 0.0420832931995392 0.0334971472620964 0.0374913401901722 0.0316653959453106 0.0326329246163368 0.0147349713370204 0.019556725397706 0.0251764059066772 0.0171688832342625 0.0166812352836132 0.0162072107195854 0.0231101401150227 0.0232863035053015 0.0167164020240307 0.0142568713054061 0.0177481304854155 0.0158505775034428 0.0157076101750135 0.0166006833314896 0.021274721249938 0.0253908839076757 0.0196803025901318 0.0172473285347223 0.0190925505012274 0.0294350050389767 0.0292086824774742 0.0208409111946821 0.044734850525856 0.0777161046862602 0.0349407084286213 0.0224516335874796 0.0235878769308329 0.0279317107051611 0.0244657173752785 0.02831756696105 0.0341375805437565 0.0560496784746647
0.547356247901917 0.724773526191711 0.777338981628418 0.307999819517136 0.0791792050004005 0.0570185482501984 0.0640869215130806 0.0770557671785355 0.0463513433933258 0.0325048565864563 0.0347846411168575 0.0363851860165596 0.0416298620402813 0.0373513251543045 0.0168114881962538 0.0159991141408682 0.0233412738889456 0.020002817735076 0.0182857066392899 0.0175645463168621 0.0269998423755169 0.0196227394044399 0.0189642198383808 0.0174369774758816 0.0142914205789566 0.0205188374966383 0.0154690183699131 0.0138427736237645 0.0188753772526979 0.0255884043872356 0.0202475935220718 0.0191957578063011 0.0177855063229799 0.0302695818245411 0.0305131450295448 0.0280776135623455 0.0294849090278149 0.0294338259845972 0.025781923905015 0.0195334833115339 0.0220328308641911 0.0351491905748844 0.0294019058346748 0.0275352820754051 0.0399371832609177 0.0375495553016663
0.510695576667786 0.705113410949707 0.773104429244995 0.73708963394165 0.153994187712669 0.0696514248847961 0.0626164451241493 0.0468695461750031 0.0320194214582443 0.0450036264955997 0.0319046452641487 0.0430482104420662 0.0483688004314899 0.0357653088867664 0.017802881076932 0.0153985358774662 0.0221362002193928 0.0268045384436846 0.0183588154613972 0.0267544221132994 0.0301911849528551 0.0181124415248632 0.0159057714045048 0.0178410932421684 0.0147953005507588 0.0210296027362347 0.0162577591836452 0.0147205451503396 0.0191260408610106 0.028393842279911 0.0257258042693138 0.0212784167379141 0.0286625903099775 0.0252904947847128 0.0185123421251774 0.0250995587557554 0.0286030247807503 0.0209992993623018 0.0199092086404562 0.016138868406415 0.0228901188820601 0.0473281294107437 0.0305515136569738 0.024536145851016 0.0466453656554222 0.0401858389377594
0.301802754402161 0.486726373434067 0.748272359371185 0.806110084056854 0.190034717321396 0.0644667148590088 0.0401804558932781 0.0270199123769999 0.0589198619127274 0.0577540770173073 0.0326837599277496 0.0499283820390701 0.0549464374780655 0.0251841060817242 0.0211811773478985 0.018711619079113 0.016063230112195 0.0162771679461002 0.0161198060959578 0.0228992439806461 0.0254652183502913 0.020352553576231 0.0156043954193592 0.0169500298798084 0.014942541718483 0.0200587958097458 0.0143513027578592 0.0137612735852599 0.0178229585289955 0.0712810084223747 0.0245821923017502 0.0292593874037266 0.0317336693406105 0.0208336673676968 0.0159113276749849 0.017576802521944 0.0273350961506367 0.0157623123377562 0.0212403815239668 0.0187311843037605 0.0224202331155539 0.0354366488754749 0.0373607166111469 0.0273398477584124 0.0438258275389671 0.0477072149515152
0.298036992549896 0.554819822311401 0.737356185913086 0.801880598068237 0.172041162848473 0.0464817695319653 0.0264721214771271 0.0438034497201443 0.119442284107208 0.0425631403923035 0.0511243976652622 0.0503668859601021 0.0359723679721355 0.0192541070282459 0.0317147746682167 0.0220898874104023 0.0181490983814001 0.0147329932078719 0.0133591899648309 0.0160025600343943 0.0575496256351471 0.0268558245152235 0.0178410932421684 0.016376843675971 0.0155851412564516 0.0179470423609018 0.0182960089296103 0.0144897093996406 0.0190933234989643 0.0688647106289864 0.0408870428800583 0.0352066084742546 0.0359270423650742 0.0217277985066175 0.02123755030334 0.0181250721216202 0.0252861194312572 0.0144891208037734 0.0245468989014626 0.0239946022629738 0.0255639366805553 0.0383110120892525 0.0510115213692188 0.029801556840539 0.0406683683395386 0.0476341620087624
0.279382586479187 0.425690770149231 0.659341990947723 0.738545954227448 0.105186842381954 0.0390365608036518 0.0290005523711443 0.144169926643372 0.120622113347054 0.0532726123929024 0.0484655722975731 0.0350950509309769 0.0335492826998234 0.0203865580260754 0.0226853787899017 0.0304804369807243 0.0228115115314722 0.0182945262640715 0.0158144403249025 0.0158172026276588 0.0214701164513826 0.0190066453069448 0.0176131092011929 0.020122155547142 0.0243380963802338 0.021686963737011 0.0162527412176132 0.0252002235502005 0.0166356824338436 0.044152170419693 0.0409641414880753 0.0498173460364342 0.0708829313516617 0.029764860868454 0.0232658609747887 0.0159498210996389 0.0260729901492596 0.0158254951238632 0.0195402838289738 0.0354977697134018 0.0342492833733559 0.0504656247794628 0.0366901569068432 0.0273859575390816 0.0478692129254341 0.0518097542226315
0.324100852012634 0.446762353181839 0.668707251548767 0.693216562271118 0.314501881599426 0.10267711430788 0.306382477283478 0.211177244782448 0.0823543444275856 0.0605662316083908 0.0331732295453548 0.0294123720377684 0.0529625341296196 0.0215841494500637 0.0186077244579792 0.0249471366405487 0.0266523230820894 0.0217983387410641 0.0191849581897259 0.0168121699243784 0.0211422014981508 0.0129514411091805 0.0127097740769386 0.0201326571404934 0.107714034616947 0.0260605197399855 0.0176781266927719 0.019014036282897 0.0182766802608967 0.0252133086323738 0.0613117329776287 0.0439866781234741 0.0411154963076115 0.0244465135037899 0.0234431829303503 0.017479095607996 0.0136796906590462 0.0131673198193312 0.0178308375179768 0.0353649258613586 0.044009618461132 0.0401463694870472 0.0337320640683174 0.0372085087001324 0.0412912406027317 0.057741716504097
0.343431144952774 0.238720268011093 0.370642066001892 0.482846200466156 0.644465804100037 0.721636235713959 0.769060432910919 0.419496923685074 0.0884378030896187 0.0383420959115028 0.0254320669919252 0.0416941083967686 0.0484655722975731 0.0212619174271822 0.0225993581116199 0.0207891818135977 0.0231283195316792 0.0273768156766891 0.025711428374052 0.0161843989044428 0.0263525266200304 0.0192093513906002 0.0127564072608948 0.0137255862355232 0.0160645358264446 0.0252958871424198 0.0542880855500698 0.0184134859591722 0.021245788782835 0.0767886713147163 0.052132174372673 0.0247261710464954 0.0192319955676794 0.0202857758849859 0.0163797046989202 0.0138403503224254 0.0178191289305687 0.015803212299943 0.0272543616592884 0.0323512814939022 0.0285894107073545 0.0271544028073549 0.0333953909575939 0.0481866337358952 0.0429243966937065 0.0621858239173889
0.20408770442009 0.147051528096199 0.269613206386566 0.328697800636292 0.513326346874237 0.575510799884796 0.747080683708191 0.297876447439194 0.0573420636355877 0.0317848026752472 0.0332577787339687 0.0532815642654896 0.0413137674331665 0.0188218764960766 0.026107270270586 0.0242017805576324 0.020124027505517 0.0197348240762949 0.0266441851854324 0.0189576167613268 0.0181817002594471 0.0181124415248632 0.0147361699491739 0.0171371605247259 0.0164373759180307 0.0335126519203186 0.0166035816073418 0.016929829493165 0.0283555090427399 0.0882633626461029 0.0676374360918999 0.0289940424263477 0.0278093945235014 0.021076550707221 0.0130666838958859 0.0178904067724943 0.0171514209359884 0.0185985416173935 0.0335387326776981 0.0292504988610744 0.0277651995420456 0.0296093169599771 0.0307326409965754 0.0425399653613567 0.0419764034450054 0.0489816702902317
0.142887726426125 0.120922438800335 0.195727124810219 0.238338768482208 0.293848097324371 0.493403285741806 0.663181245326996 0.12518697977066 0.0510094463825226 0.0368199720978737 0.0311435032635927 0.0351782962679863 0.0257630608975887 0.0205495413392782 0.0219263769686222 0.0293575264513493 0.0215369667857885 0.0188523810356855 0.0258494708687067 0.0200729854404926 0.0167164020240307 0.0212599411606789 0.0148494709283113 0.0177395697683096 0.0316637493669987 0.0171160493046045 0.0168971698731184 0.0166700780391693 0.0198446586728096 0.0329783260822296 0.0526576973497868 0.0457266680896282 0.0199825298041105 0.0189441982656717 0.0119815766811371 0.0273968260735273 0.0204122122377157 0.0234104301780462 0.0285818334668875 0.0237913578748703 0.0427202731370926 0.0277596991509199 0.0287512559443712 0.0446400344371796 0.040245920419693 0.0566941164433956
0.106210842728615 0.095472015440464 0.143150225281715 0.148006916046143 0.192936152219772 0.55837082862854 0.541141271591187 0.0935470685362816 0.0505571290850639 0.038366761058569 0.0311381481587887 0.0259182527661324 0.0269647464156151 0.0181204453110695 0.0254286900162697 0.0327515415847301 0.0204974431544542 0.0209782645106316 0.0323239266872406 0.0180806927382946 0.0163373369723558 0.0222563836723566 0.0175036992877722 0.0171100776642561 0.0176440495997667 0.0173795949667692 0.0173163581639528 0.0179280750453472 0.0204621944576502 0.0408448427915573 0.0807334780693054 0.0368243642151356 0.0169559456408024 0.0194599628448486 0.0128410300239921 0.0162634365260601 0.0352279283106327 0.0280958693474531 0.0246604904532433 0.029737327247858 0.0335480533540249 0.0246048104017973 0.0309892427176237 0.0560122951865196 0.0477277562022209 0.0536947809159756
0.117781579494476 0.0730574056506157 0.0981914475560188 0.155001536011696 0.204435810446739 0.587452530860901 0.269368290901184 0.0467795170843601 0.0384574569761753 0.0392617881298065 0.0296029858291149 0.0249939523637295 0.0193310119211674 0.0197063498198986 0.019117834046483 0.0302619505673647 0.0190359018743038 0.0182568412274122 0.0297534186393023 0.0175368003547192 0.0173012614250183 0.018115596845746 0.022087836638093 0.0155502315610647 0.0196364037692547 0.0171815659850836 0.0166035816073418 0.0183844231069088 0.0194300673902035 0.0414653979241848 0.0909569412469864 0.0471188724040985 0.0251125916838646 0.0354166179895401 0.0180996097624302 0.0194667391479015 0.0413787215948105 0.0223781261593103 0.0200368314981461 0.0289932899177074 0.0242498759180307 0.0264785215258598 0.0373951382935047 0.039514284580946 0.045384056866169 0.048664391040802
0.063390426337719 0.0493936836719513 0.134780451655388 0.10029212385416 0.278044462203979 0.506062805652618 0.076363243162632 0.033530306071043 0.03339883685112 0.0269354302436113 0.0262725055217743 0.023522287607193 0.0191111788153648 0.0221740119159222 0.0219263769686222 0.0224360562860966 0.0205926913768053 0.0216747932136059 0.0272782109677792 0.0223831683397293 0.0166526287794113 0.0173705033957958 0.0229943543672562 0.0158861503005028 0.0153754064813256 0.0164142455905676 0.0176563616842031 0.0293902438133955 0.0288458298891783 0.0225467458367348 0.0859748050570488 0.158850073814392 0.162805676460266 0.13033764064312 0.0433578230440617 0.019882095977664 0.0353602766990662 0.0208181086927652 0.0265179052948952 0.0331986956298351 0.0243961811065674 0.0211897306144238 0.0432590022683144 0.0379882976412773 0.0415805764496326 0.0481635890901089
0.0456756018102169 0.0422536879777908 0.0580914653837681 0.0973205119371414 0.331940889358521 0.291200041770935 0.0453136004507542 0.0327770486474037 0.0244477931410074 0.0250102542340755 0.021849874407053 0.0274972841143608 0.0255730729550123 0.0202424358576536 0.0233932603150606 0.0224860720336437 0.0213914550840855 0.0200097784399986 0.0192219540476799 0.0319017134606838 0.0199721045792103 0.0194064099341631 0.0211828891187906 0.0172413121908903 0.0152581548318267 0.0172473285347223 0.015439759939909 0.0171250104904175 0.0208125561475754 0.0569315142929554 0.208624124526978 0.189070880413055 0.110765159130096 0.0541573315858841 0.041477870196104 0.0349058099091053 0.0405588671565056 0.0304905846714973 0.0374098122119904 0.0283840820193291 0.0212781634181738 0.018743509426713 0.0789769291877747 0.0439948216080666 0.0390428714454174 0.083919495344162
0.033922865986824 0.053746659308672 0.0367210656404495 0.108449280261993 0.363666951656342 0.197147592902184 0.0336565002799034 0.0247824601829052 0.0225746762007475 0.0281902179121971 0.0187625326216221 0.0288863126188517 0.0279646627604961 0.0197097789496183 0.0221817102283239 0.0257237367331982 0.0273768156766891 0.019483121111989 0.0152817312628031 0.0218030028045177 0.0213110949844122 0.0305078942328691 0.023654866963625 0.01833057962358 0.0138867767527699 0.0193333588540554 0.0180940348654985 0.0313296839594841 0.0181377120316029 0.0222911741584539 0.0834120735526085 0.0617086067795753 0.101859591901302 0.0452123358845711 0.0913524925708771 0.106470011174679 0.10722491145134 0.0543890558183193 0.0289764031767845 0.0243041515350342 0.0211803913116455 0.0184177029877901 0.0428516231477261 0.0751943364739418 0.0689139291644096 0.0640210434794426
0.0411257781088352 0.0437521860003471 0.0408481061458588 0.114756099879742 0.351862519979477 0.0964193642139435 0.0270845405757427 0.0235787518322468 0.0249590873718262 0.0228693541139364 0.0204070135951042 0.0294365379959345 0.0246811341494322 0.0197227038443089 0.0242101661860943 0.0294786505401134 0.0261617805808783 0.0236208736896515 0.02079002186656 0.0135728158056736 0.0252595953643322 0.0411913730204105 0.0194839090108871 0.0215151570737362 0.0152507750317454 0.0142373442649841 0.02021299675107 0.0213706530630589 0.0208125561475754 0.0255625993013382 0.0496839284896851 0.0768893957138062 0.174979448318481 0.191853165626526 0.233195260167122 0.127636343240738 0.174407109618187 0.0681207552552223 0.0270712915807962 0.0219712164252996 0.0247844941914082 0.0243789907544851 0.0252368282526731 0.0631810873746872 0.0744494646787643 0.0634950697422028
