output/projections/09_LIG/Myrcia silvatica.asc
NCOLS 168 
NROWS 144 
XLLCORNER -41.000137777 
YLLCORNER -8.000138593 
CELLSIZE 0.041666667 
NODATA_value -3.4e+38 
[rows 60 to 79 of 144, columns 46 to 91 of 168]
0.0601418800652027 0.0581848472356796 0.0702417865395546 0.149867132306099 0.0939250513911247 0.0638731420040131 0.0570436641573906 0.0404692925512791 0.0282920803874731 0.0280579254031181 0.0405355207622051 0.0379120223224163 0.0459575615823269 0.0362868756055832 0.0356686115264893 0.0351376459002495 0.027339106425643 0.0248435474932194 0.0261965896934271 0.0214306358247995 0.0252959057688713 0.0542531162500381 0.0551047064363956 0.039229441434145 0.0424244925379753 0.0526951402425766 0.0395846404135227 0.0503213629126549 0.0567311272025108 0.0862527042627335 0.103996522724628 0.0750529244542122 0.0797710344195366 0.115030497312546 -3.4e+38 -3.4e+38 -3.4e+38 -3.4e+38 -3.4e+38 -3.4e+38 -3.4e+38 -3.4e+38 -3.4e+38 -3.4e+38 -3.4e+38 -3.4e+38
0.0486743859946728 0.0536891296505928 0.0487717390060425 0.0527674220502377 0.0506621114909649 0.0436176955699921 0.0390468761324883 0.023207999765873 0.0314973592758179 0.0372539423406124 0.0340863578021526 0.0389772988855839 0.046991053968668 0.0291252657771111 0.0357583239674568 0.0300080645829439 0.0277556180953979 0.0213119704276323 0.0242308247834444 0.0192201770842075 0.0240637063980103 0.063235841691494 0.0434353835880756 0.0412296652793884 0.0423187911510468 0.0415511019527912 0.0324539206922054 0.0457755103707314 0.0582048818469048 0.0731857270002365 0.0919291228055954 0.0603726357221603 0.060253594070673 0.0951307639479637 0.097825862467289 -3.4e+38 -3.4e+38 -3.4e+38 -3.4e+38 -3.4e+38 -3.4e+38 -3.4e+38 -3.4e+38 -3.4e+38 -3.4e+38 -3.4e+38
0.0355459451675415 0.0468185655772686 0.0596219636499882 0.0428666621446609 0.036469541490078 0.0286857988685369 0.0266732666641474 0.0319751426577568 0.0386425442993641 0.0433233380317688 0.0286960508674383 0.028292803093791 0.030310457572341 0.0298196692019701 0.0300454050302505 0.0248739514499903 0.0200044494122267 0.0209433082491159 0.0215424615889788 0.0198152270168066 0.0420235022902489 0.037653174251318 0.0351658537983894 0.028370525687933 0.0321996249258518 0.0262049343436956 0.0311324410140514 0.0416152328252792 0.0496593788266182 0.0824741423130035 0.062338512390852 0.0444286800920963 0.0513366460800171 0.0633700489997864 0.0853252485394478 0.0892217308282852 -3.4e+38 -3.4e+38 -3.4e+38 -3.4e+38 -3.4e+38 -3.4e+38 -3.4e+38 -3.4e+38 -3.4e+38 -3.4e+38
0.0280059073120356 0.0288649536669254 0.0317580252885818 0.0256769936531782 0.023237083107233 0.0321597196161747 0.0266722068190575 0.0431743413209915 0.0307106804102659 0.0352947413921356 0.0304760634899139 0.022736269980669 0.0275151841342449 0.0241609383374453 0.0229401979595423 0.0198526084423065 0.0198775716125965 0.0195865873247385 0.0196112226694822 0.0302635878324509 0.0350604988634586 0.0273184385150671 0.029240420088172 0.0333654247224331 0.0322498120367527 0.0260480716824532 0.0314167216420174 0.0469708889722824 0.0505761541426182 0.0614358261227608 0.039848867803812 0.0350660122931004 0.0399789996445179 0.0461576767265797 0.0545920543372631 0.0600592233240604 0.0530180484056473 0.0625293180346489 0.0876156538724899 0.0841195732355118 -3.4e+38 -3.4e+38 -3.4e+38 -3.4e+38 -3.4e+38 -3.4e+38
0.0369096398353577 0.0293968636542559 0.0236067492514849 0.0224915035068989 0.0274306647479534 0.0349738784134388 0.0314362533390522 0.0295599736273289 0.0234847608953714 0.0232779644429684 0.0246729515492916 0.0203590989112854 0.0212838128209114 0.0181012973189354 0.0215048342943192 0.0207808800041676 0.0182840153574944 0.0247910507023335 0.0260750725865364 0.0225187912583351 0.0317974463105202 0.0289875082671642 0.0263739060610533 0.0283078011125326 0.0265411268919706 0.0312242936342955 0.0365827716886997 0.0345600806176662 0.0476334281265736 0.0343327932059765 0.0287648979574442 0.0280630867928267 0.0410101935267448 0.0392211675643921 0.0477734431624413 0.040567833930254 0.0408784672617912 0.0570787787437439 0.105425961315632 0.117560431361198 0.214769080281258 0.147563546895981 0.135753452777863 -3.4e+38 -3.4e+38 -3.4e+38
0.048884429037571 0.0308054089546204 0.0199001766741276 0.0311855599284172 0.0301405563950539 0.0275996308773756 0.0251359809190035 0.0227820780128241 0.0209878161549568 0.0208025369793177 0.019772881641984 0.0246234368532896 0.0234344452619553 0.0159821733832359 0.0193173345178366 0.020369166508317 0.0250745490193367 0.032041035592556 0.0241676885634661 0.0195141639560461 0.0263354051858187 0.0265439376235008 0.022522084414959 0.0243987310677767 0.0211995858699083 0.0284989904612303 0.0279609598219395 0.0219234563410282 0.0242524109780788 0.0314835757017136 0.0222593490034342 0.0245223976671696 0.0321927852928638 0.0379174388945103 0.0395151749253273 0.0354520082473755 0.0340244062244892 0.0574018880724907 0.255287706851959 0.252739429473877 0.205362066626549 0.17097370326519 0.148053169250488 -3.4e+38 -3.4e+38 -3.4e+38
0.0299422424286604 0.020787825807929 0.0207944847643375 0.038772951811552 0.0283573660999537 0.0236942954361439 0.0202038139104843 0.0173117127269506 0.0255086105316877 0.0199806615710258 0.0240384042263031 0.0236271675676107 0.0152039378881454 0.0145236328244209 0.0185237471014261 0.0297672301530838 0.0324449092149734 0.0249077081680298 0.0223188046365976 0.018873093649745 0.0214114561676979 0.0257155392318964 0.0209186915308237 0.0188614688813686 0.0167186409235001 0.0188523810356855 0.0174003206193447 0.021544449031353 0.0324457325041294 0.0326850675046444 0.0213811732828617 0.0226754043251276 0.0301911849528551 0.0327472239732742 0.0319017134606838 0.0338852554559708 0.0325186178088188 0.0702620446681976 0.198728367686272 0.18933230638504 0.150727316737175 0.130997613072395 0.147277235984802 0.130095064640045 -3.4e+38 -3.4e+38
0.0216046534478664 0.0268911719322205 0.0296661667525768 0.0347179025411606 0.0226675737649202 0.0224639102816582 0.0140307638794184 0.0352469347417355 0.0420723743736744 0.0208353418856859 0.024626050144434 0.0158776193857193 0.0147100575268269 0.0169711820781231 0.0354389697313309 0.0319548472762108 0.0236567612737417 0.0206276625394821 0.0190476309508085 0.0213740505278111 0.0184959806501865 0.0183612704277039 0.0187148787081242 0.0160886831581593 0.0147895254194736 0.015631228685379 0.022982394322753 0.0239205826073885 0.0321261249482632 0.0235078781843185 0.0213774591684341 0.0198414325714111 0.0209315307438374 0.024095393717289 0.0268558245152235 0.0272651799023151 0.0339599065482616 0.147479444742203 0.162532523274422 0.133391439914703 0.102421186864376 0.126206457614899 0.121132634580135 0.123463325202465 -3.4e+38 -3.4e+38
0.0317332819104195 0.0318971164524555 0.0258223935961723 0.0248002912849188 0.0215775687247515 0.023400142788887 0.0150946751236916 0.0571618303656578 0.0387576892971992 0.0244826395064592 0.0149345090612769 0.0155199868604541 0.0243322774767876 0.0281316284090281 0.0298311002552509 0.021839102730155 0.0202705934643745 0.0173112396150827 0.0180253311991692 0.0183084961026907 0.0198918972164392 0.0173005610704422 0.0164620764553547 0.0142336953431368 0.0174362696707249 0.0197348240762949 0.0251292549073696 0.0299021974205971 0.0212451722472906 0.0184808671474457 0.0178568568080664 0.0170569252222776 0.0176286734640598 0.0261902771890163 0.0229863803833723 0.0349604561924934 0.0363990813493729 0.0342262499034405 0.112074919044971 0.0931524559855461 0.0912008732557297 0.119078725576401 0.133918955922127 0.113079153001308 0.0885117650032043 -3.4e+38
0.0331925563514233 0.0247251950204372 0.0212806891649961 0.0182231534272432 0.0163540188223124 0.0179961565881968 0.0214687064290047 0.0312705338001251 0.0265097748488188 0.0148988384753466 0.0174751169979572 0.0315068960189819 0.0278802700340748 0.0210034977644682 0.0205816943198442 0.0207919646054506 0.0203188583254814 0.0170242674648762 0.0148436743766069 0.0138014825060964 0.0140685345977545 0.0178372599184513 0.0157457999885082 0.0151912728324533 0.0183612704277039 0.0216672662645578 0.0279331486672163 0.0193123947829008 0.0158918853849173 0.0156182134523988 0.0144669152796268 0.014194892719388 0.0195755586028099 0.020458871498704 0.0356221348047256 0.0441924035549164 0.0319114029407501 0.0936027318239212 0.092157170176506 0.0894026383757591 0.090052105486393 0.11348744481802 0.136647209525108 0.0845188125967979 0.0309953149408102 0.0262460298836231
0.0265831016004086 0.0228100251406431 0.0209600869566202 0.0188123304396868 0.0176949501037598 0.0155383395031095 0.0165063161402941 0.0210211798548698 0.0212832409888506 0.0202040784060955 0.0352663956582546 0.0252119358628988 0.0268879327923059 0.0264795105904341 0.0202154070138931 0.0163439139723778 0.0148812187835574 0.0148436743766069 0.0126846339553595 0.0169732123613358 0.0206640511751175 0.0184573829174042 0.0129013173282146 0.0171688832342625 0.019281942397356 0.0293384771794081 0.0177233926951885 0.0140568017959595 0.0133969839662313 0.0127166043967009 0.0114661557599902 0.0136851966381073 0.0449995473027229 0.0386196598410606 0.0471414588391781 0.0363928563892841 0.07679832726717 0.0959369167685509 0.0932734683156013 0.110361389815807 0.0944590643048286 0.0834329053759575 0.0855512991547585 0.0707385316491127 0.0290205515921116 0.0252706781029701
0.0207742173224688 0.0177426692098379 0.0212341453880072 0.0211970452219248 0.0230170451104641 0.0189292430877686 0.0131763592362404 0.0175469163805246 0.0163805838674307 0.0220857840031385 0.0321087688207626 0.026848703622818 0.0226914398372173 0.020761439576745 0.0209735054522753 0.0159172993153334 0.0138720171526074 0.0175440795719624 0.0187201369553804 0.0212752670049667 0.0172315929085016 0.0140122678130865 0.0153883993625641 0.0182793345302343 0.028038889169693 0.0222789272665977 0.0129961427301168 0.0110104819759727 0.00954496674239635 0.0115546099841595 0.0147752165794373 0.0280839037150145 0.0438371449708939 0.0391338691115379 0.0672667846083641 0.0538222156465054 0.0685331299901009 0.104551993310452 0.0873936116695404 0.134162768721581 0.107563503086567 0.0955036878585815 0.0732274502515793 0.0778404623270035 0.0307094398885965 0.0199187956750393
0.0316102877259254 0.0333030223846436 0.0233683604747057 0.0146567793563008 0.0218519326299429 0.0202987883239985 0.0145382815971971 0.0147369615733624 0.015990536659956 0.0307000782340765 0.0237185787409544 0.0203435812145472 0.0195585638284683 0.0183276254683733 0.0168295409530401 0.0176189988851547 0.0160388890653849 0.0206105746328831 0.0183342453092337 0.0159196425229311 0.014448456466198 0.0165484137833118 0.0193954929709435 0.0226705558598042 0.0216759163886309 0.0116170784458518 0.00945333950221539 0.00911996886134148 0.0130173312500119 0.0228842869400978 0.0276145879179239 0.0338678285479546 0.0349770337343216 0.0347919836640358 0.0303814597427845 0.0762489438056946 0.0735678523778915 0.0930016338825226 0.101900763809681 0.137929871678352 0.107655212283134 0.103961043059826 0.0872251689434052 0.0825826749205589 0.0600585639476776 0.01340043079108
0.0523787662386894 0.0276373419910669 0.0164523776620626 0.013538165949285 0.0165630877017975 0.0138733284547925 0.0117216994985938 0.0179554522037506 0.0206687562167645 0.0282803997397423 0.0166104603558779 0.0175624247640371 0.0188771206885576 0.0174868106842041 0.0170905794948339 0.0152380708605051 0.0154536375775933 0.0164711307734251 0.0183072611689568 0.0148217491805553 0.0182204395532608 0.0194165129214525 0.0181340239942074 0.0230498444288969 0.0132367648184299 0.00963708013296127 0.0076476470567286 0.0125754335895181 0.022414518520236 0.024328688159585 0.0297341197729111 0.0904742851853371 0.0871447622776031 0.0877651944756508 0.0788666903972626 0.0619031265377998 0.0788924843072891 0.123951196670532 0.159295246005058 0.156877368688583 0.124724954366684 0.110247671604156 0.092045433819294 0.0555939525365829 0.0395147316157818 0.0308971889317036
0.0239744987338781 0.0199302434921265 0.0171774141490459 0.012978496029973 0.0116147436201572 0.0116261811926961 0.019437063485384 0.0209455210715532 0.0171366967260838 0.0196353364735842 0.0149654289707541 0.011437282897532 0.0194828510284424 0.0183322746306658 0.0131914187222719 0.00957480072975159 0.0105030462145805 0.0118777006864548 0.0135704232379794 0.0107486546039581 0.0143371997401118 0.0166240446269512 0.0157375484704971 0.0119316000491381 0.00915033370256424 0.00800990033894777 0.0104536917060614 0.0192760098725557 0.0217051729559898 0.0759286731481552 0.0798361524939537 0.0818580389022827 0.0859157890081406 0.0805777311325073 0.0728736743330956 0.0637337490916252 0.0739433318376541 0.125931426882744 0.149233758449554 0.123156666755676 0.0939005985856056 0.0995608642697334 0.0654435232281685 0.0393607541918755 0.0311254672706127 0.0303257331252098
0.0180490147322416 0.0184026286005974 0.0130950212478638 0.013644396327436 0.017188461497426 0.0161200240254402 0.0142635777592659 0.0143526345491409 0.0147401141002774 0.0126971006393433 0.0110875312238932 0.0105064455419779 0.0118815405294299 0.0105183599516749 0.01137591060251 0.013281018473208 0.0107916621491313 0.0122781675308943 0.0117251602932811 0.0118610607460141 0.0107537237927318 0.0113047994673252 0.0116391787305474 0.0089397057890892 0.00731689715757966 0.0114899883046746 0.0201460849493742 0.0208949465304613 0.0217051729559898 0.0664220303297043 0.0663223192095757 0.0859157890081406 0.0925469547510147 0.0728616863489151 0.0668053478002548 0.0686150193214417 0.0810701921582222 0.0908881947398186 0.135798245668411 0.0836501196026802 0.102501466870308 0.0719666704535484 0.0423674695193768 0.0363078825175762 0.0293036233633757 0.0283344965428114
0.0181010533124208 0.015223553404212 0.0134367160499096 0.0177248362451792 0.022372430190444 0.0162409543991089 0.01513831038028 0.0131432162597775 0.0115219382569194 0.0100455740466714 0.0144515549764037 0.011337473988533 0.0156444422900677 0.016716381534934 0.0162048041820526 0.0180060043931007 0.017112348228693 0.0177077241241932 0.0137052666395903 0.0110295042395592 0.0134692778810859 0.0171371325850487 0.0122350677847862 0.00737098278477788 0.00703990133479238 0.0154399378225207 0.0190960951149464 0.0195070952177048 0.0654643476009369 0.065128892660141 0.065128892660141 0.0893337726593018 0.0788537934422493 0.0654334798455238 0.066743291914463 0.0690380707383156 0.074026457965374 0.0751884430646896 0.0968898385763168 0.0830675214529037 0.0567837059497833 0.0470448471605778 0.0331330932676792 0.0402137041091919 0.0257692951709032 0.0303309541195631
0.016984611749649 0.017719142138958 0.0147829754278064 0.0237217433750629 0.0222765766084194 0.0191088821738958 0.0100678456947207 0.0116390297189355 0.0113301435485482 0.0130994161590934 0.0158650260418653 0.0147708440199494 0.0169463697820902 0.0154380686581135 0.0137071143835783 0.0128071596845984 0.0129058239981532 0.012840136885643 0.00999078620225191 0.0137096885591745 0.0117869535461068 0.0116371372714639 0.00931010581552982 0.00709195481613278 0.00631738174706697 0.0150317139923573 0.0185897909104824 0.0183492209762335 0.0593190379440784 0.0630204603075981 0.0658316090703011 0.0661704316735268 0.062961682677269 0.0601178221404552 0.0646637156605721 0.0648992136120796 0.0632374510169029 0.0716847479343414 0.0632075667381287 0.0545273795723915 0.0390652678906918 0.0322668626904488 0.0462599135935307 0.0323940254747868 0.0230815783143044 0.0324633829295635
0.0106332674622536 0.0119538335129619 0.0167505163699389 0.023300901055336 0.0196064747869968 0.0100386645644903 0.0100149735808372 0.0147805791348219 0.0136249409988523 0.0136748850345612 0.013278522528708 0.0125178080052137 0.0128586515784264 0.0132935391739011 0.0123566510155797 0.012840136885643 0.0130429286509752 0.0108611872419715 0.0162823870778084 0.0104898642748594 0.0105302883312106 0.011954290792346 0.0102505218237638 0.00674365274608135 0.00634182989597321 0.0126477833837271 0.0189178250730038 0.0175276268273592 0.0530132837593555 0.0604128837585449 0.0624294951558113 0.0590926371514797 0.0624941810965538 0.0557258203625679 0.0513844974339008 0.0515743046998978 0.0554280132055283 0.0592072568833828 0.0523807741701603 0.0399994589388371 0.0393581539392471 0.0338406786322594 0.0408613979816437 0.0285345558077097 0.0265947803854942 0.0305984448641539
0.0155201973393559 0.0142178246751428 0.0135786579921842 0.0178630892187357 0.0109462207183242 0.00785280019044876 0.0148398857563734 0.0140447141602635 0.0132939051836729 0.0177362225949764 0.011908314190805 0.0118192574009299 0.0171610470861197 0.0160199422389269 0.0151045778766274 0.0130387181416154 0.00939565990120173 0.0170795675367117 0.0191180612891912 0.00819702353328466 0.0101328855380416 0.0120485769584775 0.0126166427507997 0.0071193790063262 0.00631738174706697 0.0157957542687654 0.0188458152115345 0.0161475129425526 0.053127758204937 0.0557279661297798 0.0563448034226894 0.0599630922079086 0.0643410831689835 0.0477765910327435 0.0438698157668114 0.0427743792533875 0.0465962365269661 0.0445051826536655 0.0414680801331997 0.0329565815627575 0.0291044674813747 0.0370271280407906 0.0325521416962147 0.0278333984315395 0.0291287656873465 0.0297542735934258
