output/projections/09_LIG/Myrcia silvatica.asc
NCOLS 168 
NROWS 144 
XLLCORNER -41.000137777 
YLLCORNER -8.000138593 
CELLSIZE 0.041666667 
NODATA_value -3.4e+38 
[rows 80 to 99 of 144, columns 92 to 137 of 168]
0.0137147027999163 0.0207708850502968 0.0204569846391678 0.0175876412540674 0.018272016197443 0.0130368089303374 0.0157921724021435 0.0155523167923093 0.00923856627196074 0.0105320159345865 0.0106152053922415 0.0115800490602851 0.0121944518759847 0.0133009077981114 0.0154472291469574 0.0140053210780025 0.0425310768187046 0.0418110378086567 0.0447133630514145 0.0478071011602879 0.0502458922564983 0.0537009090185165 0.0573791489005089 0.0633767023682594 0.0633767023682594 0.069050520658493 0.0752807110548019 0.0833757892251015 0.0824104771018028 0.0881813392043114 0.110580243170261 0.127828121185303 0.185678198933601 0.209590211510658 0.277837157249451 0.2820103764534 0.2770114839077 0.280494004487991 0.33685365319252 0.324729293584824 0.407146394252777 0.403983175754547 0.440475016832352 0.524080097675323 -3.4e+38 -3.4e+38
0.0151537917554379 0.0239410009235144 0.026704428717494 0.0197448693215847 0.0184119939804077 0.0159821733832359 0.0147946989163756 0.00890799891203642 0.009403171017766 0.0126957530155778 0.0108874728903174 0.029811030253768 0.0138208232820034 0.0136627787724137 0.0165482237935066 0.0365381576120853 0.016365222632885 0.0447133630514145 0.0478071011602879 0.0502458922564983 0.0537009090185165 0.0602753311395645 0.0710467621684074 0.0528602451086044 0.0770764872431755 0.0801224187016487 0.0857480317354202 0.0948532298207283 0.0952944532036781 0.0942053198814392 0.125572025775909 0.245737686753273 0.312729895114899 0.310953289270401 0.367866575717926 0.33098977804184 0.319437474012375 0.342672765254974 0.379832088947296 0.434782117605209 0.421023666858673 0.404025912284851 0.49870964884758 0.559414565563202 0.619647681713104 -3.4e+38
0.0168449096381664 0.0262038931250572 0.0246585160493851 0.0198202449828386 0.0197448693215847 0.0173179730772972 0.0106726502999663 0.00877176970243454 0.0100795589387417 0.0143557414412498 0.0127468025311828 0.0128450077027082 0.0124110616743565 0.0145825166255236 0.018247090280056 0.0359157733619213 0.0450466088950634 0.0447133630514145 0.0502458922564983 0.0528021976351738 0.0602753311395645 0.0654552951455116 0.0795662254095078 0.0633767023682594 0.0593382008373737 0.0971793085336685 0.105538323521614 0.11465522646904 0.117404006421566 0.127776429057121 0.149570524692535 0.2952601313591 0.279888689517975 0.237170144915581 0.301886796951294 0.326661229133606 0.394708514213562 0.459365516901016 0.440962433815002 0.488070070743561 0.521218359470367 0.538520455360413 0.559293448925018 0.602443635463715 0.673929810523987 -3.4e+38
0.0174531172960997 0.0239515285938978 0.0222525484859943 0.0232903677970171 0.0200381577014923 0.0124935666099191 0.0101520735770464 0.00887218490242958 0.00904632359743118 0.0106372879818082 0.0112453754991293 0.0127693060785532 0.0121944518759847 0.0148670533671975 0.0184863470494747 0.0130689730867743 0.0137612735852599 0.0158010926097631 0.0462100468575954 0.0494019836187363 0.0573791489005089 0.0602753311395645 0.0862518548965454 0.0773145332932472 0.10374803841114 0.103867307305336 0.120209656655788 0.12472977489233 0.161690190434456 0.172382414340973 0.180854335427284 0.208917662501335 0.188649460673332 0.19211608171463 0.239902630448341 0.253227561712265 0.323247611522675 0.35357940196991 0.347020626068115 0.399475932121277 0.408368438482285 0.447279274463654 0.560335516929626 0.622475624084473 0.680305004119873 0.729418516159058
0.0229392815381289 0.022797554731369 0.0153962671756744 0.0146863488480449 0.0109618855640292 0.0091628422960639 0.0098822545260191 0.00834166165441275 0.00877176970243454 0.00923856627196074 0.0106152053922415 0.0121944518759847 0.0130689730867743 0.0142536330968142 0.0188488829880953 0.0151230916380882 0.0147464815527201 0.0158010926097631 0.047002125531435 0.0537009090185165 0.0573791489005089 0.0665542334318161 0.074578233063221 0.0645204931497574 0.0672670155763626 0.0978563204407692 0.117708176374435 0.127706468105316 0.176160380244255 0.17584790289402 0.181546419858932 0.181036323308945 0.189042255282402 0.251796215772629 0.259284049272537 0.288472503423691 0.298243194818497 0.276716589927673 0.278732985258102 0.301987498998642 0.404111385345459 0.565637350082397 0.588441967964172 0.638850629329681 0.655820846557617 0.776543438434601
0.0259565375745296 0.0142430812120438 0.00918354652822018 0.00980647653341293 0.0138617670163512 0.016189394518733 0.0095090726390481 0.024717329069972 0.0125986747443676 0.0149734895676374 0.0116693712770939 0.0133009077981114 0.0142536330968142 0.0187475048005581 0.0232049040496349 0.0174636598676443 0.0160807240754366 0.0187836717814207 0.0502458922564983 0.0573791489005089 0.0654552951455116 0.0478071011602879 0.0555417761206627 0.0666619464755058 0.0645254701375961 0.094963364303112 0.0954050421714783 0.111072137951851 0.1449363976717 0.139497891068459 0.149378076195717 0.143760666251183 0.176253512501717 0.21625030040741 0.248990446329117 0.338155746459961 0.373025864362717 0.354989737272263 0.46999803185463 0.544037103652954 0.606324374675751 0.666708409786224 0.716839849948883 0.679147124290466 0.695988178253174 0.793313801288605
0.013657440431416 0.0116874678060412 0.0137823885306716 0.0176320001482964 0.0246424376964569 0.0212423652410507 0.0098822545260191 0.00998285133391619 0.0105371363461018 0.01025899220258 0.011785876005888 0.0124110616743565 0.0142536330968142 0.0156882312148809 0.0305551812052727 0.0226860344409943 0.0303309541195631 0.0191150605678558 0.0546140372753143 0.0390893965959549 0.0447133630514145 0.0555417761206627 0.0584852881729603 0.0626952424645424 0.0640577897429466 0.0948532298207283 0.0909843295812607 0.0974045842885971 0.102977059781551 0.108297973871231 0.123615905642509 0.117984749376774 0.15125247836113 0.186467319726944 0.235206663608551 0.312568783760071 0.371091693639755 0.388602614402771 0.445314288139343 0.386838167905807 0.441480576992035 0.55462247133255 0.611877679824829 0.639784812927246 0.683196246623993 0.795807003974915
0.0117286611348391 0.0352325737476349 0.0239773653447628 0.0237961001694202 0.0232085958123207 0.0156314522027969 0.00980647653341293 0.0103364149108529 0.0122705893591046 0.0133538134396076 0.0122278537601233 0.0151617415249348 0.015212532132864 0.0268694385886192 0.0292033180594444 0.0332039780914783 0.0324633829295635 0.035343125462532 0.0546140372753143 0.0623267292976379 0.0447133630514145 0.0564843378961086 0.0575113743543625 0.0538251437246799 0.085246816277504 0.0589814409613609 0.0575114190578461 0.0910904183983803 0.0915159061551094 0.0934423580765724 0.103272296488285 0.1438227891922 0.137803971767426 0.153174474835396 0.176836535334587 0.209542855620384 0.25017586350441 0.33602249622345 0.321403682231903 0.391805946826935 0.527525246143341 0.554585516452789 0.580110609531403 0.573982417583466 0.62122517824173 0.741093575954437
0.0147446896880865 0.0248997658491135 0.0208782348781824 0.0186523795127869 0.0137755312025547 0.018798490986228 0.0131559818983078 0.011607713997364 0.0160850360989571 0.0168431084603071 0.0149024529382586 0.0137746147811413 0.0151643920689821 0.0193714313209057 0.0292033180594444 0.0303309541195631 0.0341475158929825 0.0371709130704403 0.0397645086050034 0.0623267292976379 0.0519748292863369 0.0555417761206627 0.0528602451086044 0.0564843378961086 0.0909842625260353 0.0732618719339371 0.066706158220768 0.0987546592950821 0.0990975201129913 0.104225941002369 0.124251201748848 0.180027484893799 0.150941103696823 0.17238062620163 0.204991519451141 0.242090702056885 0.326907426118851 0.433790355920792 0.464640706777573 0.481720477342606 0.478809684514999 0.573705554008484 0.700056433677673 0.709457814693451 0.784931540489197 0.819162130355835
0.0191570185124874 0.0197253469377756 0.0148367052897811 0.0126911364495754 0.0176684185862541 0.0225320011377335 0.0134925283491611 0.0134948911145329 0.0127794574946165 0.0190048888325691 0.024246959015727 0.0148480925709009 0.0153395356610417 0.0310392342507839 0.0371821448206902 0.0330279916524887 0.0341475158929825 0.0418110378086567 0.0425310768187046 0.0454810112714767 0.0519748292863369 0.0633767023682594 0.0593382008373737 0.0603410676121712 0.0669459626078606 0.0718039572238922 0.0697880387306213 0.066865973174572 0.0989831164479256 0.112858153879642 0.185208484530449 0.185443252325058 0.177476733922958 0.198729291558266 0.224312946200371 0.292712509632111 0.365516513586044 0.475168764591217 0.513736546039581 0.592090308666229 0.642436563968658 0.664005815982819 0.7309290766716 0.724867463111877 0.737695693969727 0.820282697677612
0.0184228420257568 0.0134812695905566 0.0125679997727275 0.0147286513820291 0.0414697006344795 0.042141180485487 0.0157044529914856 0.0182492919266224 0.0189921762794256 0.0188214145600796 0.0322285816073418 0.0171739812940359 0.0180543530732393 0.0348815061151981 0.0377427972853184 0.0380326546728611 0.0371709130704403 0.0454810112714767 0.0555417761206627 0.0519748292863369 0.0633767023682594 0.0722323209047318 0.0734361037611961 0.0985266044735909 0.0751024037599564 0.0945235192775726 0.0810633599758148 0.076350137591362 0.127115145325661 0.168563798069954 0.250442028045654 0.15323993563652 0.157445296645164 0.177949160337448 0.222233891487122 0.240574926137924 0.331591248512268 0.383385598659515 0.450045943260193 0.509490489959717 0.672267556190491 0.739318013191223 0.798000156879425 0.832716882228851 0.827133774757385 0.835180401802063
0.0152423791587353 0.0136568900197744 0.0138172851875424 0.031731590628624 0.0983992218971252 0.0207199025899172 0.0142363896593451 0.0181333404034376 0.0274739935994148 0.0218837577849627 0.0319371931254864 0.0306466333568096 0.0348920710384846 0.0380196683108807 0.0381686054170132 0.0387567579746246 0.0411484092473984 0.0425310768187046 0.0555417761206627 0.0770764872431755 0.0722323209047318 0.101165652275085 0.101515933871269 0.0895206183195114 0.112217843532562 0.150506258010864 0.108230791985989 0.13273897767067 0.250434279441833 0.255166918039322 0.286606132984161 0.170291155576706 0.177689895033836 0.209784716367722 0.203044667840004 0.222906485199928 0.266464531421661 0.342448741197586 0.390302240848541 0.387265473604202 0.41858235001564 0.541590452194214 0.560298979282379 0.675403296947479 0.64099133014679 0.676472902297974
0.0140689220279455 0.0181697867810726 0.0196253918111324 0.0445005558431149 0.0414057858288288 0.0179031118750572 0.0169905461370945 0.0179268773645163 0.0301222316920757 0.0454833395779133 0.0344302318990231 0.0339286848902702 0.0446772612631321 0.037760641425848 0.0388951934874058 0.0391329899430275 0.0411484092473984 0.0462611988186836 0.0593382008373737 0.0934422239661217 0.107848174870014 0.146781593561172 0.104225866496563 0.144143715500832 0.201225280761719 0.215529799461365 0.108209721744061 0.104480937123299 0.149794533848763 0.253070324659348 0.219740271568298 0.177835449576378 0.167446658015251 0.178754597902298 0.214931145310402 0.249961048364639 0.285024911165237 0.289801478385925 0.249023869633675 0.412920534610748 0.554110467433929 0.715267837047577 0.748512744903564 0.649700343608856 0.704666972160339 0.837271630764008
0.0158476009964943 0.0296041835099459 0.0405721142888069 0.0425443276762962 0.0170974750071764 0.0163579732179642 0.0244686603546143 0.0301449541002512 0.0238738693296909 0.0460000932216644 0.0246336162090302 0.0353584699332714 0.0389855429530144 0.0441010408103466 0.0419418551027775 0.0455313920974731 0.0494564883410931 0.0564843378961086 0.0783541724085808 0.157834380865097 0.217507854104042 0.167838364839554 0.119404204189777 0.112332083284855 0.185140401124954 0.120674937963486 0.109291069209576 0.139914289116859 0.166905418038368 0.203747406601906 0.149108052253723 0.137016728520393 0.126047685742378 0.1316829174757 0.177333533763885 0.17968562245369 0.181410908699036 0.219672620296478 0.332568556070328 0.572837948799133 0.63071221113205 0.677352607250214 0.65399956703186 0.650990545749664 0.816639542579651 0.840029954910278
0.0359549485146999 0.156477183103561 0.062068834900856 0.0366477221250534 0.0160014964640141 0.0169250648468733 0.0535596609115601 0.0469526499509811 0.0460420213639736 0.0514384657144547 0.0494757033884525 0.0386887155473232 0.0455995798110962 0.0672181993722916 0.0410146340727806 0.0425783395767212 0.0603410676121712 0.0949632972478867 0.140249282121658 0.352367371320724 0.278332442045212 0.14902301132679 0.184733286499977 0.121820002794266 0.101124808192253 0.073088027536869 0.0917009562253952 0.0898135900497437 0.0842525288462639 0.0792762637138367 0.137384846806526 0.118324503302574 0.158459395170212 0.175149470567703 0.167897835373878 0.176606476306915 0.26080909371376 0.315159678459167 0.511927306652069 0.596043884754181 0.567118227481842 0.575212597846985 0.587041199207306 0.768592655658722 0.827419698238373 0.842580318450928
0.280195832252502 0.223558202385902 0.0599807761609554 0.0229304116219282 0.0221959389746189 0.0175897721201181 0.0179124772548676 0.0222579054534435 0.0255049131810665 0.0456756018102169 0.0522996932268143 0.0369159802794456 0.0459468960762024 0.0401070527732372 0.0447629354894161 0.0556026585400105 0.135840252041817 0.241667732596397 0.255200326442719 0.370451778173447 0.294746458530426 0.13190895318985 0.111418679356575 0.0942263007164001 0.0774334222078323 0.0776167958974838 0.0705408379435539 0.0745699182152748 0.0760793909430504 0.0865524709224701 0.116082169115543 0.142791450023651 0.128535509109497 0.177433058619499 0.158415779471397 0.254154890775681 0.310804665088654 0.313484162092209 0.370312511920929 0.429069995880127 0.426379263401031 0.568594396114349 0.732524871826172 0.761314749717712 0.785649240016937 0.821039915084839
0.391138464212418 0.142537102103233 0.0438011959195137 0.0170407239347696 0.0188017655164003 0.0186621304601431 0.0155181279405951 0.0432313159108162 0.0265951454639435 0.0846361070871353 0.0621547847986221 0.0864778533577919 0.0498781837522984 0.0546739585697651 0.125840231776237 0.185554370284081 0.24431711435318 0.329526424407959 0.374318391084671 0.379786849021912 0.222917899489403 0.154950022697449 0.0980721190571785 0.111453831195831 0.167281121015549 0.0815421789884567 0.0755489617586136 0.0963948965072632 0.100005991756916 0.113742060959339 0.0916124582290649 0.0874527767300606 0.135840535163879 0.201409906148911 0.16976971924305 0.21848963201046 0.243741363286972 0.286129772663116 0.397044479846954 0.464291512966156 0.595620334148407 0.694178879261017 0.766194581985474 0.812430143356323 0.788524508476257 0.831090688705444
0.152724921703339 0.102071799337864 0.0224528312683105 0.0184989683330059 0.0162283424288034 0.0186981353908777 0.0411855280399323 0.0971720740199089 0.0677245408296585 0.351263046264648 0.420258551836014 0.179815873503685 0.144546300172806 0.201183632016182 0.325599938631058 0.324385225772858 0.332383364439011 0.395630925893784 0.384601473808289 0.358030796051025 0.169065028429031 0.138112038373947 0.111453831195831 0.28043606877327 0.106865420937538 0.107110410928726 0.114265449345112 0.151631101965904 0.13054084777832 0.152390658855438 0.0958380401134491 0.105769231915474 0.23555064201355 0.238057419657707 0.191642552614212 0.219240456819534 0.307248771190643 0.418675273656845 0.506061196327209 0.571335554122925 0.616879880428314 0.689967334270477 0.682995915412903 0.676613211631775 0.759988784790039 0.867792189121246
0.049029815942049 0.0336551852524281 0.0170085448771715 0.0208222717046738 0.0164184365421534 0.0228538662195206 0.0629988089203835 0.0373990535736084 0.0532693937420845 0.128706395626068 0.218652129173279 0.357053220272064 0.412334650754929 0.397112250328064 0.439170777797699 0.364052921533585 0.37940788269043 0.40612930059433 0.20144034922123 0.304951101541519 0.341196477413177 0.134563013911247 0.186330765485764 0.336025327444077 0.233454555273056 0.312073737382889 0.227525696158409 0.166371285915375 0.235941171646118 0.170831456780434 0.112333618104458 0.161622077226639 0.251994371414185 0.240067154169083 0.221635833382607 0.276635020971298 0.343813896179199 0.393676549196243 0.434239685535431 0.497677057981491 0.584569156169891 0.57996129989624 0.493954062461853 0.712596774101257 0.64020961523056 0.715112626552582
0.0249581038951874 0.0157587192952633 0.0177869386970997 0.0214463695883751 0.0195769090205431 0.0284914914518595 0.0855321660637856 0.147214129567146 0.0448674373328686 0.11410391330719 0.418388932943344 0.512079775333405 0.284368842840195 0.360907226800919 0.258519619703293 0.201385319232941 0.166104584932327 0.137248963117599 0.166509330272675 0.16545769572258 0.246534943580627 0.155829027295113 0.279723882675171 0.389416188001633 0.271546572446823 0.236445486545563 0.183759823441505 0.147730708122253 0.224206164479256 0.132367476820946 0.176079526543617 0.187196880578995 0.179480701684952 0.165542736649513 0.246446624398232 0.289456486701965 0.315059691667557 0.35541507601738 0.380266487598419 0.419894218444824 0.444978028535843 0.456444561481476 0.490960985422134 0.739265739917755 0.64430844783783 0.894173204898834
