output/projections/09_LIG/Scinax nebulosus.asc
NCOLS 168 
NROWS 144 
XLLCORNER -41.000137777 
YLLCORNER -8.000138593 
CELLSIZE 0.041666667 
NODATA_value -3.4e+38 
[rows 80 to 99 of 144, columns 92 to 137 of 168]
0.0193781163543463 0.0307494383305311 0.0289920084178448 0.0246519111096859 0.0258412379771471 0.0183221399784088 0.0215393826365471 0.0211191326379776 0.010997106321156 0.012555175460875 0.011560220271349 0.0120326261967421 0.0125240925699472 0.0130353681743145 0.0145395575091243 0.0130353681743145 0.0135672288015485 0.0130353681743145 0.0130353681743145 0.0135672288015485 0.0135672288015485 0.0141204791143537 0.0141204791143537 0.0146959545090795 0.0141204791143537 0.0141204791143537 0.0141204791143537 0.0146959545090795 0.0141204791143537 0.0141204791143537 0.0152945192530751 0.01591707020998 0.0231624115258455 0.0256718080490828 0.0366434156894684 0.0371518731117249 0.0348541997373104 0.0343323089182377 0.0428823344409466 0.0424388907849789 0.0578982755541801 0.0575956963002682 0.0635927096009254 0.0841062590479851 -3.4e+38 -3.4e+38
0.0209745783358812 0.0364754199981689 0.0384622253477573 0.0308919064700603 0.0271459501236677 0.0237724501639605 0.021561361849308 0.0117350732907653 0.0119616687297821 0.0155034577473998 0.0127122169360518 0.0125240925699472 0.0143285086378455 0.0141168078407645 0.016543060541153 0.0130353681743145 0.0141204791143537 0.0141204791143537 0.0146959545090795 0.0146959545090795 0.0152945192530751 0.0152945192530751 0.0165645349770784 0.01723787561059 0.0165645349770784 0.0165645349770784 0.0165645349770784 0.0165645349770784 0.01591707020998 0.0152945192530751 0.01723787561059 0.0339648015797138 0.0471492223441601 0.0460082292556763 0.0564833544194698 0.0489178746938705 0.0442059151828289 0.046581719070673 0.0547722615301609 0.0667715892195702 0.0593010857701302 0.0570801198482513 0.0799965560436249 0.0930606946349144 0.124561548233032 -3.4e+38
0.0249207448214293 0.0390344634652138 0.0379076674580574 0.030982980504632 0.0308322217315435 0.0273068621754646 0.0161397755146027 0.0114467684179544 0.012499438598752 0.0179943088442087 0.0148308640345931 0.0155885638669133 0.0135672288015485 0.0159836485981941 0.0190981943160295 0.0135672288015485 0.0155236041173339 0.0146959545090795 0.0152945192530751 0.01591707020998 0.0165645349770784 0.01723787561059 0.0186662022024393 0.0202104449272156 0.0194232854992151 0.0186662022024393 0.0186662022024393 0.0186662022024393 0.0186662022024393 0.0193176548928022 0.0220675840973854 0.0453842766582966 0.0455684065818787 0.0364661514759064 0.04618314281106 0.0500895641744137 0.0672015845775604 0.0832317546010017 0.0723583102226257 0.0790073797106743 0.0927920937538147 0.0992989167571068 0.0997026264667511 0.117682047188282 0.154761478304863 -3.4e+38
0.0284451544284821 0.0364661514759064 0.0362897105515003 0.0369200147688389 0.0333653464913368 0.0213991403579712 0.0157490689307451 0.0132389580830932 0.0124598499387503 0.0134664718061686 0.014688316732645 0.0144713772460818 0.0135672288015485 0.0155966626480222 0.020672082901001 0.0135672288015485 0.0141204791143537 0.0146959545090795 0.0152945192530751 0.01591707020998 0.01723787561059 0.01723787561059 0.0202104449272156 0.0220875181257725 0.0206156577914953 0.0202104449272156 0.0206156577914953 0.0206156577914953 0.0263595916330814 0.0283572226762772 0.0291937943547964 0.0313952714204788 0.0294502750039101 0.029148967936635 0.0366247929632664 0.038609616458416 0.0505453832447529 0.0611142255365849 0.0534838475286961 0.0634188875555992 0.0587711967527866 0.0670529007911682 0.0974894985556602 0.12412840873003 0.158788442611694 0.195723593235016
0.0376521572470665 0.039932694286108 0.0289945229887962 0.0261821784079075 0.0196989122778177 0.0160054098814726 0.0158313903957605 0.0127264279872179 0.0124012995511293 0.0124502740800381 0.0130097204819322 0.0141204791143537 0.0146959545090795 0.0152945192530751 0.0192076172679663 0.0155236041173339 0.0146959545090795 0.0152945192530751 0.01591707020998 0.0165645349770784 0.01723787561059 0.0186662022024393 0.0194232854992151 0.0206156577914953 0.0202104449272156 0.0202104449272156 0.0209200475364923 0.0228585433214903 0.0318943522870541 0.0299155618995428 0.0300542842596769 0.0287467669695616 0.030631098896265 0.0398068018257618 0.0403675325214863 0.0466168820858002 0.0477242320775986 0.042298898100853 0.0402960553765297 0.0424925275146961 0.0605091601610184 0.111212477087975 0.11726962774992 0.130875498056412 0.142725095152855 0.243795499205589
0.0448080599308014 0.0261889044195414 0.0163298361003399 0.016313100233674 0.0232369396835566 0.0291070938110352 0.0150659820064902 0.0129076279699802 0.0180036351084709 0.0214030649513006 0.0149162095040083 0.0152945192530751 0.01591707020998 0.0194031987339258 0.0243415161967278 0.0181069020181894 0.01591707020998 0.0165645349770784 0.01723787561059 0.0179380867630243 0.0186662022024393 0.0202104449272156 0.0206156577914953 0.0215504225343466 0.0209227502346039 0.0194232854992151 0.0186662022024393 0.0214362442493439 0.0257048234343529 0.0248306505382061 0.0256916116923094 0.0232765693217516 0.0288802310824394 0.035601194947958 0.0419565588235855 0.0638445317745209 0.0681543275713921 0.0625897794961929 0.0933282300829887 0.11688569188118 0.138688653707504 0.161746457219124 0.190851405262947 0.158894196152687 0.160887017846107 0.275165289640427
0.0237224418669939 0.0198690462857485 0.0229025781154633 0.0299654807895422 0.041165117174387 0.0388006903231144 0.0164754278957844 0.0155899338424206 0.0153441289439797 0.0140927275642753 0.0152945192530751 0.0152945192530751 0.01591707020998 0.0172334052622318 0.0191229209303856 0.0225062742829323 0.01723787561059 0.01723787561059 0.0179380867630243 0.0186662022024393 0.0202104449272156 0.0206156577914953 0.0206156577914953 0.0206156577914953 0.0206156577914953 0.0194232854992151 0.0186662022024393 0.0186662022024393 0.0189399141818285 0.01856460981071 0.0204851422458887 0.0204798504710197 0.0240849759429693 0.0307651683688164 0.0382765121757984 0.0533094480633736 0.0717557743191719 0.0758473202586174 0.0903676152229309 0.0628391206264496 0.072661317884922 0.111710965633392 0.125313714146614 0.138531163334846 0.164103284478188 0.281897008419037
0.0202701762318611 0.0343536213040352 0.0429195575416088 0.0408885851502419 0.0404956266283989 0.0274828020483255 0.0169763974845409 0.0155779896304011 0.0181468836963177 0.0192976742982864 0.0157560650259256 0.0188368614763021 0.0188417378813028 0.0169795248657465 0.0180223006755114 0.0185694172978401 0.0179380867630243 0.0186662022024393 0.0186662022024393 0.0194232854992151 0.0202104449272156 0.0206156577914953 0.0206156577914953 0.0206156577914953 0.0202104449272156 0.0202104449272156 0.0194232854992151 0.0186662022024393 0.0179380867630243 0.0179380867630243 0.01723787561059 0.0236345138400793 0.0218344740569592 0.0233852472156286 0.0283136405050755 0.0318170562386513 0.0390047878026962 0.0548269227147102 0.0530162528157234 0.0637657344341278 0.0972094833850861 0.108313232660294 0.106813125312328 0.102519161999226 0.121474385261536 0.200968474149704
0.0270890407264233 0.0470590740442276 0.0394072160124779 0.0335704125463963 0.0232843048870564 0.0324215032160282 0.0220353733748198 0.0179867912083864 0.0249335691332817 0.0242097973823547 0.020682767033577 0.0181966070085764 0.017933439463377 0.0214251782745123 0.018753768876195 0.0179380867630243 0.0186662022024393 0.0194232854992151 0.0194232854992151 0.0202104449272156 0.0206156577914953 0.0206156577914953 0.0206156577914953 0.0206156577914953 0.0206156577914953 0.0206156577914953 0.0206156577914953 0.0202104449272156 0.0194232854992151 0.0186662022024393 0.0207095015794039 0.0312585458159447 0.0247027073055506 0.0269751269370317 0.0344286486506462 0.0388461016118526 0.0559353344142437 0.0836772844195366 0.0875972285866737 0.0912641361355782 0.083596408367157 0.105956450104713 0.168724492192268 0.184789955615997 0.237976133823395 0.312959641218185
0.0375549979507923 0.0375454649329185 0.0286086909472942 0.0229433625936508 0.0307289026677608 0.0399428121745586 0.0222533531486988 0.0212725456804037 0.0194510165601969 0.0263223797082901 0.0342704467475414 0.0195956602692604 0.0182013195008039 0.0201999992132187 0.0222973730415106 0.0194232854992151 0.0194232854992151 0.0206156577914953 0.0206156577914953 0.0206156577914953 0.0206156577914953 0.0206156577914953 0.0206156577914953 0.0206156577914953 0.0206156577914953 0.0206156577914953 0.0206156577914953 0.0206156577914953 0.0194232854992151 0.0206156577914953 0.0317393057048321 0.0339648015797138 0.0312505587935448 0.0341042578220367 0.0379365421831608 0.0518576055765152 0.0698386207222939 0.0987068936228752 0.111920565366745 0.136487573385239 0.157868847250938 0.162573665380478 0.196559876203537 0.184829697012901 0.192451775074005 0.292595028877258
0.0365152135491371 0.0263310987502337 0.0220635384321213 0.025900749489665 0.0766765400767326 0.0433563180267811 0.0251687224954367 0.0286764055490494 0.0282587949186563 0.0260589085519314 0.0256850086152554 0.0225004702806473 0.0209038443863392 0.0224073641002178 0.0236588772386312 0.0218683052808046 0.0202104449272156 0.0206156577914953 0.0206156577914953 0.0206156577914953 0.0206156577914953 0.0206156577914953 0.0206156577914953 0.0206156577914953 0.0206156577914953 0.0206156577914953 0.0206156577914953 0.0206156577914953 0.0206156577914953 0.0217637103050947 0.0392983369529247 0.0267327446490526 0.0260790027678013 0.0287541337311268 0.036493968218565 0.0425892360508442 0.0597749464213848 0.0707911998033524 0.0867960005998611 0.101789444684982 0.177558705210686 0.216382518410683 0.274019986391068 0.338629841804504 0.335157930850983 0.33887904882431
0.0293314475566149 0.0255484357476234 0.0246921498328447 0.0552120581269264 0.105118028819561 0.0390279181301594 0.0248008891940117 0.0295372288674116 0.0430124588310719 0.0309235136955976 0.0248178765177727 0.0223900340497494 0.0245943889021873 0.0250884741544724 0.0240101907402277 0.0209227502346039 0.0206156577914953 0.0206156577914953 0.0206156577914953 0.0206156577914953 0.0206156577914953 0.0206156577914953 0.0206156577914953 0.0206156577914953 0.0206156577914953 0.0224160347133875 0.0210261065512896 0.0206156577914953 0.0286469161510468 0.0306742116808891 0.0414427742362022 0.0297774579375982 0.0297698378562927 0.0368683189153671 0.0344374217092991 0.0366713628172874 0.0442616827785969 0.0629790872335434 0.0701318830251694 0.0653330683708191 0.070409007370472 0.105006627738476 0.114823460578918 0.154413968324661 0.131569609045982 0.142271250486374
0.028323357924819 0.0357597358524799 0.034396979957819 0.0802020132541656 0.0747034996747971 0.032454214990139 0.0284261107444763 0.0279836729168892 0.0460198074579239 0.0400198958814144 0.0273743029683828 0.0243477821350098 0.0309630669653416 0.023769298568368 0.0229741968214512 0.0206156577914953 0.0206156577914953 0.0206156577914953 0.0206156577914953 0.0206156577914953 0.0206156577914953 0.0272790845483541 0.0206156577914953 0.0206156577914953 0.02741296030581 0.0338129661977291 0.0228614900261164 0.0211299601942301 0.0294993277639151 0.0351534299552441 0.0353245474398136 0.0315809510648251 0.0290514826774597 0.0307966507971287 0.0359758771955967 0.0449274927377701 0.0503926761448383 0.0480137579143047 0.0390245690941811 0.0718085095286369 0.116502843797207 0.192738950252533 0.221592545509338 0.143601402640343 0.165260508656502 0.311416476964951
0.0314032956957817 0.054171197116375 0.0783150866627693 0.0850546732544899 0.0344487354159355 0.027603829279542 0.0392535403370857 0.0489792786538601 0.0351042486727238 0.0372179858386517 0.0347825773060322 0.0256982166320086 0.0264788754284382 0.0271423626691103 0.0221964977681637 0.0206156577914953 0.0206156577914953 0.0206156577914953 0.0206156577914953 0.0225265957415104 0.0343097597360611 0.0325218960642815 0.0255955141037703 0.0227493215352297 0.0305249094963074 0.0267499089241028 0.0247313268482685 0.0225265957415104 0.0233155861496925 0.031431395560503 0.0259748194366693 0.0235368274152279 0.0218570232391357 0.0218513831496239 0.0290440414100885 0.029754601418972 0.0279083177447319 0.0342617183923721 0.0556978806853294 0.125690117478371 0.150104850530624 0.17107729613781 0.156535148620605 0.146161004900932 0.276939660310745 0.310542643070221
0.0465163998305798 0.179430827498436 0.126153230667114 0.0751785114407539 0.0317132845520973 0.0292796473950148 0.0499381609261036 0.0406040512025356 0.0363266356289387 0.0392634905874729 0.0363451093435287 0.027529813349247 0.0283644925802946 0.0363682173192501 0.0215504225343466 0.0206156577914953 0.0206156577914953 0.0206156577914953 0.0206156577914953 0.0447627492249012 0.0412432849407196 0.0271458458155394 0.0334856361150742 0.0279548764228821 0.0272790845483541 0.0206156577914953 0.0225265957415104 0.0227493215352297 0.0207175295799971 0.0206156577914953 0.0235459245741367 0.0202104449272156 0.0264856778085232 0.0289172492921352 0.0278005991131067 0.0264652781188488 0.0428381934762001 0.052380982786417 0.108132995665073 0.142043501138687 0.13015228509903 0.120711863040924 0.11803862452507 0.229551300406456 0.281038969755173 0.319060087203979
0.150759771466255 0.212714582681656 0.124232530593872 0.0478002838790417 0.0403612740337849 0.0315034836530685 0.0294653605669737 0.0332933887839317 0.0361692346632481 0.0334642976522446 0.0372463576495647 0.0252118762582541 0.0267499089241028 0.0209227502346039 0.0206156577914953 0.0206156577914953 0.0206156577914953 0.0258477795869112 0.0280919726938009 0.0469649210572243 0.0454128570854664 0.0264890789985657 0.0247313268482685 0.0213391780853271 0.0206156577914953 0.0206156577914953 0.0206156577914953 0.0206156577914953 0.0206156577914953 0.0209227502346039 0.0206156577914953 0.0217637103050947 0.0204107481986284 0.0280883722007275 0.0248434282839298 0.0390938818454742 0.0516623631119728 0.0539138875901699 0.0660643205046654 0.0799756124615669 0.0701662972569466 0.111946791410446 0.201585084199905 0.223425313830376 0.228615805506706 0.262075334787369
0.238748729228973 0.198889434337616 0.0940919071435928 0.0321802571415901 0.0335370302200317 0.0316416434943676 0.0229475647211075 0.0445480234920979 0.0283681284636259 0.0517057329416275 0.0306742116808891 0.0360170714557171 0.0209227502346039 0.0206156577914953 0.0206156577914953 0.0206156577914953 0.0240132808685303 0.0378060154616833 0.0469649210572243 0.0481042787432671 0.0369011200964451 0.02741296030581 0.0206156577914953 0.0206156577914953 0.0290700923651457 0.0206156577914953 0.0206156577914953 0.0206156577914953 0.0206156577914953 0.0229741968214512 0.0206156577914953 0.0206156577914953 0.0206156577914953 0.0305249094963074 0.0257180407643318 0.032517746090889 0.0365310907363892 0.0447458326816559 0.0689487010240555 0.084574855864048 0.130241900682449 0.182959496974945 0.240551933646202 0.289408981800079 0.244103103876114 0.288212567567825
0.186961501836777 0.179430827498436 0.04363102465868 0.0334079153835773 0.0270619224756956 0.0294804517179728 0.0414427742362022 0.0383591465651989 0.0305249094963074 0.0619008839130402 0.0674046128988266 0.0308242216706276 0.0221964977681637 0.0219790637493134 0.0378060154616833 0.0365450233221054 0.0381739102303982 0.049981988966465 0.0481042787432671 0.046740148216486 0.0262307226657867 0.0230874475091696 0.0206156577914953 0.0344769172370434 0.0206156577914953 0.0206156577914953 0.0206156577914953 0.0221964977681637 0.0206156577914953 0.0263595916330814 0.0206156577914953 0.0206156577914953 0.0276826303452253 0.0334856361150742 0.0289283636957407 0.0312785245478153 0.0492698438465595 0.0746756419539452 0.102030903100967 0.122522167861462 0.145829483866692 0.175555214285851 0.174027130007744 0.157903924584389 0.215574890375137 0.424525439739227
0.0973523333668709 0.0683561265468597 0.0300111509859562 0.0386978462338448 0.0251924339681864 0.0315849855542183 0.0579331256449223 0.031431395560503 0.0294993277639151 0.0289283636957407 0.0318943522870541 0.0451951622962952 0.0573861673474312 0.0542050004005432 0.0639786869287491 0.0443342812359333 0.0469649210572243 0.0514356233179569 0.0250981543213129 0.0308242216706276 0.0379895344376564 0.0216568093746901 0.0206156577914953 0.0416431836783886 0.0299347080290318 0.0385452434420586 0.0325218960642815 0.0233155861496925 0.0328401252627373 0.0286469161510468 0.0206156577914953 0.0285071916878223 0.0338129661977291 0.0325218960642815 0.0311263762414455 0.0392983369529247 0.0529291816055775 0.0645762085914612 0.0774778053164482 0.0927015542984009 0.125224709510803 0.118701539933681 0.0833324640989304 0.176940113306046 0.131780758500099 0.159851267933846
0.0498679578304291 0.0304538458585739 0.0304308664053679 0.0365310907363892 0.0297774579375982 0.0328401252627373 0.0627835392951965 0.059886246919632 0.0279548764228821 0.0248530171811581 0.0604555085301399 0.0922931358218193 0.0430722236633301 0.0619008839130402 0.0451951622962952 0.036722656339407 0.0272790845483541 0.021444546058774 0.0228614900261164 0.0206156577914953 0.0278184302151203 0.0206156577914953 0.0287873055785894 0.0529291816055775 0.0428652428090572 0.0370804145932198 0.0302284136414528 0.0221964977681637 0.0330003686249256 0.0219790637493134 0.0279548764228821 0.0299347080290318 0.0318943522870541 0.0300812125205994 0.0331613644957542 0.0416431836783886 0.0471907220780849 0.0587627477943897 0.0604330338537693 0.0679689422249794 0.0739197880029678 0.0735579952597618 0.0781433433294296 0.197732359170914 0.128422781825066 0.41731584072113
