output/projections/09_LIG/Scinax nebulosus.asc
NCOLS 168 
NROWS 144 
XLLCORNER -41.000137777 
YLLCORNER -8.000138593 
CELLSIZE 0.041666667 
NODATA_value -3.4e+38 
[rows 120 to 139 of 144, columns 0 to 45 of 168]
0.0219252537935972 0.0215031895786524 0.0187343582510948 0.03124257363379 0.0290366020053625 0.0241035856306553 0.024467634037137 0.0237631779164076 0.0257180407643318 0.0372605510056019 0.0361922346055508 0.0263595916330814 0.0227493215352297 0.0344769172370434 0.0285071916878223 0.0236619245260954 0.0379895344376564 0.0418445207178593 0.0568440556526184 0.0536912307143211 0.0478743240237236 0.0280919726938009 0.0443342812359333 0.0516817532479763 0.0387322083115578 0.0465163998305798 0.0372605510056019 0.0471907220780849 0.0873968824744225 0.158090502023697 0.2489243298769 0.264299660921097 0.189713820815086 0.0840607807040215 0.0546756573021412 0.0654782056808472 0.0905345529317856 0.180596753954887 0.193931743502617 0.241472467780113 0.429615557193756 0.451248735189438 0.278802782297134 0.503906190395355 0.401579201221466 0.235503226518631
0.048074085265398 0.0366900078952312 0.0447232834994793 0.0236345138400793 0.030349126085639 0.0249528177082539 0.034305389970541 0.0376185700297356 0.03067029081285 0.029785081744194 0.0248530171811581 0.0258477795869112 0.0308242216706276 0.0378060154616833 0.0302284136414528 0.0285071916878223 0.0406503230333328 0.0579331256449223 0.0492698438465595 0.041044719517231 0.0351534299552441 0.0381739102303982 0.0447627492249012 0.0408470667898655 0.0509466901421547 0.0633784905076027 0.0490346103906631 0.049981988966465 0.0804345011711121 0.181317314505577 0.209305658936501 0.195182964205742 0.18542318046093 0.126699641346931 0.0793150663375854 0.118574500083923 0.120474137365818 0.169509574770927 0.172784134745598 0.230691477656364 0.213336393237114 0.252309590578079 0.145959660410881 0.259988874197006 0.318053185939789 0.407949030399323
0.0502152368426323 0.0581867508590221 0.0358108282089233 0.0291863195598125 0.0267327446490526 0.0318821333348751 0.0279441252350807 0.0353200510144234 0.0296399742364883 0.0344769172370434 0.0297888927161694 0.0311263762414455 0.0416431836783886 0.0378060154616833 0.0557742454111576 0.0311263762414455 0.0378060154616833 0.0519289933145046 0.0576590374112129 0.0349831134080887 0.0565748102962971 0.0432801581919193 0.0443342812359333 0.0363682173192501 0.0709710940718651 0.073672316968441 0.0729551762342453 0.0989009290933609 0.0931814759969711 0.0823156908154488 0.0983760505914688 0.076078787446022 0.0909569039940834 0.132289543747902 0.145277723670006 0.173989996314049 0.184050932526588 0.136084884405136 0.116335310041904 0.165109753608704 0.157714560627937 0.230250924825668 0.155817002058029 0.141877710819244 0.134587720036507 0.29774284362793
0.052922572940588 0.0390938818454742 0.0422446541488171 0.0396650806069374 0.026220615953207 0.0330003686249256 0.0381739102303982 0.0369011200964451 0.0346448570489883 0.0516817532479763 0.047417551279068 0.0374415256083012 0.0604555085301399 0.0391087494790554 0.0542050004005432 0.0412432849407196 0.0356691889464855 0.0481042787432671 0.0511906072497368 0.0456315539777279 0.0552464723587036 0.0381739102303982 0.0621938072144985 0.0354964658617973 0.0642807707190514 0.0563067607581615 0.0763986334204674 0.100544512271881 0.166164085268974 0.0782289057970047 0.0582084394991398 0.126502990722656 0.155850917100906 0.23546801507473 0.402509152889252 0.225814163684845 0.174864694476128 0.369534611701965 0.272762089967728 0.151830688118935 0.172391727566719 0.105082713067532 0.155589267611504 0.277478754520416 0.166523933410645 0.111541725695133
0.0360033325850964 0.0367086604237556 0.0257114302366972 0.0369011200964451 0.0299347080290318 0.0270132385194302 0.046293668448925 0.0563067607581615 0.0458512529730797 0.0456315539777279 0.0565748102962971 0.0451951622962952 0.0542050004005432 0.0531820580363274 0.0449784621596336 0.0471907220780849 0.0478743240237236 0.0478743240237236 0.0560399107635021 0.0492698438465595 0.0534360706806183 0.040259562432766 0.0587627477943897 0.0326806381344795 0.0414427742362022 0.0582084394991398 0.100097969174385 0.182854861021042 0.264097303152084 0.108350150287151 0.0439097248017788 0.0636779293417931 0.132508978247643 0.184699013829231 0.357720822095871 0.365339070558548 0.454516798257828 0.482839733362198 0.173219725489616 0.219494104385376 0.185909226536751 0.110489130020142 0.0961587950587273 0.195865854620934 0.216091111302376 0.101212471723557
0.0271145105361938 0.0234033297747374 0.0235307645052671 0.0311223976314068 0.0274094436317682 0.027547474950552 0.0309749413281679 0.0536912307143211 0.0398723967373371 0.0436989031732082 0.0492698438465595 0.0619008839130402 0.0582084394991398 0.046740148216486 0.0420467890799046 0.0471907220780849 0.06412623077631 0.0549843497574329 0.0688757672905922 0.0565748102962971 0.0392983369529247 0.0379895344376564 0.0509466901421547 0.0434890501201153 0.0378060154616833 0.0664327964186668 0.123090997338295 0.225799173116684 0.257705003023148 0.100717410445213 0.0526774451136589 0.0706078410148621 0.0944652482867241 0.120931535959244 0.249146267771721 0.379488468170166 0.528621554374695 0.344593614339828 0.157791778445244 0.142351001501083 0.161681413650513 0.172870844602585 0.151126965880394 0.110207810997963 0.0922632738947868 0.0707347542047501
0.0239792987704277 0.02765778824687 0.0314113236963749 0.0258311778306961 0.0300773642957211 0.0305249094963074 0.0331613644957542 0.0404544919729233 0.0283681284636259 0.0351534299552441 0.0465163998305798 0.0928177163004875 0.0733278691768646 0.044121515005827 0.0328401252627373 0.0519289933145046 0.0805521979928017 0.0938384234905243 0.114861659705639 0.106436692178249 0.031431395560503 0.0370804145932198 0.0601702481508255 0.0630803629755974 0.0519289933145046 0.0709388479590416 0.102776683866978 0.161492213606834 0.203576162457466 0.108358442783356 0.0615023598074913 0.117625534534454 0.119092561304569 0.109219364821911 0.165619969367981 0.259063482284546 0.465251207351685 0.431140422821045 0.352356314659119 0.184640392661095 0.201378270983696 0.179918244481087 0.0888130515813828 0.122791916131973 0.0789412781596184 0.19016295671463
0.02917137183249 0.0306389331817627 0.0259447991847992 0.0256982166320086 0.027807729318738 0.0294955521821976 0.0317393057048321 0.0283681284636259 0.0293555706739426 0.0328401252627373 0.049981988966465 0.108660541474819 0.134617760777473 0.0944305285811424 0.0424541309475899 0.0406503230333328 0.0613189004361629 0.0825081691145897 0.11954814940691 0.105196841061115 0.0302284136414528 0.0443342812359333 0.0613189004361629 0.0664327964186668 0.0629710853099823 0.0750241801142693 0.0907060950994492 0.095749743282795 0.116420775651932 0.128197237849236 0.135333970189095 0.126720875501633 0.117325775325298 0.10579214990139 0.13708022236824 0.172247275710106 0.305909842252731 0.501165807247162 0.488584637641907 0.198705852031708 0.146110877394676 0.100807137787342 0.0776867046952248 0.0741560831665993 0.0518970116972923 0.261692672967911
0.0303258448839188 0.025056229904294 0.0240973811596632 0.0250755716115236 0.0254604611545801 0.0268812607973814 0.0299347080290318 0.0552464723587036 0.0469649210572243 0.0312785245478153 0.0481042787432671 0.0673754289746284 0.082580529153347 0.11556950211525 0.0739830285310745 0.0495061501860619 0.0449784621596336 0.0630803629755974 0.0907060950994492 0.090127982199192 0.0488004386425018 0.0519289933145046 0.0548882819712162 0.0695336312055588 0.0776987224817276 0.0731719359755516 0.0793246999382973 0.0838228091597557 0.0931594893336296 0.118583470582962 0.140240892767906 0.157982796430588 0.162442833185196 0.123510487377644 0.113469645380974 0.149366021156311 0.218122512102127 0.408528417348862 0.284768015146255 0.136977419257164 0.267665833234787 0.177797451615334 0.0952104106545448 0.0612049028277397 0.0592931099236012 0.273512125015259
0.0249271560460329 0.0259381346404552 0.0254408307373524 0.0229534804821014 0.0263595916330814 0.0309749413281679 0.0283681284636259 0.0610298290848732 0.0709388479590416 0.0414427742362022 0.0521773546934128 0.0519289933145046 0.0521773546934128 0.0802444592118263 0.112111769616604 0.0785926282405853 0.0379895344376564 0.0531820580363274 0.0782289057970047 0.0887288823723793 0.0570149384438992 0.0438321083784103 0.0564761273562908 0.0710477009415627 0.0764824151992798 0.103797495365143 0.105578891932964 0.0965213254094124 0.0966934263706207 0.125277861952782 0.108464859426022 0.128975287079811 0.186654344201088 0.188333377242088 0.142040058970451 0.131106048822403 0.128540888428688 0.158480271697044 0.24478942155838 0.190947413444519 0.277113556861877 0.273230373859406 0.0985148623585701 0.0948247238993645 0.229077875614166 0.146847516298294
0.025056229904294 0.0323267430067062 0.0331317745149136 0.0234093610197306 0.0252216048538685 0.02741296030581 0.0363682173192501 0.0607420355081558 0.069950096309185 0.0732963234186172 0.0519289933145046 0.0563067607581615 0.0364799275994301 0.0592188313603401 0.100630931556225 0.105112604796886 0.0582084394991398 0.0391087494790554 0.0716051757335663 0.0914725065231323 0.0738575682044029 0.0394186787307262 0.0491832382977009 0.0641695559024811 0.0807882472872734 0.124755442142487 0.18837271630764 0.183019414544106 0.0731707364320755 0.10537450760603 0.0455510392785072 0.0875505805015564 0.161888748407364 0.165960088372231 0.249682709574699 0.138092771172523 0.101997166872025 0.0897919833660126 0.140430137515068 0.12731646001339 0.114997491240501 0.173318162560463 0.136663287878036 0.143210858106613 0.295840382575989 0.149884909391403
0.0312345903366804 0.0363266356289387 0.0231683813035488 0.0217440612614155 0.0248530171811581 0.0420467890799046 0.0692980289459229 0.0787122249603271 0.0623797103762627 0.0584849789738655 0.0571145080029964 0.0507038757205009 0.0368354134261608 0.0501333400607109 0.0785926282405853 0.114333555102348 0.0933282598853111 0.0361277423799038 0.0615023598074913 0.102856881916523 0.107503481209278 0.0359528809785843 0.0442559458315372 0.0589390397071838 0.0784231796860695 0.106593698263168 0.201972410082817 0.252570807933807 0.0731707364320755 0.0766583234071732 0.0440996773540974 0.0584564656019211 0.0983661189675331 0.128201052546501 0.148091524839401 0.124333225190639 0.167769834399223 0.138807088136673 0.0939914584159851 0.0664006844162941 0.0763967856764793 0.0997134670615196 0.11233726888895 0.175329357385635 0.231339171528816 0.262398332357407
0.0288802310824394 0.0258046369999647 0.0248242635279894 0.0225062742829323 0.0255955141037703 0.0268812607973814 0.0485673286020756 0.0810852199792862 0.0855446979403496 0.0719404965639114 0.0381060279905796 0.0448990426957607 0.0432036034762859 0.0446836948394775 0.0636779293417931 0.0948743373155594 0.123946130275726 0.0600656941533089 0.0506148859858513 0.1091548204422 0.133576720952988 0.0327814072370529 0.0340824164450169 0.0459906980395317 0.071981281042099 0.128537058830261 0.214079335331917 0.210365414619446 0.0942157581448555 0.0699164122343063 0.0584564656019211 0.0367043390870094 0.0521517470479012 0.0595744773745537 0.0449562184512615 0.0763967856764793 0.191797971725464 0.167624533176422 0.126974239945412 0.0865549594163895 0.0651634410023689 0.0818973258137703 0.109758600592613 0.209881231188774 0.152839034795761 0.129780575633049
0.0248114932328463 0.0260656047612429 0.0268571171909571 0.0270796380937099 0.0280883722007275 0.0218315776437521 0.0288764294236898 0.0562085211277008 0.0749280527234077 0.106640569865704 0.0698298141360283 0.0457703657448292 0.037014402449131 0.0344153717160225 0.052085917443037 0.0890709981322289 0.120728597044945 0.121689975261688 0.0494191534817219 0.100369550287724 0.11713695526123 0.0345830246806145 0.0302132330834866 0.0515911392867565 0.061580341309309 0.098792552947998 0.154202952980995 0.220230922102928 0.10997898876667 0.0709047242999077 0.0604260973632336 0.0428440012037754 0.0590129904448986 0.0490104630589485 0.0422290377318859 0.0372419767081738 0.0774690732359886 0.133952468633652 0.144203960895538 0.128891110420227 0.100166223943233 0.066713385283947 0.130468130111694 0.199874073266983 0.159889593720436 0.0822765752673149
0.029701229184866 0.0251924339681864 0.0292916372418404 0.0339127816259861 0.0243226382881403 0.0242065954953432 0.0399944260716438 0.0268328990787268 0.0551499724388123 0.0916385278105736 0.110341757535934 0.0766929537057877 0.0457703657448292 0.0432036034762859 0.0548882819712162 0.0346275418996811 0.0930300578474998 0.121962256729603 0.0623797103762627 0.0554128363728523 0.0784504562616348 0.0359990932047367 0.0438321083784103 0.0459906980395317 0.0498941987752914 0.0782729610800743 0.156445875763893 0.111465737223625 0.11676362156868 0.0722425505518913 0.0529032275080681 0.0499574020504951 0.0621636062860489 0.0480805672705173 0.0467170774936676 0.0469417460262775 0.0470013916492462 0.0449562184512615 0.0774690732359886 0.141494452953339 0.162698969244957 0.1089808344841 0.0906181186437607 0.109174825251102 0.0895819813013077 0.0709047242999077
0.022787855938077 0.0272055808454752 0.0265542268753052 0.0230368413031101 0.0280414968729019 0.034920696169138 0.030919449403882 0.0244455151259899 0.0647767335176468 0.0894802287220955 0.0905535891652107 0.0398016199469566 0.0826704576611519 0.0714822635054588 0.0390892922878265 0.0334688760340214 0.0413693264126778 0.0666304677724838 0.113953284919262 0.0639754757285118 0.0544369556009769 0.045172818005085 0.0430508814752102 0.031723391264677 0.0222947094589472 0.0325056053698063 0.113283358514309 0.128123089671135 0.0794667303562164 0.0702444240450859 0.0630497559905052 0.0504373461008072 0.0598570927977562 0.0449562184512615 0.0422290377318859 0.0434675104916096 0.0392787866294384 0.0385260544717312 0.0412228107452393 0.0796550959348679 0.160523653030396 0.113521985709667 0.117274820804596 0.0805354341864586 0.0658612921833992 0.0830398723483086
0.0260253585875034 0.0249014310538769 0.0247858837246895 0.0236100908368826 0.0273636691272259 0.0245658364146948 0.0218315776437521 0.0230757687240839 0.0763373002409935 0.0763373002409935 0.0620859712362289 0.0346275418996811 0.0430508814752102 0.0453904122114182 0.0554826222360134 0.0368827171623707 0.0269996281713247 0.0341263078153133 0.0544369556009769 0.0652551427483559 0.0598580911755562 0.0628979802131653 0.0460491999983788 0.0358248315751553 0.0264757256954908 0.0259617175906897 0.0439439341425896 0.1181700527668 0.074324905872345 0.0552194453775883 0.0504373461008072 0.0514103621244431 0.0490104630589485 0.0408267788589001 0.0460491999983788 0.0473941639065742 0.0447406098246574 0.0487764030694962 0.0453904122114182 0.0467170774936676 0.0712370201945305 0.108610384166241 0.116352528333664 0.0839317888021469 0.0490726046264172 0.0554826222360134
0.0167208034545183 0.0208660047501326 0.0204959269613028 0.0227378103882074 0.030919449403882 0.0213005691766739 0.0185768082737923 0.0284559894353151 0.0543684102594852 0.0420259311795235 0.0412228107452393 0.0597709156572819 0.0487764030694962 0.0361741706728935 0.0365267917513847 0.0390892922878265 0.0272653456777334 0.0276686940342188 0.0255826003849506 0.0562792494893074 0.0591498054563999 0.0552194453775883 0.0473941639065742 0.0390892922878265 0.0312628373503685 0.0283538550138474 0.0305095873773098 0.0400968715548515 0.0648574978113174 0.0499574020504951 0.060712493956089 0.0651634410023689 0.0418771915137768 0.0389006733894348 0.0404343903064728 0.0422290377318859 0.0350106209516525 0.0356972180306911 0.0456090047955513 0.039469163864851 0.0632792264223099 0.0606466345489025 0.0831675827503204 0.0602474138140678 0.057950746268034 0.0495444945991039
0.0183774996548891 0.0196059867739677 0.0287356171756983 0.0218600500375032 0.0262174960225821 0.018485264852643 0.0196135938167572 0.027399156242609 0.0434675104916096 0.0526516027748585 0.0587611608207226 0.0722153410315514 0.0422290377318859 0.0445259846746922 0.0381549000740051 0.0305095873773098 0.0229924879968166 0.0184182394295931 0.0249626841396093 0.0490104630589485 0.0478507243096828 0.0465525425970554 0.043522946536541 0.0371095091104507 0.0377871803939342 0.0226557198911905 0.022433890029788 0.030066104605794 0.0458285994827747 0.0499574020504951 0.043105810880661 0.0534098818898201 0.0604260973632336 0.0485434010624886 0.0383400470018387 0.0531559847295284 0.0340045355260372 0.0436772666871548 0.036220658570528 0.033512007445097 0.0544369556009769 0.0406301319599152 0.0752433612942696 0.0644935071468353 0.042079608887434 0.0481424033641815
0.0170594789087772 0.0217386577278376 0.0193128418177366 0.020400395616889 0.0294463988393545 0.0198081023991108 0.0198339894413948 0.0302132330834866 0.0275336038321257 0.0368827171623707 0.0272653456777334 0.0383400470018387 0.0344596803188324 0.0487764030694962 0.0414222031831741 0.0293408166617155 0.0248727668076754 0.0175299923866987 0.0267711244523525 0.0341702587902546 0.0249951370060444 0.0296672079712152 0.039711207151413 0.0399035923182964 0.039469163864851 0.0268677156418562 0.0275336038321257 0.0313032157719135 0.0353523157536983 0.0246297754347324 0.0317643471062183 0.0445827059447765 0.043522946536541 0.0521517470479012 0.0361741706728935 0.034965630620718 0.0436772666871548 0.0346721112728119 0.0286695919930935 0.0298124440014362 0.0525898039340973 0.0325475335121155 0.0410767905414104 0.0679815337061882 0.0330263711512089 0.0380193144083023
