output/projections/09_LIG/Scinax nebulosus.asc
NCOLS 168 
NROWS 144 
XLLCORNER -41.000137777 
YLLCORNER -8.000138593 
CELLSIZE 0.041666667 
NODATA_value -3.4e+38 
[rows 40 to 59 of 144, columns 0 to 45 of 168]
0.399501770734787 0.339104443788528 0.0722489804029465 0.0279646869748831 0.049205981194973 0.137420877814293 0.0696234405040741 0.0289285406470299 0.018419461324811 0.0137651013210416 0.0139451865106821 0.127191767096519 0.182591155171394 0.121596954762936 0.0320584699511528 0.0137131605297327 0.00854026060551405 0.00892560090869665 0.00787858106195927 0.00807151477783918 0.00946580898016691 0.0186292845755816 0.0125500382855535 0.00742920162156224 0.00808962341398001 0.00821169093251228 0.00432730745524168 0.00411793030798435 0.00712300278246403 0.0207953378558159 0.010621253401041 0.0118936290964484 0.0489592812955379 0.023052429780364 0.0200830157846212 0.126595541834831 0.0589795745909214 0.025793032720685 0.026622649282217 0.0227445233613253 0.0340236574411392 0.0241767130792141 0.024395328015089 0.0410757325589657 0.0556147322058678 0.0794704332947731
0.155197575688362 0.430662274360657 0.267457365989685 0.0763849467039108 0.0452292636036873 0.0310769490897655 0.0824341997504234 0.0523238182067871 0.0190674047917128 0.0166523158550262 0.0126729849725962 0.0566420778632164 0.0468959398567677 0.0291316602379084 0.0152839412912726 0.0106428200379014 0.0106846615672112 0.00709393201395869 0.0085697453469038 0.00662245182320476 0.00894572306424379 0.0347534343600273 0.00972472503781319 0.00593239581212401 0.0086341854184866 0.0085484441369772 0.00473696505650878 0.00411793030798435 0.00500922137871385 0.00618436094373465 0.00511191552504897 0.00721347145736217 0.00851022824645042 0.0240949634462595 0.0172969195991755 0.0439427308738232 0.0698953568935394 0.0211965162307024 0.0377008244395256 0.0231571309268475 0.0245959963649511 0.0126114441081882 0.0303477682173252 0.0322006195783615 0.0433955751359463 0.0821062624454498
0.124084241688251 0.304433584213257 0.446709722280502 0.105784706771374 0.0348373055458069 0.0249123256653547 0.0668491199612617 0.0657103806734085 0.0360717438161373 0.0385295860469341 0.0278000459074974 0.0245626494288445 0.0216938145458698 0.0129475547000766 0.00939171854406595 0.0105241350829601 0.0158585552126169 0.00681586936116219 0.00765724340453744 0.00894104689359665 0.0103343613445759 0.0119814528152347 0.00614544097334146 0.00469220569357276 0.0232230685651302 0.0107649695128202 0.00710995402187109 0.00518656335771084 0.00526505801826715 0.00455325655639172 0.00511057395488024 0.00455445237457752 0.00772379338741302 0.0184497516602278 0.0305964276194572 0.0256128795444965 0.0205342769622803 0.0178410261869431 0.0147733855992556 0.0203577615320683 0.0198567379266024 0.0153687195852399 0.0236656758934259 0.0387866459786892 0.0480279438197613 0.0647103190422058
0.128061652183533 0.319809347391129 0.427407771348953 0.0985132828354836 0.039413645863533 0.0209124702960253 0.0800015106797218 0.128850743174553 0.0867550000548363 0.0565290674567223 0.0380502231419086 0.025449026376009 0.018325500190258 0.0161758996546268 0.00801404658704996 0.0139416698366404 0.0133964819833636 0.00812030397355556 0.0064784549176693 0.0077361399307847 0.0107061751186848 0.0112745799124241 0.00593550782650709 0.00426497356966138 0.00647079292684793 0.0143376849591732 0.00714931869879365 0.00534894363954663 0.00873447302728891 0.00877586472779512 0.00841689575463533 0.00635933177545667 0.00639121560379863 0.00909954681992531 0.0116731058806181 0.0103559074923396 0.0105063235387206 0.0197274629026651 0.0192781500518322 0.0244785659015179 0.015795199200511 0.0168016441166401 0.0149924969300628 0.0218404736369848 0.0497839860618114 0.0525351539254189
0.113236725330353 0.346588969230652 0.534928202629089 0.155166327953339 0.0341439954936504 0.0269865449517965 0.0947796925902367 0.0958561897277832 0.0625038519501686 0.034793458878994 0.0247106719762087 0.0264423973858356 0.0203928351402283 0.0213394444435835 0.00801404658704996 0.0105794388800859 0.0144072622060776 0.0085719870403409 0.00771881639957428 0.00724970269948244 0.0104405516758561 0.0101304659619927 0.00656171282753348 0.00545283826068044 0.00602842960506678 0.00531943934038281 0.00488662160933018 0.0051132570952177 0.00646909698843956 0.00797979068011045 0.00742910243570805 0.00614213710650802 0.00652376562356949 0.0129068614915013 0.0165952406823635 0.00870232190936804 0.0213702656328678 0.0464638769626617 0.0204204600304365 0.01540089212358 0.0157830994576216 0.0217303261160851 0.0175711270421743 0.0235190372914076 0.0268506687134504 0.0457860976457596
0.0899762585759163 0.22613325715065 0.537806153297424 0.381239145994186 0.0769198089838028 0.0463020652532578 0.0553696677088737 0.0736811757087708 0.0419982858002186 0.0237586051225662 0.0247170310467482 0.0264491885900497 0.0293410867452621 0.0263910572975874 0.00889955647289753 0.00796797592192888 0.0120856268331409 0.00997755583375692 0.00829625315964222 0.00735919084399939 0.0117354514077306 0.00809385813772678 0.00736304605379701 0.00633598957210779 0.00508504593744874 0.00693629775196314 0.00478968909010291 0.00414188671857119 0.00696548447012901 0.00988105684518814 0.00750566646456718 0.0069985524751246 0.00784038472920656 0.013699441216886 0.0139013547450304 0.0155524108558893 0.0174234099686146 0.0171578787267208 0.0187250860035419 0.0136759821325541 0.0143288346007466 0.0295125599950552 0.023677870631218 0.0239982288330793 0.0348084382712841 0.0327104963362217
0.0690745562314987 0.166219785809517 0.346381604671478 0.559366166591644 0.165503203868866 0.069725401699543 0.05997009947896 0.0431083887815475 0.0243803821504116 0.0368552282452583 0.0217492673546076 0.0310222078114748 0.0379423461854458 0.025425348430872 0.0100230472162366 0.00757981650531292 0.0101784048601985 0.0129988137632608 0.00793381314724684 0.0117683885619044 0.0135292029008269 0.0072879265062511 0.00640136050060391 0.00679720379412174 0.00486093061044812 0.00725920265540481 0.00532223144546151 0.00426945742219687 0.00557041866704822 0.010495281778276 0.00978050101548433 0.00732049904763699 0.0136315990239382 0.0127725834026933 0.00857078097760677 0.0150220831856132 0.0175920259207487 0.0163080133497715 0.0145910643041134 0.0106656169518828 0.014916549436748 0.0334343984723091 0.0237945057451725 0.0220306124538183 0.0416881330311298 0.0318745225667953
0.0294648464769125 0.0598522163927555 0.206918895244598 0.492532104253769 0.224525198340416 0.0635339096188545 0.0337057523429394 0.0189622230827808 0.051174595952034 0.0491363853216171 0.0230956226587296 0.0403372533619404 0.0450160913169384 0.0158762149512768 0.0125457495450974 0.00977638643234968 0.00765000423416495 0.00760600995272398 0.0073244315572083 0.0100827505812049 0.0116892261430621 0.00863870233297348 0.00624326523393393 0.00621211482211947 0.0050105364061892 0.00666786590591073 0.00462585408240557 0.00414406368508935 0.00467734690755606 0.0177824031561613 0.00958993285894394 0.0141911273822188 0.0155849624425173 0.0104130543768406 0.00787345040589571 0.00819430314004421 0.0172519069164991 0.0091077908873558 0.0165520235896111 0.0109188864007592 0.0149126732721925 0.0304199755191803 0.0326378457248211 0.0257118586450815 0.0404587835073471 0.0394744463264942
0.026302007958293 0.078203871846199 0.178712159395218 0.432562440633774 0.18534117937088 0.0438011661171913 0.0187248364090919 0.0312715247273445 0.111121296882629 0.0353220589458942 0.0430333986878395 0.0446297340095043 0.0278280954807997 0.0121052740141749 0.0214684717357159 0.0126494178548455 0.00981766171753407 0.00699202483519912 0.00601333007216454 0.00656515313312411 0.0252452809363604 0.0124891297891736 0.00736690359190106 0.00643682712689042 0.00573872309178114 0.00628115376457572 0.00758698536083102 0.0053446632809937 0.00627942383289337 0.0195936858654022 0.0143645498901606 0.014560779556632 0.0181782823055983 0.0084590082988143 0.0101595474407077 0.00811501778662205 0.0165866315364838 0.00851240381598473 0.0181026235222816 0.0168873388320208 0.0180040430277586 0.0333793871104717 0.0447233989834785 0.022217208519578 0.0372564308345318 0.0400611162185669
0.0258174519985914 0.0470662228763103 0.136884674429893 0.355125904083252 0.0968394428491592 0.0302774924784899 0.0177086926996708 0.0954045355319977 0.115933537483215 0.0452520214021206 0.0429512672126293 0.0276385527104139 0.0259071048349142 0.0131995202973485 0.0132550541311502 0.0197460819035769 0.0124996267259121 0.00828624702990055 0.00684831943362951 0.00679720379412174 0.00917641632258892 0.00782198365777731 0.00646909698843956 0.00729747582226992 0.00891285389661789 0.00881502870470285 0.00649803411215544 0.00927190855145454 0.00746816536411643 0.0128613021224737 0.0152252689003944 0.0147790387272835 0.0352125316858292 0.0155159868299961 0.0147347338497639 0.00946234073489904 0.015637781471014 0.0117004606872797 0.0139958988875151 0.0260661914944649 0.0249341316521168 0.0381987281143665 0.0302641279995441 0.0225094761699438 0.041850496083498 0.0432863272726536
0.0280614271759987 0.049099538475275 0.139665886759758 0.242744743824005 0.152486279606819 0.0503997877240181 0.149129867553711 0.168614700436592 0.0782489106059074 0.0555377341806889 0.0267389453947544 0.0200609676539898 0.0445965528488159 0.0144343823194504 0.0108949886634946 0.0145696261897683 0.015040441416204 0.0110836261883378 0.00861712172627449 0.00773816555738449 0.00908059068024158 0.005481640342623 0.00483918376266956 0.00628609582781792 0.0294911954551935 0.0119482539594173 0.00725340470671654 0.00893847178667784 0.00789201911538839 0.00876531098037958 0.0208909455686808 0.0174892488867044 0.0204804334789515 0.01495944801718 0.0154875991865993 0.0116638243198395 0.00891035236418247 0.00921235606074333 0.0129303336143494 0.0345702655613422 0.0435741953551769 0.0393918268382549 0.0353386178612709 0.0298317410051823 0.0381890721619129 0.0495255775749683
0.0360896848142147 0.0197729133069515 0.0375261940062046 0.0558656752109528 0.11057148873806 0.161613270640373 0.257853001356125 0.237602397799492 0.0822058469057083 0.0305227898061275 0.0174164734780788 0.0334581099450588 0.0417614355683327 0.0128635708242655 0.0133484397083521 0.0110617829486728 0.0123326405882835 0.0139262862503529 0.0130423363298178 0.00672781746834517 0.0122558427974582 0.00872762314975262 0.00511191552504897 0.00508905155584216 0.00543273286893964 0.00931825768202543 0.0164609923958778 0.00872054696083069 0.00676942383870482 0.0198858641088009 0.0268028769642115 0.0164445489645004 0.0105780884623528 0.0140252392739058 0.0107175596058369 0.00860678590834141 0.0109331412240863 0.00913775339722633 0.0209043174982071 0.0262010060250759 0.0219427272677422 0.0247734561562538 0.0294128730893135 0.0386197678744793 0.0389453619718552 0.0527243949472904
0.0224981885403395 0.0125787360593677 0.0194823611527681 0.0232191756367683 0.0562746450304985 0.078498363494873 0.204544886946678 0.172357439994812 0.0487408302724361 0.023148575797677 0.0231074970215559 0.0418590232729912 0.033122755587101 0.0112599935382605 0.0164320915937424 0.0140314623713493 0.0102366283535957 0.00954253878444433 0.0148147270083427 0.00881284102797508 0.00762507831677794 0.0078984284773469 0.00710427481681108 0.00842130091041327 0.00721725076436996 0.0178385861217976 0.00841678399592638 0.00746816536411643 0.00935248378664255 0.0272026024758816 0.0298367701470852 0.0176285393536091 0.0182491783052683 0.0134791769087315 0.00798590481281281 0.0134614696726203 0.0133913047611713 0.0129981152713299 0.032145332545042 0.0266781393438578 0.0265477541834116 0.02814687974751 0.0257717408239841 0.0429038442671299 0.0393338575959206 0.0444638840854168
0.0186896435916424 0.0112750828266144 0.0159613955765963 0.0179739631712437 0.0270614307373762 0.0604851730167866 0.205611020326614 0.0970684811472893 0.0383022986352444 0.0270593129098415 0.0216278024017811 0.0269566923379898 0.0185391120612621 0.0121604604646564 0.012184445746243 0.0179470237344503 0.0121022406965494 0.00935639906674623 0.0141958054155111 0.00957801844924688 0.00711181666702032 0.00927289016544819 0.00579492747783661 0.00838156696408987 0.0151256043463945 0.00920518953353167 0.00841678399592638 0.00804912112653255 0.00876531098037958 0.0130544239655137 0.0245410278439522 0.0290580950677395 0.0130868498235941 0.0117281032726169 0.00756100518628955 0.0202161278575659 0.0156213389709592 0.0177712198346853 0.0226236153393984 0.0175826791673899 0.0392147973179817 0.0252710469067097 0.0245440416038036 0.0425031147897243 0.0353656075894833 0.0409253276884556
0.0143122468143702 0.0105159897357225 0.0178619455546141 0.0138923991471529 0.0159613955765963 0.082381084561348 0.16668900847435 0.0700256675481796 0.0371338278055191 0.029038704931736 0.0232369937002659 0.0182119682431221 0.017997533082962 0.00973561499267817 0.0144740324467421 0.0200525224208832 0.0113103948533535 0.0103551642969251 0.017942612990737 0.0104295164346695 0.00889411196112633 0.0120582487434149 0.0114550460129976 0.0105808498337865 0.0104787172749639 0.00977526232600212 0.00925604626536369 0.0104210749268532 0.0103191211819649 0.0163782071322203 0.0375450178980827 0.0260916594415903 0.0115573853254318 0.0120296776294708 0.00787128508090973 0.00951957795768976 0.0272902008146048 0.0215425677597523 0.02304308116436 0.0227351766079664 0.0307497270405293 0.021072942763567 0.0245503578335047 0.0507745854556561 0.0401220321655273 0.0405320301651955
0.0184147115796804 0.0117174750193954 0.0135340187698603 0.0183995217084885 0.0211763381958008 0.0948963314294815 0.111556872725487 0.0356313586235046 0.0277440436184406 0.0298798400908709 0.0210156999528408 0.0177674014121294 0.0119424043223262 0.0115130245685577 0.00997356697916985 0.017863143235445 0.00991634372621775 0.00876898225396872 0.0195834897458553 0.01002202834934 0.00958492234349251 0.00968348793685436 0.0147620206698775 0.00934149045497179 0.0110136801376939 0.0119137279689312 0.0108417812734842 0.0107385581359267 0.01214499771595 0.0152808558195829 0.0353571884334087 0.0319686867296696 0.0199320763349533 0.0218885596841574 0.0140874963253736 0.0173324998468161 0.0394641645252705 0.0216207131743431 0.0196825955063105 0.029587185010314 0.0234946459531784 0.0220336597412825 0.0367746241390705 0.0298699401319027 0.0399387516081333 0.0355648547410965
0.0138054611161351 0.0098435003310442 0.016340097412467 0.0127508854493499 0.0311728660017252 0.127496883273125 0.0723417773842812 0.0232037529349327 0.0246336162090302 0.0233687534928322 0.0233469642698765 0.0163662526756525 0.0151859810575843 0.0180292930454016 0.0160571951419115 0.0156671106815338 0.0103329075500369 0.0107880691066384 0.0173761118203402 0.0135869020596147 0.00911871809512377 0.00916670449078083 0.0152900321409106 0.00938818510621786 0.00875729229301214 0.0082916934043169 0.0102154863998294 0.0141854044049978 0.0126543408259749 0.0100152203813195 0.0232197102159262 0.0443220287561417 0.0488797314465046 0.0469908975064754 0.0273007079958916 0.0182963944971561 0.0351313948631287 0.0204853378236294 0.0261939335614443 0.0419352054595947 0.023150697350502 0.0231205821037292 0.0439935848116875 0.0353926159441471 0.036095604300499 0.0402340851724148
0.0116014741361141 0.00955347158014774 0.0102438051253557 0.0124999145045877 0.0491265244781971 0.108848087489605 0.0433483310043812 0.030912259593606 0.0209687892347574 0.0217062793672085 0.0182441249489784 0.0238872822374105 0.0217930171638727 0.0142123149707913 0.0168433617800474 0.0160641446709633 0.017536299303174 0.0119125386700034 0.0108072711154819 0.0201839413493872 0.0103290108963847 0.0124688511714339 0.013984533958137 0.0106867561116815 0.00867033936083317 0.0119731239974499 0.00986274424940348 0.0100152203813195 0.00981755927205086 0.0157994385808706 0.0402753502130508 0.059897668659687 0.0366635099053383 0.0281275901943445 0.0215676054358482 0.0276686940342188 0.0351358689367771 0.0283502209931612 0.0370478071272373 0.0273675378412008 0.0201741009950638 0.0192726571112871 0.0768240913748741 0.0407385304570198 0.032285388559103 0.0460719540715218
0.00955347158014774 0.0132021075114608 0.00810328684747219 0.0133338971063495 0.0601784400641918 0.0917079821228981 0.030440142378211 0.0217746291309595 0.0187370348721743 0.0239805467426777 0.0179490949958563 0.0232384260743856 0.0282667241990566 0.0177241154015064 0.0200599636882544 0.0227137990295887 0.0194887239485979 0.0147179691120982 0.0107880793511868 0.0142645332962275 0.0138875879347324 0.0183562617748976 0.015446349978447 0.0110136801376939 0.00971129816025496 0.0126493973657489 0.0107907522469759 0.0168718937784433 0.01214499771595 0.01214499771595 0.025995884090662 0.0271321702748537 0.0396878868341446 0.020912142470479 0.0325061604380608 0.0418457761406898 0.0533411093056202 0.0451939217746258 0.035239115357399 0.0287098567932844 0.0240600984543562 0.0199551619589329 0.0396097041666508 0.0647767335176468 0.0607420355081558 0.0504621565341949
0.0142747005447745 0.0112043377012014 0.00987963564693928 0.0199842024594545 0.0655803084373474 0.0847826227545738 0.0241743307560682 0.0194389335811138 0.0211621206253767 0.0253254026174545 0.0193542167544365 0.0311147440224886 0.0236429609358311 0.0168515127152205 0.0215845257043839 0.021362666040659 0.0226081684231758 0.0181275941431522 0.0146451583132148 0.00879648979753256 0.0137855382636189 0.0254980232566595 0.0147462282329798 0.0159673076122999 0.00828952435404062 0.00924383569508791 0.0116286631673574 0.0138195715844631 0.01214499771595 0.01214499771595 0.0131501303985715 0.0183941647410393 0.0337121598422527 0.0393749512732029 0.0559955909848213 0.0334688760340214 0.0642929747700691 0.050655297935009 0.0262006632983685 0.0259047336876392 0.0280163418501616 0.0272055808454752 0.0241847950965166 0.0673754289746284 0.076078787446022 0.0648649111390114
