output/projections/09_LIG/Scinax nebulosus.asc
NCOLS 168 
NROWS 144 
XLLCORNER -41.000137777 
YLLCORNER -8.000138593 
CELLSIZE 0.041666667 
NODATA_value -3.4e+38 
[rows 60 to 79 of 144, columns 0 to 45 of 168]
0.0172316655516624 0.0104361874982715 0.0105932857841253 0.0181947704404593 0.0884482637047768 0.068321131169796 0.0219566393643618 0.0238206591457129 0.0266564879566431 0.0208209026604891 0.0183840449899435 0.0298053342849016 0.0203346665948629 0.0139183709397912 0.0301513485610485 0.0334706082940102 0.0234536118805408 0.0267311241477728 0.0225949324667454 0.0102666402235627 0.00836831051856279 0.0150455217808485 0.014246697537601 0.0146082788705826 0.0105751873925328 0.00962250400334597 0.01214499771595 0.0200306382030249 0.01214499771595 0.0238835234194994 0.0305095873773098 0.0175070576369762 0.0258347410708666 0.053876843303442 0.060037937015295 0.0218315776437521 0.0678020268678665 0.0387129299342632 0.036303423345089 0.0304663013666868 0.0415641441941261 0.0498754419386387 0.0390145368874073 0.060704417526722 0.0578827522695065 0.0578827522695065
0.0139757879078388 0.0168718937784433 0.0156641993671656 0.0337055772542953 0.107203610241413 0.0421963110566139 0.0172796007245779 0.0385890752077103 0.023998212069273 0.016036257147789 0.017242731526494 0.0304597355425358 0.0238118879497051 0.012836430221796 0.0135706346482038 0.0332240164279938 0.0787997171282768 0.0446543321013451 0.0578308887779713 0.013681448996067 0.0119700040668249 0.0150494324043393 0.0136278718709946 0.0198339894413948 0.0115694468840957 0.01214499771595 0.01214499771595 0.01214499771595 0.0150158321484923 0.0150158321484923 0.0221852585673332 0.0444693304598331 0.0313751101493835 0.0506148859858513 0.035261545330286 0.0216176379472017 0.0564761273562908 0.0446836948394775 0.0438321083784103 0.0279046390205622 0.0530889593064785 0.060343012213707 0.0557395219802856 0.0466990247368813 0.0561595559120178 0.0682549253106117
0.0117449332028627 0.015509738586843 0.0401391573250294 0.035663366317749 0.111522361636162 0.0379126965999603 0.0313717164099216 0.0531529672443867 0.0327701754868031 0.0260237157344818 0.0159275103360415 0.0168897677212954 0.0230899751186371 0.0163508895784616 0.0138424634933472 0.0171086601912975 0.0275964569300413 0.0538146980106831 0.0740302130579948 0.0138179566711187 0.00914492178708315 0.011801959015429 0.023105826228857 0.0215676054358482 0.0293787904083729 0.01214499771595 0.01214499771595 0.0150158321484923 0.0150158321484923 0.0244773123413324 0.0228499229997396 0.0303610600531101 0.0260554663836956 0.016254648566246 0.0354331694543362 0.0237355660647154 0.0392285361886024 0.0525851808488369 0.0396097041666508 0.0348091572523117 0.0372463576495647 0.0396550334990025 0.0483049489557743 0.0598342828452587 0.0447120144963264 0.0549226962029934
0.0129083711653948 0.0167886093258858 0.0325767211616039 0.066578172147274 0.0876029804348946 0.0370386429131031 0.046249583363533 0.0640431866049767 0.049942035228014 0.0327555015683174 0.0145079661160707 0.0117696560919285 0.0154798263683915 0.0147347338497639 0.0146694658324122 0.0304019954055548 0.0588971525430679 0.053398571908474 0.0194413810968399 0.0125801330432296 0.00947223603725433 0.0249951370060444 0.0124506680294871 0.012637703679502 0.0268677156418562 0.0356978289783001 0.0150158321484923 0.0150158321484923 0.0214336812496185 0.0535972937941551 0.051837969571352 0.0377387627959251 0.0213005691766739 0.0185525305569172 0.0398016199469566 0.0205783303827047 0.030619241297245 0.0519289933145046 0.0333231203258038 0.0475615262985229 0.0531754158437252 0.0445087403059006 0.0354558452963829 0.0430124588310719 0.0473520569503307 0.0449048578739166
0.0130372680723667 0.0217810589820147 0.0595337897539139 0.102201581001282 0.0535987205803394 0.0286627318710089 0.0240002293139696 0.0531884916126728 0.0622412264347076 0.0259994976222515 0.0170317608863115 0.0175104048103094 0.0141614442691207 0.0146656529977918 0.0175370387732983 0.0214017499238253 0.0700861737132072 0.0369414128363132 0.0163386911153793 0.0100086834281683 0.0164379328489304 0.0497298613190651 0.035999707877636 0.01214499771595 0.0213283654302359 0.0502201579511166 0.0271321702748537 0.0150158321484923 0.0161743611097336 0.0200044978410006 0.0375564061105251 0.0280778352171183 0.0354331694543362 0.0211958941072226 0.0297354608774185 0.0193001013249159 0.0307689905166626 0.0309749413281679 0.0428652428090572 0.0536912307143211 0.0361692346632481 0.0365125276148319 0.0368589498102665 0.0372085347771645 0.0421913154423237 0.0460082292556763
0.0152608184143901 0.0209394432604313 0.0549648702144623 0.109692648053169 0.0522103011608124 0.0317051000893116 0.0242540091276169 0.0343446917831898 0.0676708295941353 0.0293364431709051 0.0146292373538017 0.0252264682203531 0.0142281847074628 0.0175004824995995 0.0186666250228882 0.0186714585870504 0.0363107807934284 0.0381282456219196 0.0162105094641447 0.00981755927205086 0.0197363756597042 0.0321869403123856 0.0368652530014515 0.029919670894742 0.0283538550138474 0.0467170774936676 0.0412228107452393 0.0217526871711016 0.0180341489613056 0.0153165338560939 0.0344153717160225 0.0462120436131954 0.042789388448 0.0276328679174185 0.0251761507242918 0.0210917219519615 0.0253456458449364 0.0206156577914953 0.02741296030581 0.0369011200964451 0.046293668448925 0.0544636212289333 0.0712724700570107 0.0363358706235886 0.0424166098237038 0.0487575940787792
0.0151853635907173 0.022433890029788 0.0809599831700325 0.090923048555851 0.0416886880993843 0.0264930762350559 0.020111471414566 0.0209259260445833 0.0465035736560822 0.0444152913987637 0.0245852060616016 0.0375258736312389 0.0223646573722363 0.0215266458690166 0.0182158816605806 0.0182205997407436 0.0191580262035131 0.0271039512008429 0.0207344219088554 0.0260842218995094 0.0304754283279181 0.066520631313324 0.0252088736742735 0.0234186314046383 0.0326642692089081 0.0612391717731953 0.0473941639065742 0.030066104605794 0.0169112235307693 0.0187367163598537 0.0484818965196609 0.041569396853447 0.0345830246806145 0.0307689905166626 0.0232734866440296 0.0246102157980204 0.0192050635814667 0.0185525305569172 0.0206156577914953 0.0280919726938009 0.0526774451136589 0.0636779293417931 0.0460719540715218 0.0686515867710114 0.0664327964186668 0.0834908783435822
0.0157994385808706 0.0283905882388353 0.102159097790718 0.0787412151694298 0.0408632382750511 0.0262908730655909 0.0175095573067665 0.0190488789230585 0.0218744445592165 0.0403403304517269 0.032361414283514 0.0397530160844326 0.0404511615633965 0.0275289230048656 0.0162569731473923 0.0149475932121277 0.0139519926160574 0.0160359628498554 0.0130849732086062 0.0259617175906897 0.0628668814897537 0.0819425135850906 0.0379706099629402 0.030919449403882 0.0316824875771999 0.0489483959972858 0.0719231218099594 0.0448990426957607 0.0231593437492847 0.0244455151259899 0.0483352765440941 0.0385452434420586 0.044121515005827 0.0268328990787268 0.0246102157980204 0.0283681284636259 0.0286469161510468 0.0229741968214512 0.0230874475091696 0.0381739102303982 0.0454128570854664 0.0383542813360691 0.0311144441366196 0.0387174785137177 0.0601478740572929 0.048049945384264
0.0201034117490053 0.0312628373503685 0.124852880835533 0.0872867181897163 0.0430818982422352 0.0279085803776979 0.0220507197082043 0.0209910366684198 0.0243354812264442 0.0399313755333424 0.0304985214024782 0.029364887624979 0.025085560977459 0.0341598279774189 0.0256889909505844 0.0184974782168865 0.0130764581263065 0.01214499771595 0.0150158321484923 0.0249626841396093 0.105635613203049 0.0301742162555456 0.0506148859858513 0.0272300280630589 0.0280414968729019 0.0558612272143364 0.0421751774847507 0.0578588806092739 0.0399944260716438 0.02901791036129 0.0289283636957407 0.0254702810198069 0.0524268373847008 0.0305249094963074 0.023895600810647 0.036722656339407 0.0286469161510468 0.0243697259575129 0.0318943522870541 0.0253456458449364 0.0396801568567753 0.0497435294091702 0.048098236322403 0.0256982166320086 0.0334728322923183 0.0673754289746284
0.0272300280630589 0.0325056053698063 0.126627206802368 0.110437788069248 0.0409650765359402 0.0283273700624704 0.0203740522265434 0.0188272912055254 0.0275088921189308 0.0279290173202753 0.0315895415842533 0.0205812603235245 0.0228293146938086 0.0177758261561394 0.0211056210100651 0.0186615474522114 0.0234186314046383 0.014719033613801 0.0150158321484923 0.0245977863669395 0.02296257391572 0.018668795004487 0.0361277423799038 0.0222656838595867 0.0250529181212187 0.0521088503301144 0.0221563726663589 0.0379895344376564 0.0610298290848732 0.0633784905076027 0.0456315539777279 0.0289283636957407 0.0414427742362022 0.0226289369165897 0.0259748194366693 0.0406503230333328 0.0314273796975613 0.0259714815765619 0.0266157649457455 0.0233125817030668 0.0270132385194302 0.0590417571365833 0.0311144441366196 0.0216540154069662 0.0842368453741074 0.105745643377304
0.0217526871711016 0.0505412966012955 0.138968542218208 0.115947984158993 0.0276296846568584 0.0368907116353512 0.0186930485069752 0.0204747524112463 0.0364464782178402 0.0220450311899185 0.0207797903567553 0.0208878498524427 0.0247858837246895 0.0179289653897285 0.0168168377131224 0.0179382581263781 0.0160128735005856 0.0182132832705975 0.0150158321484923 0.0178567431867123 0.0363358519971371 0.0450730137526989 0.0399944260716438 0.0249302722513676 0.0218315776437521 0.0268328990787268 0.0307689905166626 0.0318372659385204 0.044121515005827 0.0568440556526184 0.0358427241444588 0.0334813669323921 0.0374367721378803 0.0209092441946268 0.0272755846381187 0.034640446305275 0.0412380695343018 0.0341303385794163 0.0242347400635481 0.0207041520625353 0.0268812607973814 0.0416431836783886 0.0236527845263481 0.0365450233221054 0.0940355733036995 0.0552120581269264
0.0345830246806145 0.117919400334358 0.127461358904839 0.0408956781029701 0.0279477164149284 0.0277167838066816 0.0170128103345633 0.028009157627821 0.0505007989704609 0.0252642184495926 0.0320026017725468 0.0274662189185619 0.0224598087370396 0.0211767461150885 0.01976946182549 0.0135885588824749 0.014719033613801 0.0150158321484923 0.0150158321484923 0.0185525305569172 0.0285954717546701 0.0667454600334167 0.0528682917356491 0.0403827242553234 0.0280414968729019 0.0318372659385204 0.035261545330286 0.0273636691272259 0.0434890501201153 0.029724046587944 0.0308124031871557 0.0262138806283474 0.0266021005809307 0.0209092441946268 0.0323515087366104 0.0292012728750706 0.0422446541488171 0.0420308522880077 0.0331402234733105 0.0212151352316141 0.0224015861749649 0.0254604611545801 0.0323597677052021 0.0565748102962971 0.0451553352177143 0.038130346685648
0.035952880978584 0.0539762824773788 0.0539446398615837 0.0253518521785736 0.0256083607673645 0.0283535942435265 0.0218542087823153 0.0260890629142523 0.0250852536410093 0.0235857758671045 0.0238187182694674 0.032291654497385 0.0254015233367682 0.0215981174260378 0.0187245942652225 0.0174773558974266 0.0174773558974266 0.0181871168315411 0.0150158321484923 0.0185525305569172 0.0222947094589472 0.0394186787307262 0.0421939380466938 0.036303423345089 0.042789388448 0.0445480234920979 0.0375564061105251 0.0334813669323921 0.0344637483358383 0.0367086604237556 0.0293367840349674 0.0255724955350161 0.0190336648374796 0.0271284319460392 0.0278005991131067 0.0306624490767717 0.0309551525861025 0.0436823703348637 0.0320215001702309 0.0235247034579515 0.0179380867630243 0.0387322083115578 0.0584849789738655 0.0726154893636703 0.0349519550800323 0.0341129489243031
0.0786015093326569 0.0991978049278259 0.0431530587375164 0.031959306448698 0.0278252232819796 0.0280988309532404 0.0227549057453871 0.0234123822301626 0.0257081333547831 0.0301453564316034 0.0248950254172087 0.0240600984543562 0.0221306663006544 0.0207634195685387 0.0200642067939043 0.01854532584548 0.0174773558974266 0.0141426669433713 0.0185525305569172 0.0185525305569172 0.0231593437492847 0.029302891343832 0.0256750155240297 0.0249302722513676 0.0524511411786079 0.0449784621596336 0.0568440556526184 0.0414427742362022 0.0317271463572979 0.0385305806994438 0.0374177657067776 0.0258179046213627 0.0195042416453362 0.0290440414100885 0.0220675840973854 0.0290440414100885 0.0284816306084394 0.034279178828001 0.0341129489243031 0.01723787561059 0.0192275084555149 0.0454128570854664 0.087395466864109 0.0284889321774244 0.0370804145932198 0.0696233585476875
0.0673714876174927 0.140323668718338 0.15158323943615 0.0453247539699078 0.0324380584061146 0.0368967652320862 0.0268115606158972 0.0247632563114166 0.0304819997400045 0.0313161239027977 0.0354825556278229 0.0261532459408045 0.0284304730594158 0.0205597281455994 0.0249206554144621 0.0189153496176004 0.0186419859528542 0.0181871168315411 0.0185525305569172 0.0185525305569172 0.0204771310091019 0.0259280446916819 0.0244455151259899 0.0221563726663589 0.0261834990233183 0.0428652428090572 0.0504621565341949 0.0400655306875706 0.0344637483358383 0.0314113236963749 0.0290440414100885 0.0265952683985233 0.0238679256290197 0.0244613364338875 0.0220618918538094 0.0205917023122311 0.0320215001702309 0.032802440226078 0.0208930466324091 0.0195042416453362 0.0199965517967939 0.0547234006226063 0.069941520690918 0.029609639197588 0.0404084324836731 0.0351042486727238
0.0478084124624729 0.119282908737659 0.20154270529747 0.0745952427387238 0.0354566536843777 0.0324534140527248 0.0352494567632675 0.0295372288674116 0.0247632563114166 0.0234640948474407 0.0241723451763391 0.0315486937761307 0.0247795078903437 0.0215254034847021 0.0218570232391357 0.0191976111382246 0.0201738364994526 0.0206156577914953 0.0185525305569172 0.0185525305569172 0.0335888005793095 0.0348135903477669 0.0294993277639151 0.0293555706739426 0.0365450233221054 0.036722656339407 0.0372605510056019 0.0254604611545801 0.0312665365636349 0.0294804517179728 0.0251989141106606 0.0234093610197306 0.0317190401256084 0.0275227501988411 0.032970916479826 0.0268502235412598 0.0275156907737255 0.0317028425633907 0.0215198490768671 0.0241035856306553 0.0255659222602844 0.0438820458948612 0.046241283416748 0.0363174006342888 0.0392435938119888 0.0411755330860615
0.0501484833657742 0.102140516042709 0.193239763379097 0.0780762210488319 0.0342367477715015 0.0373372510075569 0.0432894751429558 0.0433326363563538 0.0270480327308178 0.0328004322946072 0.0275015756487846 0.0288876313716173 0.0284743309020996 0.0239854734390974 0.0215309616178274 0.0189448166638613 0.0212315768003464 0.0202104449272156 0.0206156577914953 0.0206156577914953 0.0185525305569172 0.0206156577914953 0.0227493215352297 0.0383591465651989 0.0268812607973814 0.0302284136414528 0.0238863714039326 0.0206076689064503 0.0428652428090572 0.0220675840973854 0.027529813349247 0.0263426713645458 0.0337914265692234 0.0315567553043365 0.0277863424271345 0.0334472358226776 0.0263223797082901 0.0260589085519314 0.0247632563114166 0.0240443088114262 0.0313186384737492 0.0292500369250774 0.0296818483620882 0.0341870412230492 0.0387814976274967 0.0359154231846333
0.113675527274609 0.186262622475624 0.134435296058655 0.0724848657846451 0.0452048741281033 0.040459893643856 0.0422169826924801 0.0425445176661015 0.0337807908654213 0.0321620032191277 0.0369060672819614 0.0310831815004349 0.0377828143537045 0.0270657408982515 0.0235247034579515 0.0244739316403866 0.0240040086209774 0.0194232854992151 0.0194232854992151 0.0202104449272156 0.0202104449272156 0.0206156577914953 0.0213391780853271 0.0339777879416943 0.0194232854992151 0.0194232854992151 0.0206156577914953 0.0400655306875706 0.0258378181606531 0.0214362442493439 0.0323597677052021 0.0400604568421841 0.0368776880204678 0.0354648679494858 0.0273813270032406 0.0318577140569687 0.0283281616866589 0.0337655954062939 0.0256285313516855 0.0281899459660053 0.0447007492184639 0.0322722159326077 0.0360901094973087 0.0275967493653297 0.0290093813091516 0.029122008010745
0.0624083317816257 0.143593445420265 0.189960181713104 0.078981064260006 0.0481266640126705 0.0471229925751686 0.0437918193638325 0.0354627035558224 0.0407336801290512 0.0318495817482471 0.0287394020706415 0.0294578168541193 0.02917137183249 0.0259381346404552 0.0223900340497494 0.0232945680618286 0.0214251782745123 0.0186662022024393 0.0194232854992151 0.0202104449272156 0.0194232854992151 0.0202104449272156 0.022306002676487 0.0234304778277874 0.0202104449272156 0.021444546058774 0.0454128570854664 0.036722656339407 0.0194232854992151 0.0343097597360611 0.0432801581919193 0.0303724259138107 0.0507038757205009 0.0372368991374969 0.0368683189153671 0.0254342909902334 0.038130346685648 0.0285992380231619 0.0258046369999647 0.0351042486727238 0.0473520569503307 0.0362292006611824 0.0367970690131187 0.0362563952803612 0.0340724512934685 0.0307831838726997
0.141251146793365 0.112760752439499 0.195440962910652 0.0784712359309196 0.0472675710916519 0.0575300343334675 0.0469868034124374 0.0382875464856625 0.0327940732240677 0.0436648167669773 0.0307809058576822 0.031709760427475 0.0389642119407654 0.0263223797082901 0.0249463990330696 0.0263359043747187 0.0194132402539253 0.0216428395360708 0.0214362442493439 0.0194232854992151 0.0194232854992151 0.0202104449272156 0.0206156577914953 0.0299347080290318 0.0206156577914953 0.0488004386425018 0.0465163998305798 0.0353245474398136 0.0230874475091696 0.0227493215352297 0.0445480234920979 0.0378060154616833 0.0613189004361629 0.0670598521828651 0.0306389331817627 0.0301936306059361 0.0379365421831608 0.0336017683148384 0.0347560159862041 0.0316866487264633 0.0358793474733829 0.033847589045763 0.0391878038644791 0.0362563952803612 0.0380949340760708 0.0331173203885555
