output/projections/09_LIG/Sclerurus cearensis.asc
NCOLS 168 
NROWS 144 
XLLCORNER -41.000137777 
YLLCORNER -8.000138593 
CELLSIZE 0.041666667 
NODATA_value -3.4e+38 
[rows 105 to 125 of 144, columns 47 to 93 of 168]
0.125383704900742 0.119237460196018 0.136332482099533 0.138272449374199 0.125010952353477 0.121252372860909 0.122038275003433 0.122737534344196 0.20378640294075 0.416286319494247 0.560783684253693 0.583232998847961 0.275064289569855 0.324323683977127 0.297324329614639 0.421323448419571 0.225333467125893 0.116003043949604 0.116208612918854 0.116826742887497 0.162642166018486 0.120411440730095 0.129496976733208 0.216305032372475 0.117359571158886 0.127208814024925 0.149536088109016 0.183670312166214 0.185329705476761 0.138195276260376 0.114773146808147 0.112856276333332 0.119534365832806 0.113620549440384 0.115910179913044 0.124500222504139 0.050917711108923 0.0577456913888454 0.0629892349243164 0.063739076256752 0.0819584652781487 0.0827331244945526 0.0734889954328537 0.0725403428077698 0.081608310341835 0.0849878191947937 0.0837665051221848
0.151696816086769 0.163836985826492 0.151052787899971 0.12620222568512 0.130257740616798 0.125154182314873 0.123720809817314 0.16921304166317 0.137040793895721 0.306457221508026 0.477244406938553 0.390404611825943 0.310379683971405 0.17233307659626 0.215496256947517 0.323524445295334 0.168669849634171 0.129890188574791 0.125641644001007 0.125014498829842 0.13352207839489 0.144670516252518 0.171475768089294 0.234801173210144 0.151762723922729 0.120236352086067 0.113006085157394 0.109904684126377 0.122910298407078 0.124170251190662 0.119181722402573 0.120302252471447 0.117130093276501 0.111859872937202 0.0473097376525402 0.0474286116659641 0.0520687103271484 0.0554935596883297 0.0614253990352154 0.0740566253662109 0.0811612606048584 0.0844726115465164 0.0797520950436592 0.0828127786517143 0.075714685022831 0.076267272233963 0.0856184065341949
0.167857930064201 0.160008683800697 0.13772289454937 0.124143503606319 0.137532234191895 0.124846629798412 0.124405734241009 0.175001814961433 0.166635632514954 0.309454530477524 0.207818418741226 0.432380795478821 0.217326000332832 0.152662545442581 0.239314764738083 0.150766283273697 0.142854407429695 0.182451263070107 0.160578206181526 0.19255205988884 0.141379356384277 0.154139757156372 0.201044350862503 0.19205929338932 0.172552198171616 0.13473017513752 0.114066429436207 0.113217107951641 0.115032814443111 0.128068268299103 0.120532758533955 0.11297894269228 0.116812966763973 0.124660760164261 0.0549975335597992 0.0561830289661884 0.0573707222938538 0.06714928150177 0.0772744119167328 0.0802135318517685 0.0822590440511703 0.0827331244945526 0.0855719074606895 0.0720702558755875 0.0733794346451759 0.0832893624901772 0.0821080133318901
0.159115523099899 0.147610694169998 0.13660204410553 0.124854221940041 0.211760684847832 0.237453758716583 0.137942224740982 0.146967127919197 0.176975831389427 0.213512986898422 0.416555285453796 0.227177917957306 0.138115480542183 0.138079270720482 0.146628245711327 0.125117391347885 0.139193564653397 0.170308500528336 0.234483703970909 0.125006720423698 0.126882269978523 0.171612903475761 0.220232784748077 0.139166831970215 0.149824574589729 0.178065165877342 0.141563534736633 0.118372194468975 0.116260819137096 0.115439772605896 0.122349224984646 0.121695809066296 0.116719625890255 0.0615224875509739 0.0515757836401463 0.0583617351949215 0.0713174492120743 0.0769428461790085 0.0750483199954033 0.0719659179449081 0.0863048806786537 0.0770345106720924 0.0784662887454033 0.0736117511987686 0.0813803002238274 0.0857744440436363 0.0850965157151222
0.158150911331177 0.145515307784081 0.124202162027359 0.124608039855957 0.135459899902344 0.24300828576088 0.211137905716896 0.250369369983673 0.293596029281616 0.193827345967293 0.211417332291603 0.132023960351944 0.118533596396446 0.132008850574493 0.124074444174767 0.13426199555397 0.242920011281967 0.189248636364937 0.123030491173267 0.119409151375294 0.115430273115635 0.131169706583023 0.123930223286152 0.155949085950851 0.13978573679924 0.21082304418087 0.157266795635223 0.132152542471886 0.119956895709038 0.121605910360813 0.12243290990591 0.13416813313961 0.0515832714736462 0.0545621551573277 0.0610670372843742 0.0774165317416191 0.083693690598011 0.0663475170731544 0.0662259683012962 0.0641856119036674 0.0865640118718147 0.0810834318399429 0.0759951323270798 0.0749585404992104 0.0900696516036987 0.0868057012557983 0.0892654359340668
0.158784165978432 0.154595583677292 0.124815240502357 0.125146985054016 0.125513508915901 0.125675484538078 0.153605177998543 0.16122530400753 0.143330350518227 0.128556936979294 0.145685940980911 0.138234168291092 0.12067949026823 0.122268669307232 0.130402535200119 0.142430171370506 0.212214037775993 0.167561635375023 0.124090202152729 0.12157978862524 0.116525627672672 0.114653520286083 0.115660585463047 0.128113850951195 0.206290543079376 0.467769891023636 0.340735197067261 0.182780727744102 0.114749848842621 0.120240151882172 0.217815741896629 0.133638992905617 0.052114550024271 0.0620550364255905 0.0738114044070244 0.0785577073693275 0.0770375654101372 0.0656974837183952 0.0724586099386215 0.0717428103089333 0.0821584761142731 0.0836296603083611 0.0747075974941254 0.0778066292405128 0.0858319774270058 0.0922800973057747 0.0917553454637527
0.155885830521584 0.136951148509979 0.131422877311707 0.125461488962173 0.123508110642433 0.125432834029198 0.125378996133804 0.141756609082222 0.125423058867455 0.140285432338715 0.136922404170036 0.132513672113419 0.121325455605984 0.122248433530331 0.141136452555656 0.122407868504524 0.15572515130043 0.140342444181442 0.136391952633858 0.127933010458946 0.12042959779501 0.181877359747887 0.112713284790516 0.115548983216286 0.137918829917908 0.244831785559654 0.341190159320831 0.207471773028374 0.118188060820103 0.0643138214945793 0.0454806126654148 0.0504989251494408 0.0585814714431763 0.0735189169645309 0.0771789103746414 0.080410048365593 0.0745599940419197 0.0727504193782806 0.0627842023968697 0.0755753964185715 0.0769397914409637 0.0811325088143349 0.0775170102715492 0.0799139738082886 0.0877211764454842 0.0911728218197823 0.098033994436264
0.157584503293037 0.138918533921242 0.142819225788116 0.150113433599472 0.138704046607018 0.126534432172775 0.127278253436089 0.139307051897049 0.147079944610596 0.161437526345253 0.146560907363892 0.12852218747139 0.119622610509396 0.128493040800095 0.139748871326447 0.129870131611824 0.123190306127071 0.116816453635693 0.119350783526897 0.116214074194431 0.136424347758293 0.13650669157505 0.1291114538908 0.11730220168829 0.113832384347916 0.134930595755577 0.12517137825489 0.118926368653774 0.116790980100632 0.114607684314251 0.0494107529520988 0.0640105009078979 0.0671824812889099 0.0757536888122559 0.0778454542160034 0.0823095664381981 0.0958988666534424 0.0949705541133881 0.0622635819017887 0.0735192820429802 0.0783699676394463 0.0792052373290062 0.0823006331920624 0.0821719542145729 0.088445857167244 0.0914089381694794 0.104043610394001
0.151209801435471 0.138145938515663 0.131149679422379 0.14063760638237 0.166902899742126 0.163300424814224 0.128209978342056 0.132852464914322 0.155938819050789 0.187799155712128 0.171237885951996 0.153007909655571 0.137636736035347 0.137952744960785 0.137211471796036 0.145730018615723 0.138208150863647 0.127515718340874 0.121386080980301 0.117592938244343 0.119789533317089 0.113190501928329 0.115032069385052 0.113324895501137 0.110104359686375 0.126126304268837 0.124067232012749 0.123104311525822 0.113528534770012 0.0566726550459862 0.0650167837738991 0.0613725483417511 0.0552065782248974 0.0752790421247482 0.0729121342301369 0.0642853975296021 0.0569147691130638 0.0620954856276512 0.0643471032381058 0.0777974352240562 0.0774638131260872 0.0757104456424713 0.0809404402971268 0.0828347727656364 0.0912432372570038 0.0960160344839096 0.104650996625423
0.154535114765167 0.134619057178497 0.134807050228119 0.160442873835564 0.138711735606194 0.172277122735977 0.172477543354034 0.134872987866402 0.137861877679825 0.175471395254135 0.258718281984329 0.184429302811623 0.164666503667831 0.164754912257195 0.157552912831306 0.155477806925774 0.157600179314613 0.150995284318924 0.147920534014702 0.14558570086956 0.142016813158989 0.1246068328619 0.118511356413364 0.119441606104374 0.111827448010445 0.1372399777174 0.123161926865578 0.0528621412813663 0.0592894963920116 0.0609923899173737 0.0623651631176472 0.0475252196192741 0.051190011203289 0.0609914511442184 0.0635895803570747 0.0691953226923943 0.0804026797413826 0.0636932030320168 0.0668828263878822 0.0750811472535133 0.0764080658555031 0.080229826271534 0.0844329223036766 0.0838731154799461 0.0951516553759575 0.109988607466221 0.121848277747631
0.163195833563805 0.146718382835388 0.137413844466209 0.163103982806206 0.152381166815758 0.162183701992035 0.206313475966454 0.163060322403908 0.155856356024742 0.170131132006645 0.172149017453194 0.189156532287598 0.222585827112198 0.214151471853256 0.189725771546364 0.16809506714344 0.169272065162659 0.165349781513214 0.160912707448006 0.154759019613266 0.150447532534599 0.136414900422096 0.127421349287033 0.129329219460487 0.127913847565651 0.0548812076449394 0.0573324933648109 0.0488730669021606 0.0446791313588619 0.0596301928162575 0.0579398907721043 0.0452817268669605 0.0463911294937134 0.0456083528697491 0.0666331350803375 0.0719368308782578 0.0712943375110626 0.0751103088259697 0.071963295340538 0.0671614333987236 0.0762205198407173 0.080279216170311 0.0904932841658592 0.0936803594231606 0.0941789969801903 0.113887280225754 0.151082679629326
0.187378212809563 0.152222216129303 0.206501185894012 0.292798221111298 0.258818060159683 0.255476623773575 0.320730835199356 0.18586777150631 0.185859724879265 0.183392718434334 0.181815415620804 0.181020200252533 0.182974219322205 0.1884476095438 0.18536239862442 0.17903408408165 0.190095379948616 0.160775497555733 0.187921807169914 0.165685594081879 0.177420273423195 0.156066820025444 0.15108785033226 0.15149262547493 0.131051674485207 0.133382722735405 0.0506301894783974 0.0437433011829853 0.0434753932058811 0.0526962094008923 0.0488441325724125 0.045164592564106 0.036248192191124 0.0461670607328415 0.0580934695899487 0.0621126815676689 0.0567484498023987 0.0590241923928261 0.0730495154857635 0.068928062915802 0.0709021240472794 0.0816755816340446 0.0866486877202988 0.096139058470726 0.102159224450588 0.042526613920927 0.0520807579159737
0.237611800432205 0.165897130966187 0.149788603186607 0.162471577525139 0.162295803427696 0.185161218047142 0.352398484945297 0.241333499550819 0.233264207839966 0.18338268995285 0.199550271034241 0.184708416461945 0.193436399102211 0.194781810045242 0.193526387214661 0.188127472996712 0.150192186236382 0.146884351968765 0.231312736868858 0.303714990615845 0.217117488384247 0.227303177118301 0.188323378562927 0.056862473487854 0.0504396744072437 0.0404081903398037 0.0395171567797661 0.0396183542907238 0.0463298596441746 0.0458950959146023 0.044689130038023 0.0399659313261509 0.0423433408141136 0.0477733500301838 0.0529989823698997 0.0634372606873512 0.0673088058829308 0.0705489367246628 0.0695096775889397 0.0718734413385391 0.0762840434908867 0.0823938474059105 0.0942696705460548 0.0295315757393837 0.0260134842246771 0.0264743007719517 0.0526033081114292
0.241501674056053 0.182996779680252 0.157430797815323 0.165123015642166 0.161900326609612 0.186172768473625 0.24166913330555 0.253029018640518 0.22276072204113 0.214522615075111 0.251725673675537 0.225643843412399 0.216386213898659 0.241849303245544 0.195609286427498 0.174443617463112 0.159292176365852 0.156949892640114 0.163192912936211 0.15838597714901 0.153043776750565 0.15060667693615 0.0677694082260132 0.0577226057648659 0.0503413341939449 0.0437983870506287 0.0456781163811684 0.047449316829443 0.0464812852442265 0.0441485904157162 0.0450055412948132 0.0477470345795155 0.052723865956068 0.053646694868803 0.0523628555238247 0.0607571192085743 0.0677177459001541 0.0706459581851959 0.0729276388883591 0.0734945982694626 0.0859688445925713 0.0158645734190941 0.0297837797552347 0.0346365422010422 0.0276178829371929 0.0406492240726948 0.0546214729547501
0.278867214918137 0.227331086993217 0.170213788747787 0.211994260549545 0.218005374073982 0.185504361987114 0.253475934267044 0.252980649471283 0.292731106281281 0.229124084115028 0.301026940345764 0.228565856814384 0.259969532489777 0.357856899499893 0.250065982341766 0.288545250892639 0.320926010608673 0.241495430469513 0.338265061378479 0.304970175027847 0.187766849994659 0.0909791886806488 0.0740222483873367 0.0598809458315372 0.0520027130842209 0.0512127727270126 0.0520499646663666 0.0496396496891975 0.0481430366635323 0.0476413145661354 0.0475582778453827 0.0438981056213379 0.0514250621199608 0.0465851277112961 0.0595683194696903 0.0722751393914223 0.0764539167284966 0.0787792354822159 0.0806557461619377 0.0804294869303703 0.0156475882977247 0.0170628912746906 0.0328477583825588 0.0425574816763401 0.0490674376487732 0.0532307922840118 0.0654595792293549
0.292760074138641 0.250047266483307 0.186812043190002 0.177420020103455 0.186123326420784 0.209785953164101 0.220970347523689 0.233757436275482 0.380643635988235 0.398328483104706 0.310324877500534 0.237158268690109 0.25208991765976 0.185864552855492 0.180535778403282 0.214727342128754 0.247897207736969 0.382222473621368 0.549046099185944 0.569176852703094 0.420575469732285 0.0863223969936371 0.0715463161468506 0.0618950016796589 0.0537085607647896 0.0494661964476109 0.0454896502196789 0.0382906161248684 0.0324933007359505 0.0312841981649399 0.0347207002341747 0.0348771251738071 0.0366033278405666 0.0341545268893242 0.0403581745922565 0.0523432083427906 0.062463752925396 0.0725318640470505 0.0762339010834694 0.0123066008090973 0.0131247099488974 0.0177370440214872 0.0335915759205818 0.0455821454524994 0.0609448812901974 0.0791375935077667 0.100059799849987
0.298075497150421 0.23645755648613 0.199283584952354 0.239005342125893 0.200072452425957 0.196670040488243 0.20741194486618 0.219049647450447 0.240913540124893 0.257903307676315 0.467288196086884 0.443404316902161 0.21184815466404 0.20474961400032 0.215359464287758 0.211993664503098 0.25278240442276 0.390569537878036 0.290022760629654 0.269033759832382 0.0780768692493439 0.0630929842591286 0.0580670610070229 0.0561348423361778 0.0551450103521347 0.0456788800656796 0.0370363481342793 0.0317826829850674 0.0294776782393456 0.0289935655891895 0.0285354740917683 0.0228723771870136 0.029992088675499 0.0423720963299274 0.047530435025692 0.0602075234055519 0.0630481466650963 0.0684781074523926 0.00758642982691526 0.0109329409897327 0.0148266199976206 0.0215352810919285 0.0319000631570816 0.0447336360812187 0.0659118667244911 0.0925772935152054 0.097165934741497
0.257874071598053 0.261560261249542 0.232735306024551 0.336763769388199 0.240584447979927 0.287556439638138 0.271999269723892 0.258993208408356 0.249812319874763 0.2633076608181 0.297740161418915 0.255415707826614 0.237885177135468 0.191277861595154 0.27522075176239 0.308648586273193 0.267578929662704 0.123184382915497 0.105427838861942 0.118076339364052 0.0912725627422333 0.0796392858028412 0.0740083307027817 0.0663416981697083 0.0605648346245289 0.0512457117438316 0.0376495271921158 0.0316866040229797 0.0267438497394323 0.0196912940591574 0.0201184824109077 0.0244817994534969 0.0322512909770012 0.0435338728129864 0.06441929936409 0.0690501108765602 0.0784212127327919 0.00701885903254151 0.00832562614232302 0.0115359770134091 0.0202697422355413 0.027212442830205 0.0319802910089493 0.0439499542117119 0.0615720301866531 0.073919452726841 0.0975299924612045
0.266937226057053 0.33709317445755 0.274103969335556 0.388109892606735 0.256607800722122 0.24015861749649 0.255253821611404 0.367135167121887 0.323458284139633 0.292074352502823 0.338826537132263 0.494689017534256 0.443602621555328 0.372047007083893 0.210515365004539 0.523267209529877 0.303970187902451 0.188811391592026 0.153095692396164 0.202790200710297 0.117332510650158 0.0878544896841049 0.0751816257834435 0.0689422860741615 0.0580340102314949 0.0460139103233814 0.0349229015409946 0.0348445288836956 0.0296025704592466 0.0237419325858355 0.0259883441030979 0.0288245379924774 0.0365312956273556 0.045608926564455 0.00745114265009761 0.0127766970545053 0.0170165449380875 0.0109856780618429 0.0149922957643867 0.0225829835981131 0.0254640784114599 0.0314861461520195 0.0404991582036018 0.0535965226590633 0.0766115784645081 0.0952499210834503 0.135577335953712
0.279966741800308 0.303084373474121 0.326453685760498 0.397027969360352 0.328865766525269 0.288892030715942 0.254899263381958 0.308077841997147 0.320835620164871 0.460184127092361 0.753448307514191 0.733546912670135 0.713498771190643 0.549524188041687 0.417125731706619 0.622049033641815 0.277994364500046 0.225388169288635 0.25843134522438 0.181942537426949 0.118669249117374 0.101595483720303 0.0846506133675575 0.0670833513140678 0.0579931139945984 0.049294538795948 0.0487688481807709 0.0375555865466595 0.0286097507923841 0.0183592531830072 0.0291708689182997 0.0017244970658794 0.00335683138109744 0.006719293538481 0.0126957194879651 0.0205936785787344 0.0306462347507477 0.0169910620898008 0.0278518535196781 0.0355815179646015 0.0474995076656342 0.07146867364645 0.0938266068696976 0.13380254805088 0.211185544729233 0.317644864320755 0.280168324708939
0.423703759908676 0.241219207644463 0.290206879377365 0.474119007587433 0.420802474021912 0.51417064666748 0.533786594867706 0.419693231582642 0.303767740726471 0.384986281394958 0.782687306404114 0.743024885654449 0.620873749256134 0.313928842544556 0.348452389240265 0.385715991258621 0.266561597585678 0.313486874103546 0.300129055976868 0.147781938314438 0.130658477544785 0.149719834327698 0.085325226187706 0.0654343962669373 0.0597573183476925 0.0573330000042915 0.0531038120388985 0.0417852886021137 0.0284197833389044 0.00240881554782391 0.00122775754425675 0.00321433506906033 0.00394395086914301 0.00901405513286591 0.0188064239919186 0.0368119776248932 0.046628974378109 0.0301186889410019 0.0693168267607689 0.133841916918755 0.157871276140213 0.159064248204231 0.207295760512352 0.180815398693085 0.1979890614748 0.254124820232391 0.202758640050888
