output/projections/09_LIG/Sclerurus cearensis.asc
NCOLS 168 
NROWS 144 
XLLCORNER -41.000137777 
YLLCORNER -8.000138593 
CELLSIZE 0.041666667 
NODATA_value -3.4e+38 
[rows 105 to 125 of 144, columns 94 to 140 of 168]
0.0909219086170197 0.10607223212719 0.13578063249588 0.115794032812119 0.118582308292389 0.125093415379524 0.154467701911926 0.175606742501259 0.204563155770302 0.263332962989807 0.34916165471077 0.385492384433746 0.335682332515717 0.493089824914932 0.418530166149139 0.461093306541443 0.470475286245346 0.517984628677368 0.654818058013916 0.746534466743469 0.744697690010071 0.72331315279007 0.384007006883621 0.364771276712418 0.341951638460159 0.368287801742554 0.385402262210846 0.420144110918045 0.368581116199493 0.398541033267975 0.45426732301712 0.468659281730652 0.463676244020462 0.255426645278931 0.323453068733215 0.259561032056808 0.200490668416023 0.190128773450851 0.132833987474442 0.121662072837353 0.115981191396713 0.0859043598175049 0.0405598431825638 0.0272026099264622 0.02513437718153 0.0214502178132534 0.0364767946302891
0.0895027592778206 0.0995222851634026 0.10162977874279 0.116248995065689 0.114913403987885 0.136899277567863 0.154787719249725 0.173262134194374 0.20164093375206 0.224255830049515 0.257330298423767 0.378478437662125 0.470652282238007 0.510655701160431 0.440831452608109 0.485832124948502 0.526771306991577 0.539038121700287 0.702104032039642 0.754447758197784 0.754949808120728 0.718577086925507 0.449265360832214 0.471915185451508 0.507112443447113 0.416114509105682 0.409784764051437 0.444931775331497 0.393085688352585 0.471721351146698 0.553455471992493 0.476525545120239 0.324445843696594 0.259707123041153 0.218629822134972 0.184559062123299 0.197600305080414 0.141693249344826 0.127259507775307 0.113986290991306 0.107866495847702 0.0822600051760674 0.0643300637602806 0.052521537989378 0.0529737547039986 0.083746150135994 0.0657506957650185
0.0895023345947266 0.092503197491169 0.104838237166405 0.102085553109646 0.12536633014679 0.14844061434269 0.151683703064919 0.168845042586327 0.192863136529922 0.221014946699142 0.263355761766434 0.389242768287659 0.423274546861649 0.511318385601044 0.501442432403564 0.528215050697327 0.42044061422348 0.556872427463531 0.695194602012634 0.695874750614166 0.713552474975586 0.566153407096863 0.680424869060516 0.490933299064636 0.470604747533798 0.448225498199463 0.480280131101608 0.496550619602203 0.518165826797485 0.580658853054047 0.54394394159317 0.490397214889526 0.426162242889404 0.269330382347107 0.223647445440292 0.184959009289742 0.193773820996284 0.173548966646194 0.160523131489754 0.183743104338646 0.123232424259186 0.124789394438267 0.11258527636528 0.112748317420483 0.142015159130096 0.0937915667891502 0.0317978896200657
0.088714987039566 0.0916297063231468 0.104837745428085 0.111344315111637 0.124318212270737 0.136191949248314 0.146691128611565 0.173159494996071 0.205238878726959 0.236144915223122 0.288359522819519 0.401949733495712 0.476021558046341 0.517408132553101 0.451630443334579 0.599626541137695 0.448062837123871 0.511639654636383 0.581881761550903 0.594668745994568 0.485886037349701 0.488270193338394 0.508043587207794 0.494501292705536 0.536058187484741 0.535469889640808 0.559951782226562 0.564192473888397 0.582421898841858 0.688550651073456 0.637179434299469 0.620862185955048 0.410795986652374 0.270355701446533 0.272112995386124 0.287122160196304 0.234501659870148 0.201603278517723 0.192715644836426 0.197108328342438 0.169285595417023 0.113951727747917 0.140686601400375 0.177601605653763 0.107493102550507 0.0897545889019966 0.0340685211122036
0.0928072035312653 0.102841898798943 0.102892518043518 0.111850582063198 0.126253023743629 0.140177562832832 0.154233366250992 0.184912621974945 0.12525187432766 0.253108769655228 0.351336032152176 0.218900114297867 0.388981431722641 0.532409071922302 0.574877619743347 0.506233811378479 0.49198654294014 0.535058617591858 0.626069664955139 0.595730662345886 0.525417566299438 0.527212858200073 0.575460314750671 0.565942168235779 0.606814563274384 0.605099439620972 0.621369779109955 0.6298868060112 0.667748153209686 0.673766016960144 0.538565576076508 0.440722614526749 0.352863788604736 0.36842006444931 0.379374772310257 0.339548021554947 0.226890161633492 0.192456543445587 0.17937083542347 0.212219461798668 0.105122424662113 0.154169023036957 0.207450747489929 0.133137345314026 0.0597885176539421 0.0411391220986843 0.031396958976984
0.0928635522723198 0.10857231169939 0.106737785041332 0.112626239657402 0.132308349013329 0.146361723542213 0.1701650172472 0.179634943604469 0.201220229268074 0.150680482387543 0.192847743630409 0.227770864963531 0.327075570821762 0.612947762012482 0.662935495376587 0.550534307956696 0.535014390945435 0.583290576934814 0.629015982151031 0.596715331077576 0.555228590965271 0.550278127193451 0.605519592761993 0.630331516265869 0.679023146629333 0.582781791687012 0.650941729545593 0.657366573810577 0.622966587543488 0.500248849391937 0.507647573947906 0.385042309761047 0.439851999282837 0.457483410835266 0.445877909660339 0.20600788295269 0.18581785261631 0.206611707806587 0.2159483730793 0.225690335035324 0.137078881263733 0.200885817408562 0.234008833765984 0.0856737270951271 0.0644280016422272 0.0636059865355492 0.0467040315270424
0.104505851864815 0.112933710217476 0.114562064409256 0.119131706655025 0.14061264693737 0.156782984733582 0.0818702876567841 0.0776782035827637 0.117566786706448 0.132149249315262 0.171928063035011 0.226649835705757 0.328480869531631 0.424798458814621 0.550446808338165 0.571251690387726 0.580047070980072 0.623859643936157 0.649396121501923 0.601716935634613 0.561516880989075 0.574661612510681 0.631919503211975 0.627033531665802 0.576277732849121 0.547710239887238 0.565308272838593 0.578780889511108 0.519409358501434 0.421406239271164 0.484988123178482 0.363274037837982 0.496429979801178 0.490087449550629 0.424534410238266 0.301620543003082 0.211227715015411 0.278039515018463 0.291516214609146 0.18698638677597 0.147718325257301 0.145635381340981 0.142053008079529 0.0716186687350273 0.0607292875647545 0.0610849149525166 0.0600048266351223
0.11172166466713 0.123190470039845 0.126183867454529 0.0541892312467098 0.0681214779615402 0.0788478255271912 0.0920850038528442 0.104502707719803 0.115035988390446 0.144888162612915 0.160451054573059 0.203929930925369 0.260791897773743 0.382808417081833 0.511130332946777 0.58863627910614 0.639966249465942 0.651224493980408 0.654354572296143 0.58942186832428 0.581610143184662 0.60017991065979 0.614415884017944 0.579618513584137 0.531626522541046 0.543149650096893 0.512473583221436 0.546890437602997 0.558706343173981 0.545209586620331 0.515172004699707 0.523181974887848 0.572719156742096 0.576389372348785 0.529131233692169 0.263438880443573 0.283957868814468 0.342527478933334 0.255435675382614 0.100600272417068 0.0997800305485725 0.115676358342171 0.113193206489086 0.131096884608269 0.180307298898697 0.148660808801651 0.0995021611452103
0.120583839714527 0.039120364934206 0.132303208112717 0.0652509033679962 0.0749734342098236 0.0923135057091713 0.10510278493166 0.131541296839714 0.130786448717117 0.183468639850616 0.160670459270477 0.230388402938843 0.310878813266754 0.422603219747543 0.525588929653168 0.597397565841675 0.638690650463104 0.643264055252075 0.652933359146118 0.625649988651276 0.617463707923889 0.62210339307785 0.608807146549225 0.587055742740631 0.581090807914734 0.545253872871399 0.533180594444275 0.591960728168488 0.645022332668304 0.636138737201691 0.580357611179352 0.617282092571259 0.658765912055969 0.662960529327393 0.473989486694336 0.305570185184479 0.197627231478691 0.206786468625069 0.120426975190639 0.164490029215813 0.183564975857735 0.184412002563477 0.180307298898697 0.150705710053444 0.108681216835976 0.0608895644545555 0.059099767357111
0.124905698001385 0.0461737662553787 0.0452127940952778 0.0749934390187263 0.0831802859902382 0.113824769854546 0.148774936795235 0.15229432284832 0.164328545331955 0.240878954529762 0.179325640201569 0.241461411118507 0.298197120428085 0.43789529800415 0.54314774274826 0.588677644729614 0.622984826564789 0.630993366241455 0.664716422557831 0.667841851711273 0.640224575996399 0.639085114002228 0.64083331823349 0.635528087615967 0.637372016906738 0.564346671104431 0.559803247451782 0.611574172973633 0.62761116027832 0.645967960357666 0.585448324680328 0.625552833080292 0.529980421066284 0.560236752033234 0.306772798299789 0.230872213840485 0.152657598257065 0.192795559763908 0.191043734550476 0.198390230536461 0.125525921583176 0.10931321978569 0.12045781314373 0.0900758653879166 0.0686875581741333 0.0562842264771461 0.0375994555652142
0.0383663326501846 0.0383663326501846 0.0569541826844215 0.0809001848101616 0.106734432280064 0.145658776164055 0.239492163062096 0.190010875463486 0.214969769120216 0.307011246681213 0.216722920536995 0.269975513219833 0.349316090345383 0.461384326219559 0.533160984516144 0.568074643611908 0.613231360912323 0.643519043922424 0.685843050479889 0.703017294406891 0.687728464603424 0.679300606250763 0.662526547908783 0.659446716308594 0.640026450157166 0.603985846042633 0.598436772823334 0.625863790512085 0.657133400440216 0.679611921310425 0.593743801116943 0.543399512767792 0.506923079490662 0.455544322729111 0.305992931127548 0.211291208863258 0.200512915849686 0.233423322439194 0.154391527175903 0.1270522326231 0.112128935754299 0.0802469775080681 0.0739724263548851 0.068502813577652 0.0508471950888634 0.060312807559967 0.0333645418286324
0.0442812331020832 0.044684711843729 0.0592448115348816 0.0963495820760727 0.133567720651627 0.181905597448349 0.265789419412613 0.296209365129471 0.303269177675247 0.390507400035858 0.271611332893372 0.347154945135117 0.397355109453201 0.44441345334053 0.528652787208557 0.576317071914673 0.625273883342743 0.657822549343109 0.705837070941925 0.719076097011566 0.719210147857666 0.719210147857666 0.685261189937592 0.679041683673859 0.638909876346588 0.619808614253998 0.628153622150421 0.654072225093842 0.693997859954834 0.703694403171539 0.649243533611298 0.550856649875641 0.453994065523148 0.353347629308701 0.279020309448242 0.211335673928261 0.184639513492584 0.123090304434299 0.132368788123131 0.120557583868504 0.148741021752357 0.142604827880859 0.136654198169708 0.131621271371841 0.124054163694382 0.123100586235523 0.092869870364666
0.0721771642565727 0.0532989501953125 0.0775356516242027 0.0928592309355736 0.141898080706596 0.229158565402031 0.35784837603569 0.384115636348724 0.435346037149429 0.409103155136108 0.411760360002518 0.467875719070435 0.489986836910248 0.55086874961853 0.60781192779541 0.647339940071106 0.655169129371643 0.677145481109619 0.697569310665131 0.700997292995453 0.728859782218933 0.733020484447479 0.700550198554993 0.689057588577271 0.663989007472992 0.65959495306015 0.679094851016998 0.69698292016983 0.734373688697815 0.718967854976654 0.624010562896729 0.569800615310669 0.556414783000946 0.421177923679352 0.319073647260666 0.231431290507317 0.165586143732071 0.176682248711586 0.179298758506775 0.175045594573021 0.175045594573021 0.184591323137283 0.20179645717144 0.149752020835876 0.169826254248619 0.102400310337543 0.073309913277626
0.0705263689160347 0.0897089019417763 0.11824868619442 0.124776445329189 0.177398234605789 0.305278927087784 0.431945145130157 0.417662233114243 0.490556836128235 0.495620131492615 0.51087361574173 0.524423956871033 0.575433373451233 0.618496596813202 0.632257997989655 0.653667092323303 0.667615950107574 0.685807943344116 0.699439525604248 0.687294661998749 0.732804954051971 0.749347150325775 0.735681474208832 0.731091320514679 0.751726925373077 0.726665019989014 0.72191995382309 0.724118053913116 0.741468012332916 0.64567893743515 0.693525373935699 0.622537672519684 0.483222335577011 0.375567376613617 0.332588911056519 0.188024044036865 0.159692510962486 0.169468805193901 0.154954224824905 0.187798127532005 0.226646587252617 0.222413048148155 0.216358825564384 0.175275087356567 0.165288597345352 0.134024888277054 0.102461345493793
0.0845170468091965 0.109953470528126 0.151847496628761 0.217266783118248 0.330593526363373 0.392740815877914 0.458127707242966 0.421706795692444 0.503955960273743 0.524329721927643 0.505213916301727 0.556833624839783 0.602930188179016 0.613029181957245 0.600958347320557 0.633209407329559 0.640171945095062 0.648606717586517 0.672999560832977 0.691458880901337 0.719610810279846 0.739026963710785 0.773685991764069 0.775723278522491 0.75455915927887 0.747031569480896 0.746867120265961 0.783537745475769 0.715272963047028 0.640397071838379 0.590631127357483 0.439168184995651 0.348507881164551 0.270764023065567 0.189028084278107 0.15640826523304 0.168356612324715 0.149910658597946 0.173490568995476 0.232132494449615 0.259967178106308 0.246224880218506 0.193002253770828 0.109038040041924 0.102701336145401 0.1679358035326 0.137205168604851
0.127864703536034 0.148199588060379 0.278119921684265 0.394301474094391 0.409984260797501 0.465707540512085 0.526762008666992 0.523784160614014 0.480095237493515 0.462109982967377 0.529825747013092 0.561254560947418 0.567902326583862 0.583798885345459 0.567635893821716 0.609350085258484 0.614887595176697 0.632382571697235 0.668093264102936 0.697749972343445 0.718061447143555 0.74910432100296 0.774529159069061 0.78134423494339 0.786831676959991 0.7808877825737 0.807207584381104 0.762079000473022 0.693160176277161 0.624199867248535 0.596328794956207 0.441364049911499 0.316108912229538 0.21976862847805 0.196994841098785 0.186042457818985 0.190393656492233 0.196007087826729 0.212596699595451 0.239636451005936 0.213825836777687 0.182711750268936 0.133668601512909 0.104500211775303 0.0779401287436485 0.108940094709396 0.071964867413044
0.144618704915047 0.230860888957977 0.332305699586868 0.379477858543396 0.365728080272675 0.365555047988892 0.388561367988586 0.397581726312637 0.41529706120491 0.453280091285706 0.520407319068909 0.546592354774475 0.573087930679321 0.593631565570831 0.575946748256683 0.602390110492706 0.592452347278595 0.625203609466553 0.670743763446808 0.690046966075897 0.708830654621124 0.738019227981567 0.779977798461914 0.809121668338776 0.815031945705414 0.81556761264801 0.774754762649536 0.709899485111237 0.669896960258484 0.658747136592865 0.544831156730652 0.453399240970612 0.344794154167175 0.283004522323608 0.237921267747879 0.251812905073166 0.249890685081482 0.23365706205368 0.22260881960392 0.185399055480957 0.160027384757996 0.161483600735664 0.108844719827175 0.104988545179367 0.0788449421525002 0.0701222568750381 0.0619937032461166
0.127864703536034 0.170658111572266 0.221108138561249 0.234430804848671 0.243830382823944 0.314652413129807 0.385531634092331 0.407171100378036 0.432948291301727 0.451905101537704 0.509191572666168 0.538558661937714 0.553723633289337 0.544079303741455 0.56129777431488 0.576027929782867 0.579527020454407 0.631250083446503 0.673696637153625 0.682723462581635 0.695329904556274 0.736724019050598 0.776399910449982 0.796640932559967 0.803869605064392 0.812711417675018 0.761492669582367 0.723876535892487 0.688965439796448 0.64476752281189 0.575027942657471 0.466928482055664 0.423089146614075 0.326461791992188 0.297113031148911 0.287146806716919 0.251812905073166 0.258250147104263 0.218278840184212 0.217798098921776 0.223736748099327 0.198101490736008 0.150875717401505 0.110305786132812 0.0872824117541313 0.0612328797578812 0.0639566481113434
0.162742078304291 0.167061284184456 0.231567531824112 0.322998911142349 0.341461271047592 0.366738587617874 0.366584420204163 0.390438377857208 0.408760458230972 0.443961560726166 0.484049558639526 0.504643023014069 0.50618189573288 0.537429392337799 0.543044149875641 0.578550040721893 0.588518738746643 0.612708151340485 0.653903722763062 0.660219669342041 0.692265331745148 0.736361563205719 0.765611708164215 0.798719167709351 0.796343684196472 0.800803244113922 0.76052337884903 0.743885695934296 0.689403772354126 0.644866168498993 0.596009194850922 0.526246428489685 0.499665111303329 0.450241088867188 0.284995347261429 0.271308422088623 0.309545993804932 0.262660920619965 0.216779008507729 0.2637659907341 0.189038589596748 0.163302466273308 0.17120324075222 0.147099643945694 0.119947426021099 0.0663186088204384 0.0809353440999985
0.249889150261879 0.332875430583954 0.346554607152939 0.316782206296921 0.293413758277893 0.336160808801651 0.356175631284714 0.387162148952484 0.420136392116547 0.424820274114609 0.471248269081116 0.501232087612152 0.510744333267212 0.514814674854279 0.555759191513062 0.559300065040588 0.579546093940735 0.602388262748718 0.623527884483337 0.647297501564026 0.678306102752686 0.693150341510773 0.728035151958466 0.750474512577057 0.768039882183075 0.796943485736847 0.747453033924103 0.719948053359985 0.667188286781311 0.597452402114868 0.523570716381073 0.527766287326813 0.451885342597961 0.339264780282974 0.296620786190033 0.288308322429657 0.298282206058502 0.277458220720291 0.297381460666656 0.278176993131638 0.169375389814377 0.177372112870216 0.148349702358246 0.0999628826975822 0.0966237708926201 0.150875121355057 0.137090250849724
0.221931129693985 0.25490066409111 0.300579637289047 0.284962117671967 0.335491925477982 0.375775247812271 0.389542788267136 0.396802365779877 0.412422806024551 0.428409188985825 0.468858540058136 0.49769526720047 0.49574676156044 0.509689211845398 0.544693648815155 0.558348178863525 0.584727346897125 0.596026957035065 0.612160086631775 0.634839057922363 0.659745514392853 0.663040101528168 0.684158504009247 0.71241706609726 0.734845697879791 0.74491161108017 0.734548449516296 0.698748826980591 0.671888470649719 0.566546976566315 0.501149654388428 0.464867234230042 0.350196748971939 0.301182061433792 0.305530875921249 0.381637692451477 0.413984179496765 0.379881709814072 0.251251429319382 0.201100081205368 0.175275087356567 0.195080175995827 0.133031398057938 0.146933153271675 0.117767699062824 0.17924265563488 0.0973182246088982
