output/projections/09_LIG/Sclerurus cearensis.asc
NCOLS 168 
NROWS 144 
XLLCORNER -41.000137777 
YLLCORNER -8.000138593 
CELLSIZE 0.041666667 
NODATA_value -3.4e+38 
[rows 63 to 83 of 144, columns 0 to 46 of 168]
0.65997976064682 0.76157546043396 0.824585556983948 0.882025539875031 0.778620004653931 0.415861308574677 0.442602306604385 0.47304829955101 0.391995370388031 0.311250120401382 0.238122910261154 0.231231927871704 0.243588835000992 0.274823397397995 0.303456008434296 0.449209600687027 0.541264474391937 0.512056112289429 0.327927649021149 0.318086057901382 0.331079810857773 0.540311455726624 0.402278393507004 0.485529094934464 0.645750463008881 0.665905892848969 0.407435297966003 0.457236051559448 0.627441048622131 0.627164959907532 0.549319267272949 0.423456490039825 0.38054496049881 0.407410025596619 0.436563789844513 0.381764769554138 0.392852634191513 0.365384608507156 0.28069469332695 0.284632205963135 0.207069173455238 0.176341637969017 0.159808933734894 0.150746464729309 0.139761537313461 0.127937212586403 0.126884609460831
0.696211874485016 0.780050873756409 0.883713781833649 0.91773134469986 0.514674305915833 0.354232370853424 0.336670130491257 0.461255490779877 0.451681315898895 0.290990054607391 0.237803399562836 0.253795981407166 0.257304936647415 0.273385405540466 0.309199601411819 0.352625966072083 0.518634438514709 0.408342629671097 0.329353034496307 0.331725090742111 0.577023684978485 0.82657915353775 0.62958562374115 0.520005404949188 0.694479286670685 0.712562203407288 0.471022963523865 0.398131668567657 0.450481861829758 0.463298439979553 0.468459129333496 0.429335385560989 0.375712811946869 0.354106217622757 0.362273663282394 0.341085135936737 0.364671498537064 0.357618242502213 0.350269347429276 0.263529509305954 0.209177881479263 0.183393910527229 0.177556321024895 0.163928776979446 0.151443094015121 0.148043438792229 0.134684935212135
0.676599740982056 0.760334849357605 0.86488139629364 0.823859632015228 0.423663645982742 0.322947025299072 0.296083688735962 0.34477111697197 0.438419491052628 0.32306382060051 0.243196904659271 0.303894937038422 0.257820188999176 0.27000704407692 0.287798076868057 0.305142372846603 0.442929476499557 0.46793270111084 0.379213392734528 0.444289952516556 0.741374552249908 0.808400273323059 0.780047595500946 0.766205906867981 0.744348645210266 0.77411425113678 0.547631859779358 0.427273780107498 0.401181042194366 0.411787331104279 0.425459027290344 0.405983030796051 0.35064160823822 0.310564905405045 0.313671261072159 0.302192151546478 0.318490028381348 0.328101187944412 0.364811092615128 0.405706077814102 0.398784518241882 0.327024281024933 0.257357060909271 0.18308687210083 0.174647808074951 0.169675961136818 0.152216210961342
0.585096836090088 0.696829497814178 0.868515074253082 0.646788835525513 0.347652584314346 0.284232407808304 0.277439892292023 0.295644998550415 0.446770399808884 0.376351237297058 0.298545241355896 0.349010497331619 0.276576340198517 0.286814242601395 0.291568905115128 0.322477400302887 0.36373844742775 0.514158666133881 0.60903400182724 0.754791021347046 0.873725235462189 0.893235087394714 0.77272230386734 0.771437346935272 0.763714909553528 0.752085268497467 0.533828377723694 0.409934520721436 0.364407747983932 0.388983637094498 0.424597501754761 0.331811159849167 0.302518159151077 0.291990637779236 0.282846301794052 0.285499036312103 0.287913411855698 0.304026335477829 0.323471307754517 0.377587109804153 0.390997856855392 0.287411242723465 0.235472649335861 0.247653588652611 0.202578514814377 0.167833179235458 0.13939043879509
0.581288993358612 0.704569399356842 0.86568158864975 0.526251077651978 0.291494756937027 0.269618183374405 0.250565767288208 0.276760011911392 0.29647508263588 0.387568175792694 0.344750225543976 0.395737528800964 0.398383855819702 0.328173995018005 0.289357125759125 0.304641515016556 0.35341688990593 0.518838226795197 0.637154102325439 0.839879155158997 0.895068168640137 0.881883263587952 0.766901433467865 0.695507347583771 0.71090292930603 0.692623019218445 0.598080337047577 0.380086451768875 0.333126842975616 0.371648997068405 0.361256003379822 0.300735056400299 0.280714899301529 0.271041542291641 0.261947810649872 0.273767590522766 0.262563765048981 0.270124435424805 0.274016708135605 0.287593096494675 0.233863160014153 0.205531761050224 0.189025670289993 0.196423217654228 0.178268358111382 0.153464838862419 0.154204860329628
0.545713722705841 0.66748708486557 0.877244234085083 0.456536650657654 0.298904627561569 0.238406345248222 0.247263789176941 0.247016772627831 0.277824252843857 0.334831744432449 0.312891483306885 0.305822551250458 0.334634333848953 0.363722145557404 0.348666787147522 0.340314894914627 0.333616316318512 0.38692045211792 0.614776492118835 0.830107569694519 0.906182706356049 0.685832917690277 0.741559743881226 0.604770004749298 0.651530683040619 0.645852386951447 0.549082517623901 0.444879174232483 0.32883557677269 0.293975591659546 0.270910412073135 0.276606559753418 0.299267619848251 0.241721242666245 0.261012583971024 0.240795642137527 0.235009804368019 0.241148769855499 0.239902794361115 0.245537027716637 0.250897258520126 0.243338733911514 0.197761818766594 0.187093362212181 0.197305262088776 0.210167348384857 0.150491163134575
0.563596308231354 0.668370485305786 0.870441079139709 0.555334448814392 0.287610709667206 0.236165180802345 0.231401234865189 0.246009811758995 0.279291689395905 0.280355423688889 0.299497187137604 0.276760011911392 0.29509237408638 0.308191984891891 0.325036257505417 0.34010723233223 0.396295547485352 0.36727437376976 0.48878076672554 0.619444072246552 0.514262497425079 0.509731709957123 0.543697416782379 0.491083741188049 0.546062827110291 0.546034574508667 0.431531459093094 0.454172998666763 0.470256298780441 0.356843084096909 0.26036524772644 0.241477966308594 0.241159901022911 0.230991661548615 0.243182450532913 0.24103844165802 0.216836363077164 0.208224132657051 0.208333596587181 0.214770644903183 0.241599589586258 0.238264858722687 0.193447008728981 0.220721125602722 0.397346138954163 0.292105793952942 0.13774386048317
0.546599209308624 0.67570561170578 0.800306677818298 0.533239185810089 0.239130273461342 0.267914891242981 0.216470286250114 0.243848323822021 0.295462816953659 0.248852804303169 0.260658800601959 0.276737838983536 0.28894779086113 0.304500907659531 0.316392362117767 0.353745639324188 0.369728565216064 0.431967675685883 0.422933995723724 0.515054166316986 0.598420560359955 0.555089592933655 0.490968734025955 0.430907487869263 0.395122021436691 0.434496521949768 0.390977203845978 0.363906025886536 0.365793496370316 0.303405255079269 0.23604491353035 0.23401290178299 0.217805728316307 0.21737439930439 0.225598990917206 0.219574749469757 0.208430275321007 0.187934443354607 0.182339057326317 0.189234718680382 0.224267482757568 0.203812628984451 0.196228355169296 0.26116344332695 0.246577188372612 0.142653048038483 0.141488537192345
0.543388605117798 0.738949656486511 0.523175179958344 0.233882009983063 0.20722658932209 0.229232609272003 0.20513191819191 0.248129680752754 0.314313620328903 0.244706138968468 0.27062463760376 0.261683523654938 0.270850479602814 0.285956561565399 0.301277160644531 0.315499007701874 0.368028581142426 0.405750006437302 0.446084529161453 0.488127082586288 0.565901398658752 0.696286082267761 0.567713558673859 0.442404896020889 0.34945023059845 0.368918776512146 0.312724709510803 0.279089152812958 0.259533911943436 0.22247502207756 0.219686180353165 0.212650075554848 0.198845401406288 0.204748332500458 0.205546215176582 0.206767022609711 0.209419459104538 0.183643132448196 0.172552675008774 0.17607781291008 0.184197604656219 0.183843299746513 0.187347441911697 0.175871983170509 0.149575531482697 0.137348905205727 0.130451008677483
0.300838947296143 0.306793987751007 0.272807449102402 0.187499672174454 0.193169549107552 0.207772389054298 0.202267080545425 0.218182802200317 0.218069583177567 0.231617763638496 0.247490376234055 0.283362120389938 0.276074022054672 0.286227732896805 0.286852866411209 0.314496338367462 0.345719516277313 0.363128364086151 0.379902511835098 0.464074283838272 0.557993054389954 0.578203558921814 0.501351356506348 0.449627995491028 0.444105625152588 0.352755606174469 0.302526444196701 0.26201131939888 0.24236561357975 0.2237648665905 0.196542635560036 0.197492316365242 0.191768020391464 0.192997947335243 0.191678449511528 0.189773038029671 0.188517391681671 0.177162677049637 0.173925668001175 0.173530146479607 0.181601107120514 0.245617717504501 0.225337907671928 0.199042364954948 0.158689826726913 0.159423545002937 0.158755138516426
0.369483172893524 0.374644637107849 0.207758694887161 0.18672026693821 0.195247188210487 0.195444092154503 0.193347603082657 0.204201936721802 0.219071105122566 0.250330924987793 0.244338259100914 0.259381532669067 0.270588368177414 0.285685539245605 0.301556706428528 0.317453771829605 0.328178405761719 0.342913955450058 0.379728466272354 0.440995872020721 0.549527883529663 0.553010702133179 0.498414039611816 0.515048742294312 0.559320032596588 0.454678356647491 0.343569487333298 0.256280392408371 0.237542673945427 0.2186648696661 0.202427923679352 0.182125777006149 0.184464305639267 0.175184920430183 0.180519565939903 0.174533531069756 0.172268524765968 0.166834190487862 0.160556450486183 0.164593577384949 0.188369452953339 0.30653190612793 0.216200679540634 0.160645946860313 0.188203126192093 0.202070415019989 0.161443069577217
0.493315756320953 0.717211723327637 0.489236772060394 0.221077933907509 0.195351511240005 0.206104964017868 0.193658396601677 0.202910512685776 0.233889862895012 0.256500095129013 0.286143362522125 0.26139885187149 0.291652947664261 0.286062240600586 0.323234856128693 0.317597627639771 0.349181175231934 0.347916007041931 0.38160651922226 0.418663769960403 0.504407048225403 0.518158257007599 0.489052712917328 0.435060381889343 0.424062937498093 0.424689739942551 0.337980568408966 0.256153911352158 0.224128946661949 0.204979836940765 0.191551938652992 0.181700438261032 0.172535240650177 0.165788576006889 0.157759085297585 0.159380480647087 0.158476486802101 0.153421700000763 0.143981128931046 0.156486719846725 0.165812760591507 0.254310071468353 0.155792251229286 0.126698032021523 0.122336007654667 0.11222954839468 0.106622666120529
0.491176217794418 0.720092117786407 0.742884933948517 0.297288864850998 0.202523157000542 0.196182578802109 0.213186234235764 0.204849943518639 0.202779501676559 0.217460423707962 0.232182905077934 0.26139885187149 0.263017773628235 0.2720827460289 0.301487565040588 0.318566054105759 0.355483621358871 0.348091751337051 0.385171830654144 0.48398146033287 0.596860706806183 0.533469676971436 0.510535299777985 0.409023880958557 0.398464620113373 0.316690921783447 0.274957031011581 0.236212268471718 0.214390516281128 0.198540255427361 0.188616752624512 0.190097540616989 0.180667877197266 0.171213999390602 0.163144633173943 0.153155729174614 0.14717772603035 0.134933337569237 0.132697895169258 0.135533511638641 0.132159933447838 0.134254187345505 0.117685042321682 0.11448211222887 0.11619208753109 0.108175583183765 0.098476767539978
0.498843759298325 0.687301397323608 0.700383901596069 0.32259264588356 0.216614067554474 0.222275093197823 0.247703969478607 0.249645188450813 0.204364374279976 0.223878279328346 0.229518353939056 0.245170161128044 0.248205587267876 0.25757223367691 0.271294623613358 0.285159140825272 0.333878040313721 0.329773634672165 0.360054552555084 0.402635961771011 0.410744577646255 0.438305407762527 0.415949136018753 0.442481458187103 0.32763546705246 0.336783111095428 0.256238996982574 0.25790348649025 0.279396742582321 0.207425028085709 0.202104270458221 0.196238577365875 0.185253798961639 0.163054019212723 0.16133488714695 0.147780284285545 0.140209287405014 0.130593165755272 0.120176337659359 0.119121499359608 0.110855080187321 0.103520534932613 0.10364381223917 0.103579841554165 0.102950595319271 0.106918498873711 0.103901162743568
0.706984281539917 0.774953126907349 0.456230074167252 0.31528827548027 0.251780241727829 0.22623647749424 0.24372960627079 0.24574576318264 0.222370252013206 0.231741338968277 0.252752929925919 0.250211089849472 0.280854851007462 0.27746993303299 0.272608935832977 0.306135058403015 0.317941159009933 0.313495427370071 0.325007349252701 0.326709270477295 0.358223617076874 0.335980534553528 0.376045882701874 0.349347352981567 0.270656555891037 0.265321880578995 0.294459611177444 0.341194927692413 0.237061321735382 0.238227859139442 0.229200437664986 0.215767860412598 0.186463370919228 0.169110104441643 0.156338855624199 0.150760069489479 0.143461033701897 0.135929644107819 0.125805497169495 0.130780950188637 0.115380629897118 0.106349863111973 0.101080201566219 0.0938348770141602 0.0921725034713745 0.0980058312416077 0.099418617784977
0.568789005279541 0.760935664176941 0.663475751876831 0.327008843421936 0.25190532207489 0.253819704055786 0.249779790639877 0.224140703678131 0.235885009169579 0.219469457864761 0.229721009731293 0.232893720269203 0.244768157601357 0.24317641556263 0.256355196237564 0.271688491106033 0.286739706993103 0.296685874462128 0.312797635793686 0.33022341132164 0.324761480093002 0.337603062391281 0.355805099010468 0.363870650529861 0.29094985127449 0.391008615493774 0.451571583747864 0.29414376616478 0.245462849736214 0.313868761062622 0.279396742582321 0.230304434895515 0.218693658709526 0.171984151005745 0.156341701745987 0.15320996940136 0.142670407891273 0.129400417208672 0.128013715147972 0.126747071743011 0.11229457706213 0.103204987943172 0.095872163772583 0.0949744805693626 0.0924506112933159 0.0913483425974846 0.0984078943729401
0.743414044380188 0.716931283473969 0.700205862522125 0.329745829105377 0.261702924966812 0.287871897220612 0.251982003450394 0.230195462703705 0.220266491174698 0.256197214126587 0.219659641385078 0.235554754734039 0.273149460554123 0.243787795305252 0.257791370153427 0.273795247077942 0.2689388692379 0.298945784568787 0.314664870500565 0.311524033546448 0.310996830463409 0.325260877609253 0.417513251304626 0.534026563167572 0.457014560699463 0.54597008228302 0.447432190179825 0.338590890169144 0.293248683214188 0.325839936733246 0.330247193574905 0.349445551633835 0.320586234331131 0.210043579339981 0.151433452963829 0.149575889110565 0.137259721755981 0.128431022167206 0.114347584545612 0.111051522195339 0.0990618318319321 0.100456543266773 0.0905254781246185 0.0939021334052086 0.0912831649184227 0.0938579738140106 0.0944816097617149
0.802690088748932 0.791513919830322 0.750841975212097 0.360925197601318 0.272313058376312 0.283361077308655 0.265975296497345 0.239687651395798 0.219696968793869 0.268360108137131 0.21863728761673 0.232111647725105 0.266846120357513 0.279789566993713 0.259445995092392 0.25551176071167 0.270210117101669 0.280030131340027 0.296016812324524 0.311514854431152 0.292901158332825 0.342674136161804 0.532276570796967 0.52884167432785 0.545334577560425 0.536347985267639 0.487329661846161 0.537134289741516 0.366272807121277 0.487167418003082 0.42504033446312 0.419249385595322 0.303104609251022 0.17124705016613 0.161364749073982 0.153166487812996 0.127631336450577 0.114337049424648 0.108580403029919 0.101400718092918 0.0942685231566429 0.0945753753185272 0.0863370597362518 0.0918210446834564 0.0936904102563858 0.0912928208708763 0.0932940319180489
0.787034749984741 0.817042589187622 0.776795864105225 0.403381824493408 0.302930414676666 0.272404789924622 0.249530836939812 0.229611173272133 0.223199784755707 0.239177212119102 0.235274016857147 0.230223968625069 0.245948910713196 0.258639723062515 0.259021759033203 0.274720132350922 0.269984275102615 0.301580011844635 0.299185186624527 0.29229548573494 0.323931574821472 0.484172105789185 0.618839204311371 0.46301543712616 0.43277844786644 0.485434323549271 0.525325059890747 0.472944766283035 0.509605705738068 0.523316323757172 0.46157306432724 0.387355595827103 0.23651334643364 0.169005855917931 0.154264971613884 0.129575937986374 0.111198537051678 0.107728108763695 0.100252412259579 0.0953380018472672 0.0937732979655266 0.0941736474633217 0.0983816236257553 0.0968429818749428 0.0967264622449875 0.103365778923035 0.10209709405899
0.640418529510498 0.809557020664215 0.802809655666351 0.368157953023911 0.291654258966446 0.267433792352676 0.233046159148216 0.241282686591148 0.221784114837646 0.234486401081085 0.255357474088669 0.228231504559517 0.243700951337814 0.241383820772171 0.253455400466919 0.284401088953018 0.29039654135704 0.284384965896606 0.294888347387314 0.308233767747879 0.342061161994934 0.549598276615143 0.539914131164551 0.441855400800705 0.412163406610489 0.452716261148453 0.414140701293945 0.420014142990112 0.482787013053894 0.433644384145737 0.362854421138763 0.328978419303894 0.203765332698822 0.141604259610176 0.126375392079353 0.117543183267117 0.105289287865162 0.100312307476997 0.0986724942922592 0.0962898433208466 0.0964430496096611 0.0984409898519516 0.0993780568242073 0.0885420218110085 0.100129641592503 0.105727173388004 0.100623525679111
0.674235582351685 0.799380302429199 0.736677587032318 0.372268438339233 0.307229429483414 0.265517979860306 0.227382376790047 0.221326172351837 0.23659086227417 0.249324098229408 0.253333419561386 0.229943886399269 0.243823319673538 0.241992130875587 0.250205039978027 0.269425421953201 0.286198407411575 0.298420965671539 0.315499007701874 0.307809293270111 0.386643409729004 0.495903372764587 0.511039137840271 0.477546334266663 0.38298088312149 0.348243921995163 0.355047762393951 0.525805771350861 0.464171051979065 0.374784976243973 0.319505929946899 0.266233712434769 0.162058666348457 0.12787751853466 0.114911124110222 0.108928479254246 0.103723205626011 0.101792342960835 0.100756876170635 0.0946660190820694 0.0967331305146217 0.106324560940266 0.0985946953296661 0.088856153190136 0.101793222129345 0.104451403021812 0.0985900983214378
