output/projections/09_LIG/Sclerurus cearensis.asc
NCOLS 168 
NROWS 144 
XLLCORNER -41.000137777 
YLLCORNER -8.000138593 
CELLSIZE 0.041666667 
NODATA_value -3.4e+38 
[rows 42 to 62 of 144, columns 47 to 93 of 168]
0.201582431793213 0.186101138591766 0.187837973237038 0.16423487663269 0.168473154306412 0.218098610639572 0.4097940325737 0.169813618063927 0.165202051401138 0.168067097663879 0.152903527021408 0.155327513813972 0.152608245611191 0.147046983242035 0.14606811106205 -3.4e+38 -3.4e+38 -3.4e+38 -3.4e+38 -3.4e+38 -3.4e+38 -3.4e+38 -3.4e+38 -3.4e+38 -3.4e+38 -3.4e+38 -3.4e+38 -3.4e+38 -3.4e+38 -3.4e+38 -3.4e+38 -3.4e+38 -3.4e+38 -3.4e+38 -3.4e+38 -3.4e+38 -3.4e+38 -3.4e+38 -3.4e+38 -3.4e+38 -3.4e+38 -3.4e+38 -3.4e+38 -3.4e+38 -3.4e+38 -3.4e+38 -3.4e+38
0.207244947552681 0.174465358257294 0.186699062585831 0.193482175469398 0.215928241610527 0.191884502768517 0.208645850419998 0.173277318477631 0.194439262151718 0.170885860919952 0.165907010436058 0.164411321282387 0.169939920306206 0.160199016332626 0.147673323750496 0.135656043887138 -3.4e+38 -3.4e+38 -3.4e+38 -3.4e+38 -3.4e+38 -3.4e+38 -3.4e+38 -3.4e+38 -3.4e+38 -3.4e+38 -3.4e+38 -3.4e+38 -3.4e+38 -3.4e+38 -3.4e+38 -3.4e+38 -3.4e+38 -3.4e+38 -3.4e+38 -3.4e+38 -3.4e+38 -3.4e+38 -3.4e+38 -3.4e+38 -3.4e+38 -3.4e+38 -3.4e+38 -3.4e+38 -3.4e+38 -3.4e+38 -3.4e+38
0.193680673837662 0.186744719743729 0.202188760042191 0.204458683729172 0.245510250329971 0.176388069987297 0.162081822752953 0.228492870926857 0.281067132949829 0.177696064114571 0.167930126190186 0.171730741858482 0.164666876196861 0.157522737979889 0.153931558132172 0.152566775679588 -3.4e+38 -3.4e+38 -3.4e+38 -3.4e+38 -3.4e+38 -3.4e+38 -3.4e+38 -3.4e+38 -3.4e+38 -3.4e+38 -3.4e+38 -3.4e+38 -3.4e+38 -3.4e+38 -3.4e+38 -3.4e+38 -3.4e+38 -3.4e+38 -3.4e+38 -3.4e+38 -3.4e+38 -3.4e+38 -3.4e+38 -3.4e+38 -3.4e+38 -3.4e+38 -3.4e+38 -3.4e+38 -3.4e+38 -3.4e+38 -3.4e+38
0.188316985964775 0.178825899958611 0.219278156757355 0.194801703095436 0.165228515863419 0.153385356068611 0.17834435403347 0.5997194647789 0.245785146951675 0.18730454146862 0.185659155249596 0.170171543955803 0.172775238752365 0.156534388661385 0.156606182456017 0.158410936594009 0.149692445993423 -3.4e+38 -3.4e+38 -3.4e+38 -3.4e+38 -3.4e+38 -3.4e+38 -3.4e+38 -3.4e+38 -3.4e+38 -3.4e+38 -3.4e+38 -3.4e+38 -3.4e+38 -3.4e+38 -3.4e+38 -3.4e+38 -3.4e+38 -3.4e+38 -3.4e+38 -3.4e+38 -3.4e+38 -3.4e+38 -3.4e+38 -3.4e+38 -3.4e+38 -3.4e+38 -3.4e+38 -3.4e+38 -3.4e+38 -3.4e+38
0.234614193439484 0.239753127098083 0.190732643008232 0.181875228881836 0.163323014974594 0.170350477099419 0.24892570078373 0.320088893175125 0.249768272042274 0.267199337482452 0.205533474683762 0.170692518353462 0.174087539315224 0.160877555608749 0.161539375782013 0.164697244763374 0.184250369668007 0.171679690480232 0.165978044271469 -3.4e+38 -3.4e+38 -3.4e+38 -3.4e+38 -3.4e+38 -3.4e+38 -3.4e+38 -3.4e+38 -3.4e+38 -3.4e+38 -3.4e+38 -3.4e+38 -3.4e+38 -3.4e+38 -3.4e+38 -3.4e+38 -3.4e+38 -3.4e+38 -3.4e+38 -3.4e+38 -3.4e+38 -3.4e+38 -3.4e+38 -3.4e+38 -3.4e+38 -3.4e+38 -3.4e+38 -3.4e+38
0.188499227166176 0.239874139428139 0.189003124833107 0.187157541513443 0.179443359375 0.189462944865227 0.208943665027618 0.229272484779358 0.215666696429253 0.632520079612732 0.200226530432701 0.180897727608681 0.173980504274368 0.163836136460304 0.161410883069038 0.159626930952072 0.170625552535057 0.177065312862396 0.176015108823776 0.16510833799839 -3.4e+38 -3.4e+38 -3.4e+38 -3.4e+38 -3.4e+38 -3.4e+38 -3.4e+38 -3.4e+38 -3.4e+38 -3.4e+38 -3.4e+38 -3.4e+38 -3.4e+38 -3.4e+38 -3.4e+38 -3.4e+38 -3.4e+38 -3.4e+38 -3.4e+38 -3.4e+38 -3.4e+38 -3.4e+38 -3.4e+38 -3.4e+38 -3.4e+38 -3.4e+38 -3.4e+38
0.236078396439552 0.295524686574936 0.20597143471241 0.195164486765862 0.190877109766006 0.177931070327759 0.168604210019112 0.188380658626556 0.423748314380646 0.352129280567169 0.168428301811218 0.188402473926544 0.170740649104118 0.184804469347 0.179739356040955 0.176151379942894 0.177402719855309 0.169999599456787 0.174454778432846 0.180008560419083 0.170868635177612 -3.4e+38 -3.4e+38 -3.4e+38 -3.4e+38 -3.4e+38 -3.4e+38 -3.4e+38 -3.4e+38 -3.4e+38 -3.4e+38 -3.4e+38 -3.4e+38 -3.4e+38 -3.4e+38 -3.4e+38 -3.4e+38 -3.4e+38 -3.4e+38 -3.4e+38 -3.4e+38 -3.4e+38 -3.4e+38 -3.4e+38 -3.4e+38 -3.4e+38 -3.4e+38
0.216796398162842 0.316987603902817 0.469934016466141 0.241338163614273 0.276814818382263 0.170395076274872 0.138708263635635 0.154368326067924 0.186571508646011 0.191730886697769 0.176212772727013 0.171066373586655 0.181784719228745 0.186901971697807 0.186092630028725 0.183754563331604 0.189161822199821 0.183997929096222 0.185574889183044 0.19213841855526 0.182318449020386 -3.4e+38 -3.4e+38 -3.4e+38 -3.4e+38 -3.4e+38 -3.4e+38 -3.4e+38 -3.4e+38 -3.4e+38 -3.4e+38 -3.4e+38 -3.4e+38 -3.4e+38 -3.4e+38 -3.4e+38 -3.4e+38 -3.4e+38 -3.4e+38 -3.4e+38 -3.4e+38 -3.4e+38 -3.4e+38 -3.4e+38 -3.4e+38 -3.4e+38 -3.4e+38
0.208913639187813 0.253511101007462 0.632479786872864 0.526532232761383 0.343172430992126 0.237372517585754 0.164356291294098 0.148717731237411 0.155491605401039 0.162021115422249 0.170517727732658 0.162314102053642 0.184227123856544 0.197756677865982 0.200482591986656 0.189526304602623 0.22513872385025 0.225080832839012 0.231135725975037 0.219850718975067 0.223113521933556 0.187627360224724 -3.4e+38 -3.4e+38 -3.4e+38 -3.4e+38 -3.4e+38 -3.4e+38 -3.4e+38 -3.4e+38 -3.4e+38 -3.4e+38 -3.4e+38 -3.4e+38 -3.4e+38 -3.4e+38 -3.4e+38 -3.4e+38 -3.4e+38 -3.4e+38 -3.4e+38 -3.4e+38 -3.4e+38 -3.4e+38 -3.4e+38 -3.4e+38 -3.4e+38
0.240584328770638 0.312422126531601 0.580683588981628 0.435914307832718 0.460279405117035 0.419597089290619 0.388949245214462 0.228448390960693 0.162999644875526 0.172206252813339 0.163884907960892 0.166640132665634 0.180713549256325 0.175588577985764 0.188825160264969 0.190121039748192 0.195333704352379 0.188912436366081 0.214176759123802 0.223125070333481 0.190679743885994 0.223915845155716 0.197562232613564 -3.4e+38 -3.4e+38 -3.4e+38 -3.4e+38 -3.4e+38 -3.4e+38 -3.4e+38 -3.4e+38 -3.4e+38 -3.4e+38 -3.4e+38 -3.4e+38 -3.4e+38 -3.4e+38 -3.4e+38 -3.4e+38 -3.4e+38 -3.4e+38 -3.4e+38 -3.4e+38 -3.4e+38 -3.4e+38 -3.4e+38 -3.4e+38
0.31040632724762 0.503787219524384 0.750441014766693 0.596362113952637 0.416647046804428 0.283179104328156 0.291043132543564 0.329237520694733 0.177992299199104 0.165747702121735 0.175841346383095 0.182151928544044 0.185531243681908 0.183182671666145 0.17028172314167 0.172084346413612 0.185153424739838 0.186092272400856 0.180140659213066 0.173543021082878 0.204667016863823 0.177712112665176 0.196090161800385 0.194607391953468 -3.4e+38 -3.4e+38 -3.4e+38 -3.4e+38 -3.4e+38 -3.4e+38 -3.4e+38 -3.4e+38 -3.4e+38 -3.4e+38 -3.4e+38 -3.4e+38 -3.4e+38 -3.4e+38 -3.4e+38 -3.4e+38 -3.4e+38 -3.4e+38 -3.4e+38 -3.4e+38 -3.4e+38 -3.4e+38 -3.4e+38
0.480522215366364 0.74232804775238 0.685457229614258 0.656585276126862 0.546365857124329 0.499854415655136 0.375048130750656 0.174729764461517 0.167550474405289 0.24965412914753 0.195275440812111 0.1914431899786 0.183068111538887 0.186029940843582 0.175224423408508 0.156953454017639 0.167500004172325 0.169369295239449 0.184966489672661 0.171875208616257 0.178013920783997 0.173249095678329 0.180621117353439 0.199431419372559 0.188069418072701 -3.4e+38 -3.4e+38 -3.4e+38 -3.4e+38 -3.4e+38 -3.4e+38 -3.4e+38 -3.4e+38 -3.4e+38 -3.4e+38 -3.4e+38 -3.4e+38 -3.4e+38 -3.4e+38 -3.4e+38 -3.4e+38 -3.4e+38 -3.4e+38 -3.4e+38 -3.4e+38 -3.4e+38 -3.4e+38
0.513544976711273 0.695243835449219 0.645323693752289 0.371845424175262 0.170595318078995 0.231788963079453 0.34056556224823 0.208596527576447 0.22548320889473 0.249829366803169 0.183959200978279 0.178071469068527 0.173732727766037 0.162197098135948 0.148589089512825 0.176105380058289 0.173248305916786 0.185870543122292 0.166205897927284 0.165921449661255 0.163690701127052 0.165284186601639 0.166647925972939 0.186882972717285 0.186814114451408 0.190058678388596 -3.4e+38 -3.4e+38 -3.4e+38 -3.4e+38 -3.4e+38 -3.4e+38 -3.4e+38 -3.4e+38 -3.4e+38 -3.4e+38 -3.4e+38 -3.4e+38 -3.4e+38 -3.4e+38 -3.4e+38 -3.4e+38 -3.4e+38 -3.4e+38 -3.4e+38 -3.4e+38 -3.4e+38
0.648885786533356 0.591324925422668 0.615715205669403 0.280794769525528 0.142048865556717 0.149429097771645 0.257255792617798 0.171654671430588 0.161432683467865 0.161103785037994 0.174214690923691 0.173705920577049 0.156834557652473 0.150492861866951 0.162495732307434 0.160929426550865 0.138540878891945 0.186237514019012 0.158876791596413 0.151373103260994 0.146415561437607 0.152644336223602 0.158651486039162 0.163924932479858 0.170011654496193 0.185150623321533 0.17995710670948 -3.4e+38 -3.4e+38 -3.4e+38 -3.4e+38 -3.4e+38 -3.4e+38 -3.4e+38 -3.4e+38 -3.4e+38 -3.4e+38 -3.4e+38 -3.4e+38 -3.4e+38 -3.4e+38 -3.4e+38 -3.4e+38 -3.4e+38 -3.4e+38 -3.4e+38 -3.4e+38
0.653574645519257 0.417926251888275 0.262065440416336 0.161395460367203 0.0970701575279236 0.108274221420288 0.127316936850548 0.131000727415085 0.149851784110069 0.134561702609062 0.146241903305054 0.155136987566948 0.133675366640091 0.173015013337135 0.155998930335045 0.154813542962074 0.149005338549614 0.150846585631371 0.144936636090279 0.132417753338814 0.141728699207306 0.143572092056274 0.139456152915955 0.144509851932526 0.151089876890182 0.162674605846405 0.177068471908569 0.184365168213844 0.174861714243889 -3.4e+38 -3.4e+38 -3.4e+38 -3.4e+38 -3.4e+38 -3.4e+38 -3.4e+38 -3.4e+38 -3.4e+38 -3.4e+38 -3.4e+38 -3.4e+38 -3.4e+38 -3.4e+38 -3.4e+38 -3.4e+38 -3.4e+38 -3.4e+38
0.667217612266541 0.455088257789612 0.260247558355331 0.139883056282997 0.1251290589571 0.115320153534412 0.121841818094254 0.131308540701866 0.135592713952065 0.138181954622269 0.14036762714386 0.134123235940933 0.145726948976517 0.179338335990906 0.15794837474823 0.140209764242172 0.142637252807617 0.146292492747307 0.135735258460045 0.143598049879074 0.14363394677639 0.147749349474907 0.143629014492035 0.143913239240646 0.15213043987751 0.156307086348534 0.159775123000145 0.173397362232208 0.183857649564743 0.191584870219231 0.188835442066193 -3.4e+38 -3.4e+38 -3.4e+38 -3.4e+38 -3.4e+38 -3.4e+38 -3.4e+38 -3.4e+38 -3.4e+38 -3.4e+38 -3.4e+38 -3.4e+38 -3.4e+38 -3.4e+38 -3.4e+38 -3.4e+38
0.350381970405579 0.164231017231941 0.145569980144501 0.143567472696304 0.123025320470333 0.118006907403469 0.107283428311348 0.121069930493832 0.129024937748909 0.1486437022686 0.14794847369194 0.148022845387459 0.156534433364868 0.145800486207008 0.141978815197945 0.144498497247696 0.131058976054192 0.12689533829689 0.134255543351173 0.142224311828613 0.141648605465889 0.145836800336838 0.137705579400063 0.138629704713821 0.143855780363083 0.13741135597229 0.15406896173954 0.178872853517532 0.189540565013885 0.193928703665733 0.181285187602043 -3.4e+38 -3.4e+38 -3.4e+38 -3.4e+38 -3.4e+38 -3.4e+38 -3.4e+38 -3.4e+38 -3.4e+38 -3.4e+38 -3.4e+38 -3.4e+38 -3.4e+38 -3.4e+38 -3.4e+38 -3.4e+38
0.271483689546585 0.349022060632706 0.217304974794388 0.145309999585152 0.138129144906998 0.148471891880035 0.123638957738876 0.126672312617302 0.130234986543655 0.142129629850388 0.15385827422142 0.166813299059868 0.151939108967781 0.152401268482208 0.138289138674736 0.135388404130936 0.12162521481514 0.12969958782196 0.130437776446342 0.137349471449852 0.148008659482002 0.152543976902962 0.13877035677433 0.140969648957253 0.145304277539253 0.135044321417809 0.142057836055756 0.152395904064178 0.179220080375671 0.189610570669174 0.172607764601707 0.176825761795044 -3.4e+38 -3.4e+38 -3.4e+38 -3.4e+38 -3.4e+38 -3.4e+38 -3.4e+38 -3.4e+38 -3.4e+38 -3.4e+38 -3.4e+38 -3.4e+38 -3.4e+38 -3.4e+38 -3.4e+38
0.140413016080856 0.162346795201302 0.189358323812485 0.149238094687462 0.131597220897675 0.128242120146751 0.122838161885738 0.121317535638809 0.133964449167252 0.150890305638313 0.151937410235405 0.162003993988037 0.144051015377045 0.137927085161209 0.137229338288307 0.121336288750172 0.123947747051716 0.129624679684639 0.132498949766159 0.140052050352097 0.165318727493286 0.151120468974113 0.132718682289124 0.129492521286011 0.134566575288773 0.130711033940315 0.139733359217644 0.150546073913574 0.1662727445364 0.175517961382866 0.153797537088394 0.169061332941055 0.174784407019615 -3.4e+38 -3.4e+38 -3.4e+38 -3.4e+38 -3.4e+38 -3.4e+38 -3.4e+38 -3.4e+38 -3.4e+38 -3.4e+38 -3.4e+38 -3.4e+38 -3.4e+38 -3.4e+38
0.139414444565773 0.131639838218689 0.126791045069695 0.127923429012299 0.120318822562695 0.12120545655489 0.132526382803917 0.136757552623749 0.134015455842018 0.141028597950935 0.162574172019958 0.164844930171967 0.137398734688759 0.167151421308517 0.128244146704674 0.121821366250515 0.125767707824707 0.122125566005707 0.126514777541161 0.138336211442947 0.172371551394463 0.134667426347733 0.124492585659027 0.12763337790966 0.123856283724308 0.115365952253342 0.134995758533478 0.147614046931267 0.157282337546349 0.162349805235863 0.140839248895645 0.146548837423325 0.169981464743614 0.171411007642746 -3.4e+38 -3.4e+38 -3.4e+38 -3.4e+38 -3.4e+38 -3.4e+38 -3.4e+38 -3.4e+38 -3.4e+38 -3.4e+38 -3.4e+38 -3.4e+38 -3.4e+38
0.132952407002449 0.134902730584145 0.123457491397858 0.125293239951134 0.127543970942497 0.130622819066048 0.135041356086731 0.132803440093994 0.139503926038742 0.120680972933769 0.1219497397542 0.127762481570244 0.128552541136742 0.122574202716351 0.113537348806858 0.118356682360172 0.124961577355862 0.122406311333179 0.132193431258202 0.130547165870667 0.128973081707954 0.125503361225128 0.11736611276865 0.121096834540367 0.11413349956274 0.116564743220806 0.134193554520607 0.135391563177109 0.161284402012825 0.141315326094627 0.12433610111475 0.14094403386116 0.153256356716156 0.17394694685936 0.16960746049881 -3.4e+38 -3.4e+38 -3.4e+38 -3.4e+38 -3.4e+38 -3.4e+38 -3.4e+38 -3.4e+38 -3.4e+38 -3.4e+38 -3.4e+38 -3.4e+38
