output/projections/06_BA/Cassia ferruginea.asc
NCOLS 168 
NROWS 144 
XLLCORNER -41.0000000002598 
YLLCORNER -7.99999999976785 
CELLSIZE 0.0416666666664048 
NODATA_value -3.4e+38 
[rows 120 to 139 of 144, columns 46 to 91 of 168]
0.729621946811676 0.715591132640839 0.695110082626343 0.655569791793823 0.63039755821228 0.62311452627182 0.67678964138031 0.679018557071686 0.669159829616547 0.785723626613617 0.775497376918793 0.724903106689453 0.688984274864197 0.698004901409149 0.60483318567276 0.547241687774658 0.617703974246979 0.647007524967194 0.787785768508911 0.845936954021454 0.843540847301483 0.768439114093781 0.69693922996521 0.623606145381927 0.617282450199127 0.561314523220062 0.51935225725174 0.446832567453384 0.477357089519501 0.622868001461029 0.659423470497131 0.692103683948517 0.726197421550751 0.750879645347595 0.661010265350342 0.647320687770844 0.635607540607452 0.654992282390594 0.654414355754852 0.568302869796753 0.513917088508606 0.487770885229111 0.451033294200897 0.312067806720734 0.308176577091217 0.299035936594009
0.751467227935791 0.716390192508698 0.685703217983246 0.655188858509064 0.695014476776123 0.658563315868378 0.644203126430511 0.644672632217407 0.644113302230835 0.678426623344421 0.704077064990997 0.822280466556549 0.793557465076447 0.645972728729248 0.583159387111664 0.618151009082794 0.62068647146225 0.68541693687439 0.77256441116333 0.71432226896286 0.70638644695282 0.662417709827423 0.600062012672424 0.562925517559052 0.573508381843567 0.517389357089996 0.548089861869812 0.548698425292969 0.550254881381989 0.575237572193146 0.586881518363953 0.611323654651642 0.636610865592957 0.634061634540558 0.6161989569664 0.610115647315979 0.575528562068939 0.571140766143799 0.640166223049164 0.602815926074982 0.532846689224243 0.475140064954758 0.403609901666641 0.33689671754837 0.310879915952682 0.301410585641861
0.759507060050964 0.697507619857788 0.694847881793976 0.689564764499664 0.74828040599823 0.702800273895264 0.719066321849823 0.706816077232361 0.706253230571747 0.69564825296402 0.700977683067322 0.732574641704559 0.704275608062744 0.672638475894928 0.563167572021484 0.679550349712372 0.720651268959045 0.693011701107025 0.657299518585205 0.561047911643982 0.641668081283569 0.611142456531525 0.599684715270996 0.519568741321564 0.483671844005585 0.539523482322693 0.588214755058289 0.588621199131012 0.559378325939178 0.582326829433441 0.634031057357788 0.630009770393372 0.604858875274658 0.585928440093994 0.585988283157349 0.689993858337402 0.699163317680359 0.665589988231659 0.638221442699432 0.626459419727325 0.528646349906921 0.425092101097107 0.377524256706238 0.366503268480301 0.317237824201584 0.305868059396744
0.704929947853088 0.713614642620087 0.754597127437592 0.729639053344727 0.778854131698608 0.720809459686279 0.708870470523834 0.694120705127716 0.782798171043396 0.743636250495911 0.692327439785004 0.72986900806427 0.815284311771393 0.794794261455536 0.768302083015442 0.696253955364227 0.835521459579468 0.839134752750397 0.716199696063995 0.60919189453125 0.779980540275574 0.713667809963226 0.611142456531525 0.570756018161774 0.517469227313995 0.605331420898438 0.595807731151581 0.630009770393372 0.585954308509827 0.589572429656982 0.621078491210938 0.606173038482666 0.617839336395264 0.608518838882446 0.636578023433685 0.575528562068939 0.530480027198792 0.553811013698578 0.694059431552887 0.569777846336365 0.464172720909119 0.411561459302902 0.400119930505753 0.362348675727844 0.331490367650986 0.28139254450798
0.683595895767212 0.730877578258514 0.743518650531769 0.757450699806213 0.780519545078278 0.746058225631714 0.730377733707428 0.640583753585815 0.724010646343231 0.681889355182648 0.800995111465454 0.917961597442627 0.912319004535675 0.903117477893829 0.846948087215424 0.768498361110687 0.872182428836823 0.820319592952728 0.719009280204773 0.824565887451172 0.761515736579895 0.640491604804993 0.572435617446899 0.622868001461029 0.554093658924103 0.629124104976654 0.621543765068054 0.569273889064789 0.628175914287567 0.631108283996582 0.654915630817413 0.608796656131744 0.616167783737183 0.622129201889038 0.624799609184265 0.572875738143921 0.527168214321136 0.629363000392914 0.790401697158813 0.653381943702698 0.45145508646965 0.464964210987091 0.466692566871643 0.408652186393738 0.442116290330887 0.461680442094803
0.745240569114685 0.799415826797485 0.626532316207886 0.697890937328339 0.829911410808563 0.81693559885025 0.853801965713501 0.855559051036835 0.82278960943222 0.774060606956482 0.849881231784821 0.930489301681519 0.914494633674622 0.88064980506897 0.81878674030304 0.811530590057373 0.887742161750793 0.77603417634964 0.839150011539459 0.861195385456085 0.719225108623505 0.659422814846039 0.77681690454483 0.717347323894501 0.641653597354889 0.648132860660553 0.614307343959808 0.558318555355072 0.713277995586395 0.658489048480988 0.674730658531189 0.6256023645401 0.622313976287842 0.651614844799042 0.604511499404907 0.596494555473328 0.659547209739685 0.811530590057373 0.851352334022522 0.626660048961639 0.627506852149963 0.895249605178833 0.894456148147583 0.8283651471138 0.875618040561676 0.786701560020447
0.795096695423126 0.750499248504639 0.640583753585815 0.801665961742401 0.824338436126709 0.793766915798187 0.798776209354401 0.818411231040955 0.800848007202148 0.884956121444702 0.888196229934692 0.859310865402222 0.885355591773987 0.875689387321472 0.780063569545746 0.886503994464874 0.887570381164551 0.883037388324738 0.867208361625671 0.827614426612854 0.697453796863556 0.746202230453491 0.685194849967957 0.68268483877182 0.615827202796936 0.615827202796936 0.56862735748291 0.577782094478607 0.76655787229538 0.701254725456238 0.681219875812531 0.626920878887177 0.630007445812225 0.677516639232635 0.678631484508514 0.5318803191185 0.597642183303833 0.807965993881226 0.752748906612396 0.52289754152298 0.873148798942566 0.902628183364868 0.888613998889923 0.897080957889557 0.880256533622742 0.811710000038147
0.846423268318176 0.737168431282043 0.680853724479675 0.727676153182983 0.720900475978851 0.701860725879669 0.701234996318817 0.693427681922913 0.747068762779236 0.826106131076813 0.65660959482193 0.730371236801147 0.872557044029236 0.873187005519867 0.791774749755859 0.894850373268127 0.90925395488739 0.86693662405014 0.82502019405365 0.731436669826508 0.659974455833435 0.645883977413177 0.590900361537933 0.595163345336914 0.615269184112549 0.562282502651215 0.597001433372498 0.591919183731079 0.745589911937714 0.703246891498566 0.646697640419006 0.620097279548645 0.627445578575134 0.60769921541214 0.617965996265411 0.535100102424622 0.774892628192902 0.925485551357269 0.843515753746033 0.757037341594696 0.766161859035492 0.880701959133148 0.904100477695465 0.887916028499603 0.80446594953537 0.830156028270721
0.843644559383392 0.756148815155029 0.777407169342041 0.750646352767944 0.73303633928299 0.707127153873444 0.686648547649384 0.687818765640259 0.755632042884827 0.654551982879639 0.647164404392242 0.814707815647125 0.90352064371109 0.908864140510559 0.866992235183716 0.888819098472595 0.885291159152985 0.844600677490234 0.756339430809021 0.677688300609589 0.62083774805069 0.588600754737854 0.602815926074982 0.651614844799042 0.58477121591568 0.590900361537933 0.611865103244781 0.661559998989105 0.697673439979553 0.70963591337204 0.640764117240906 0.665168404579163 0.699894189834595 0.867962896823883 0.807310938835144 0.750963985919952 0.792999804019928 0.891909122467041 0.916477859020233 0.905912756919861 0.87126898765564 0.892558991909027 0.905552804470062 0.861411392688751 0.751567661762238 0.803136110305786
0.865735173225403 0.795945525169373 0.822172164916992 0.758171916007996 0.77187317609787 0.706253230571747 0.722840070724487 0.684185981750488 0.626184344291687 0.686473250389099 0.752748906612396 0.897483050823212 0.885131418704987 0.800995111465454 0.909059226512909 0.888989269733429 0.821359813213348 0.767554700374603 0.703784286975861 0.635897219181061 0.611545443534851 0.557334065437317 0.678203105926514 0.669258892536163 0.661031901836395 0.587579429149628 0.59438818693161 0.631543040275574 0.620176136493683 0.735648334026337 0.815402626991272 0.796666920185089 0.670813024044037 0.793734610080719 0.862022876739502 0.829690039157867 0.876747488975525 0.82655930519104 0.911302149295807 0.899393260478973 0.90065735578537 0.857335329055786 0.821136713027954 0.862313866615295 0.822986960411072 0.760125935077667
0.943360030651093 0.817529261112213 0.775497376918793 0.751461386680603 0.769511997699738 0.711473941802979 0.66259354352951 0.656240999698639 0.62046879529953 0.747629940509796 0.83130544424057 0.891812145709991 0.861026287078857 0.829989433288574 0.870508432388306 0.850579798221588 0.788226962089539 0.688137888908386 0.654270946979523 0.599071502685547 0.564204514026642 0.617703974246979 0.71704089641571 0.680428862571716 0.615544259548187 0.611160576343536 0.623151123523712 0.613620638847351 0.65660959482193 0.83680248260498 0.859799206256866 0.741836369037628 0.757218599319458 0.763996660709381 0.809731781482697 0.858433961868286 0.856195867061615 0.917886018753052 0.898935079574585 0.846822023391724 0.866435647010803 0.808429181575775 0.78238445520401 0.767685949802399 0.707502424716949 0.795063376426697
0.896716117858887 0.823426127433777 0.781593084335327 0.758732795715332 0.774675309658051 0.703878223896027 0.684392094612122 0.634267032146454 0.681918144226074 0.792655527591705 0.873187005519867 0.888911664485931 0.867840647697449 0.826331794261932 0.825654029846191 0.812193989753723 0.75556868314743 0.588350296020508 0.701860725879669 0.707127153873444 0.625129282474518 0.627518355846405 0.738384783267975 0.686850607395172 0.698531627655029 0.583330392837524 0.600547134876251 0.668860018253326 0.725552141666412 0.875617206096649 0.855913281440735 0.705055356025696 0.796998977661133 0.869814336299896 0.891476929187775 0.827890813350677 0.866856038570404 0.916066765785217 0.900078415870667 0.847372174263 0.745872378349304 0.799120664596558 0.767593860626221 0.701249361038208 0.727159678936005 0.709244430065155
0.844383716583252 0.817991018295288 0.698034346103668 0.762668490409851 0.796073138713837 0.768696069717407 0.635402143001556 0.672703444957733 0.729865729808807 0.804383516311646 0.864377498626709 0.850879192352295 0.807106971740723 0.791051983833313 0.792089343070984 0.755858838558197 0.591773152351379 0.573319315910339 0.700693786144257 0.772334575653076 0.701860725879669 0.576043963432312 0.69611006975174 0.782397031784058 0.779303729534149 0.751006603240967 0.711306691169739 0.744434535503387 0.787917137145996 0.826497554779053 0.760648965835571 0.816774785518646 0.847912609577179 0.892152428627014 0.92553973197937 0.921449720859528 0.87408834695816 0.815431773662567 0.812237858772278 0.796998977661133 0.726900398731232 0.766086101531982 0.773556709289551 0.672994256019592 0.640882134437561 0.66493421792984
0.757830798625946 0.778106033802032 0.791046500205994 0.798270404338837 0.764191448688507 0.640365600585938 0.645204186439514 0.771574795246124 0.859842538833618 0.889670550823212 0.864837467670441 0.825767159461975 0.803036987781525 0.73482757806778 0.65930312871933 0.63817036151886 0.734084606170654 0.658355414867401 0.638327419757843 0.756509125232697 0.744645953178406 0.65660959482193 0.68371570110321 0.770935952663422 0.738177835941315 0.742958426475525 0.761279344558716 0.825620830059052 0.75799286365509 0.797552704811096 0.785952389240265 0.871175050735474 0.914431512355804 0.923805952072144 0.886941492557526 0.872662723064423 0.804275155067444 0.718235552310944 0.790091872215271 0.781442701816559 0.726900398731232 0.760755777359009 0.705482959747314 0.666641712188721 0.665818989276886 0.722999513149261
0.854449570178986 0.834241271018982 0.857605993747711 0.827708661556244 0.709457457065582 0.694113731384277 0.796220779418945 0.885949313640594 0.882045567035675 0.898052096366882 0.870597004890442 0.843763113021851 0.806256115436554 0.788245141506195 0.664294540882111 0.72493177652359 0.729115545749664 0.724959909915924 0.648096263408661 0.646201014518738 0.760912477970123 0.741028070449829 0.806595683097839 0.820034563541412 0.787057101726532 0.744191765785217 0.915424048900604 0.889429688453674 0.826655685901642 0.84347140789032 0.867243766784668 0.919772684574127 0.931700348854065 0.90045702457428 0.883511543273926 0.82586282491684 0.748707175254822 0.762143969535828 0.770449161529541 0.759073138237 0.714166879653931 0.684940576553345 0.675944864749908 0.675133883953094 0.696974456310272 0.778757691383362
0.867692470550537 0.804614782333374 0.823737800121307 0.815002858638763 0.712583541870117 0.680254578590393 0.774191856384277 0.829320549964905 0.868808329105377 0.909604489803314 0.879251420497894 0.779180586338043 0.78278648853302 0.745053112506866 0.72114086151123 0.732028663158417 0.753532767295837 0.797220408916473 0.82127571105957 0.694318056106567 0.711654961109161 0.833129525184631 0.890276908874512 0.926793396472931 0.912349224090576 0.808061838150024 0.922579944133759 0.895435035228729 0.919564664363861 0.918624103069305 0.901409327983856 0.916800022125244 0.936440467834473 0.864482760429382 0.861994028091431 0.838909149169922 0.721367239952087 0.768204510211945 0.713949680328369 0.697537481784821 0.675944864749908 0.69870138168335 0.711030125617981 0.737938761711121 0.751504898071289 0.818560361862183
0.813145220279694 0.797613382339478 0.724813103675842 0.807965993881226 0.754485964775085 0.717673242092133 0.818934082984924 0.844422221183777 0.843415558338165 0.863491833209991 0.905852794647217 0.886016547679901 0.859689772129059 0.793470680713654 0.762180864810944 0.873539805412292 0.895587623119354 0.882045567035675 0.809270977973938 0.733584702014923 0.846822023391724 0.868375301361084 0.933135330677032 0.936861276626587 0.926579773426056 0.873157382011414 0.925016283988953 0.922298789024353 0.934110581874847 0.908634781837463 0.837865233421326 0.935829639434814 0.909220278263092 0.810179710388184 0.824036240577698 0.792745471000671 0.741500556468964 0.74170446395874 0.674847304821014 0.690542936325073 0.696031928062439 0.756255269050598 0.774368286132812 0.771407961845398 0.751396834850311 0.790623366832733
0.792469024658203 0.748977899551392 0.723203122615814 0.793043494224548 0.847579419612885 0.811750590801239 0.814516425132751 0.801437377929688 0.798910856246948 0.813520491123199 0.833201289176941 0.860511481761932 0.869852423667908 0.852184951305389 0.920014500617981 0.91133838891983 0.906720519065857 0.798739910125732 0.836687505245209 0.819944500923157 0.88289749622345 0.855154514312744 0.902628183364868 0.936767101287842 0.937875270843506 0.896275758743286 0.908116817474365 0.931684076786041 0.92313826084137 0.886819958686829 0.790261805057526 0.889038264751434 0.826920032501221 0.757860839366913 0.716254115104675 0.715668737888336 0.70350593328476 0.697537481784821 0.701249361038208 0.707502424716949 0.799105644226074 0.766216516494751 0.705798208713531 0.739395976066589 0.762104392051697 0.764187157154083
0.732390582561493 0.712097764015198 0.713347017765045 0.834771692752838 0.840362668037415 0.797845602035522 0.81387859582901 0.834189295768738 0.754219233989716 0.769186437129974 0.934639513492584 0.927095293998718 0.857443392276764 0.915178298950195 0.915788412094116 0.872517466545105 0.864329636096954 0.741244077682495 0.888948023319244 0.819271385669708 0.833418667316437 0.898859083652496 0.913859367370605 0.933086276054382 0.941871166229248 0.88220340013504 0.933038353919983 0.914585590362549 0.88353306055069 0.854001462459564 0.820605278015137 0.748455464839935 0.716254115104675 0.668740093708038 0.699313640594482 0.701083779335022 0.764664530754089 0.767685949802399 0.712604284286499 0.738759338855743 0.73957222700119 0.710156619548798 0.699568569660187 0.741446733474731 0.810796201229095 0.798878371715546
0.736362397670746 0.759649217128754 0.742307901382446 0.78996080160141 0.827674448490143 0.855181574821472 0.759880483150482 0.834189295768738 0.742051959037781 0.780856966972351 0.873153924942017 0.906282365322113 0.869852423667908 0.918085038661957 0.88168865442276 0.874844014644623 0.832283914089203 0.737996220588684 0.827847361564636 0.876381933689117 0.85826188325882 0.933964133262634 0.902998149394989 0.935308516025543 0.941265821456909 0.932841658592224 0.92252379655838 0.907184779644012 0.861335694789886 0.844835937023163 0.733899533748627 0.710492968559265 0.691274583339691 0.781701803207397 0.783702850341797 0.872836530208588 0.848957777023315 0.788816392421722 0.760125935077667 0.714482963085175 0.737879753112793 0.727026283740997 0.724338591098785 0.782127499580383 0.884200572967529 0.840478241443634
