output/projections/06_BA/Cassia ferruginea.asc
NCOLS 168 
NROWS 144 
XLLCORNER -41.0000000002598 
YLLCORNER -7.99999999976785 
CELLSIZE 0.0416666666664048 
NODATA_value -3.4e+38 
[rows 60 to 79 of 144, columns 46 to 91 of 168]
0.484411686658859 0.479347586631775 0.530480027198792 0.671343147754669 0.601381599903107 0.501585304737091 0.475111395120621 0.396296739578247 0.303429812192917 0.307244122028351 0.393476009368896 0.377497225999832 0.432292252779007 0.347819864749908 0.348776906728745 0.343053191900253 0.288211315870285 0.248529702425003 0.258906930685043 0.223461493849754 0.237158432602882 0.419032514095306 0.423827737569809 0.316659599542618 0.333305507898331 0.358093470335007 0.303674787282944 0.360034108161926 0.387659817934036 0.497821003198624 0.506269454956055 0.433129996061325 0.470071762800217 0.509608805179596 0.487683713436127 0.48336473107338 0.462585538625717 0.458139687776566 0.449762225151062 0.448719024658203 0.444550782442093 0.440390318632126 0.43623822927475 0.437275439500809 0.416175782680511 0.43106073141098
0.467916309833527 0.474282026290894 0.462733715772629 0.474276274442673 0.462654232978821 0.420947700738907 0.390260517597198 0.293949365615845 0.351141631603241 0.394618988037109 0.371571093797684 0.407786011695862 0.438511043787003 0.328944683074951 0.348776906728745 0.310308009386063 0.289944291114807 0.220987394452095 0.249317973852158 0.207778960466385 0.24664095044136 0.472100228071213 0.355510026216507 0.324003100395203 0.331434309482574 0.329568445682526 0.259396642446518 0.338006436824799 0.393681764602661 0.442880481481552 0.48375728726387 0.390270203351974 0.374341249465942 0.482579737901688 0.486898303031921 0.501554131507874 0.48081374168396 0.459583580493927 0.430027008056641 0.425898253917694 0.421779811382294 0.41664707660675 0.395842581987381 0.393827706575394 0.389808803796768 0.387804925441742
0.406845360994339 0.454359292984009 0.523782789707184 0.432432264089584 0.395490288734436 0.341596484184265 0.326590061187744 0.357895314693451 0.411865144968033 0.429190695285797 0.327332079410553 0.338568270206451 0.337374716997147 0.329876035451889 0.314837723970413 0.290813118219376 0.226848736405373 0.23538564145565 0.243835136294365 0.211973935365677 0.351910293102264 0.342103600502014 0.313928931951523 0.262649744749069 0.287006169557571 0.245865911245346 0.261019915342331 0.334243088960648 0.358093470335007 0.472172886133194 0.426929473876953 0.318619817495346 0.354809820652008 0.420130342245102 0.476618409156799 0.477894067764282 0.494453847408295 0.496371120214462 0.447045654058456 0.404403954744339 0.398325711488724 0.37487468123436 0.371915221214294 0.368965327739716 0.367004156112671 0.365047365427017
0.349352419376373 0.356090605258942 0.370587110519409 0.334989905357361 0.311026304960251 0.370587110519409 0.32751801609993 0.452190309762955 0.346162468194962 0.386254817247391 0.344956129789352 0.272059857845306 0.33267816901207 0.270896524190903 0.26020747423172 0.229074880480766 0.227589085698128 0.226401686668396 0.224928185343742 0.314469754695892 0.326779693365097 0.272059857845306 0.283905923366547 0.299584895372391 0.293083488941193 0.247432798147202 0.270064562559128 0.360034108161926 0.363543629646301 0.420751869678497 0.315880060195923 0.296185433864594 0.310438841581345 0.340468376874924 0.390666633844376 0.399736225605011 0.361006140708923 0.387659817934036 0.488305300474167 0.470071762800217 0.387264490127563 0.352439075708389 0.348599642515182 0.346687227487564 0.341927945613861 0.323652386665344
0.420131593942642 0.357895314693451 0.324738204479218 0.311026304960251 0.341596484184265 0.396498739719391 0.370390206575394 0.352872490882874 0.31241449713707 0.307903945446014 0.308506160974503 0.253767102956772 0.26428610086441 0.247743085026741 0.248218759894371 0.250107914209366 0.226401686668396 0.2745720744133 0.286484479904175 0.253284364938736 0.303135693073273 0.30671015381813 0.267578363418579 0.269234210252762 0.269234210252762 0.290469706058502 0.317211806774139 0.297065109014511 0.377308428287506 0.293971061706543 0.254578471183777 0.24044631421566 0.342364460229874 0.311758100986481 0.345218032598495 0.303674787282944 0.304919987916946 0.376308768987656 0.529280185699463 0.52222090959549 0.442469537258148 0.344779789447784 0.299248903989792 0.316791892051697 0.303688287734985 0.301020175218582
0.50476461648941 0.391601294279099 0.287170618772507 0.391601294279099 0.387455195188522 0.34807351231575 0.326158612966537 0.305215060710907 0.291100233793259 0.288496911525726 0.261341333389282 0.31241449713707 0.299584895372391 0.214524000883102 0.247743085026741 0.251692831516266 0.293717354536057 0.332369267940521 0.271730095148087 0.217049762606621 0.286144137382507 0.278913974761963 0.228342369198799 0.249807626008987 0.220273360610008 0.278913974761963 0.275934755802155 0.220570519566536 0.247444674372673 0.289614647626877 0.221296235918999 0.228342369198799 0.289202690124512 0.307737648487091 0.313570320606232 0.289601504802704 0.275412678718567 0.377036184072495 0.514764904975891 0.498999893665314 0.447045654058456 0.368965327739716 0.342877298593521 0.299248903989792 0.275093138217926 0.274253129959106
0.390667855739594 0.301295936107635 0.309344053268433 0.451219588518143 0.382463872432709 0.331990718841553 0.283332049846649 0.258365362882614 0.337624728679657 0.285907477140427 0.30610990524292 0.328014642000198 0.22026239335537 0.209170445799828 0.252750545740128 0.337624728679657 0.352617233991623 0.293957829475403 0.259024262428284 0.223915502429008 0.23737969994545 0.274253129959106 0.225686386227608 0.216252103447914 0.186044439673424 0.210589975118637 0.193600848317146 0.220570519566536 0.298365473747253 0.316313087940216 0.207345873117447 0.21984651684761 0.275093138217926 0.303264856338501 0.282318532466888 0.279762744903564 0.267578363418579 0.446347564458847 0.447045654058456 0.423837691545486 0.358233988285065 0.300133794546127 0.347642838954926 0.31358402967453 0.255708396434784 0.23540860414505
0.330506950616837 0.367848575115204 0.395703136920929 0.430436551570892 0.319215595722198 0.333113968372345 0.230560228228569 0.417895615100861 0.487964600324631 0.309041857719421 0.350949287414551 0.240738987922668 0.212679088115692 0.2386873960495 0.399666279554367 0.369147062301636 0.290469706058502 0.258215844631195 0.233584463596344 0.249018296599388 0.222752794623375 0.227904468774796 0.216498926281929 0.190555289387703 0.176656752824783 0.185824111104012 0.246660381555557 0.249341860413551 0.30227267742157 0.239489257335663 0.218652203679085 0.208039686083794 0.208039686083794 0.230137869715691 0.23540860414505 0.251391261816025 0.275534689426422 0.378299534320831 0.381816238164902 0.329214602708817 0.260219752788544 0.289614647626877 0.294846922159195 0.279665291309357 0.247766867280006 0.227163404226303
0.399682819843292 0.425220310688019 0.360035300254822 0.350378960371017 0.313930064439774 0.337064802646637 0.240685701370239 0.555893778800964 0.444963395595551 0.337624728679657 0.230863094329834 0.235636234283447 0.329377979040146 0.349030882120132 0.358413457870483 0.290469706058502 0.261459350585938 0.227600291371346 0.231327652931213 0.224216178059578 0.245416909456253 0.205963358283043 0.197143644094467 0.170011773705482 0.20503731071949 0.218403622508049 0.275934755802155 0.301384180784225 0.22175107896328 0.202727973461151 0.194012954831123 0.186863288283348 0.188611909747124 0.25171685218811 0.21984651684761 0.309064209461212 0.303688287734985 0.27125084400177 0.287373244762421 0.240762308239937 0.230137869715691 0.291352599859238 0.31449231505394 0.277124255895615 0.220096275210381 0.203902423381805
0.434520035982132 0.360035300254822 0.318423837423325 0.298639863729477 0.273675113916397 0.280430853366852 0.314838856458664 0.413981288671494 0.373542279005051 0.2296152561903 0.261826127767563 0.380474209785461 0.349735170602798 0.301357328891754 0.281004756689072 0.282711625099182 0.276377141475677 0.241217195987701 0.207799956202507 0.182873144745827 0.183504030108452 0.225686386227608 0.204587697982788 0.184136599302292 0.224216178059578 0.246198549866676 0.303162664175034 0.206305369734764 0.183817371726036 0.173306480050087 0.160416692495346 0.158599197864532 0.199153363704681 0.214115977287292 0.31449231505394 0.352896362543106 0.259210824966431 0.263815224170685 0.238722160458565 0.249341860413551 0.232386574149132 0.276777923107147 0.306737273931503 0.202727973461151 0.210832059383392 0.179918274283409
0.388667851686478 0.349419891834259 0.318423837423325 0.307545334100723 0.295878380537033 0.264442384243011 0.267735868692398 0.323016554117203 0.30473729968071 0.293249994516373 0.426234245300293 0.345208793878555 0.344956129789352 0.341790407896042 0.278066784143448 0.235097467899323 0.223915502429008 0.209889903664589 0.180151343345642 0.232078224420547 0.267590880393982 0.247766867280006 0.171804085373878 0.205274671316147 0.244636937975883 0.317600309848785 0.214003145694733 0.17819245159626 0.162127614021301 0.155371531844139 0.1325503885746 0.156205713748932 0.384267359972 0.345732897520065 0.373369187116623 0.304947018623352 0.224469467997551 0.267929941415787 0.258123189210892 0.287373244762421 0.241800636053085 0.227419048547745 0.206847593188286 0.183681175112724 0.194673106074333 0.174995064735413
0.334244251251221 0.310309112071991 0.345595806837082 0.337941199541092 0.358996123075485 0.312836199998856 0.232811808586121 0.282020092010498 0.263623058795929 0.318300038576126 0.423143774271011 0.378289937973022 0.318487107753754 0.300120383501053 0.301006764173508 0.233584463596344 0.210302621126175 0.241989746689796 0.252981543540955 0.273414731025696 0.234650552272797 0.197143644094467 0.203902423381805 0.23616835474968 0.308533400297165 0.262691259384155 0.163363054394722 0.145225137472153 0.131102755665779 0.143472358584404 0.177673831582069 0.284030228853226 0.39731565117836 0.350013256072998 0.311238437891006 0.27041819691658 0.203902423381805 0.283075392246246 0.236929789185524 0.313048988580704 0.26246240735054 0.235124558210373 0.186863288283348 0.197999462485313 0.207540184259415 0.1425501704216
0.440419942140579 0.449989557266235 0.381673187017441 0.261174947023392 0.330309987068176 0.329377979040146 0.242539301514626 0.248998746275902 0.2650987803936 0.401554107666016 0.345909476280212 0.308506160974503 0.2878697514534 0.272180914878845 0.254198521375656 0.248230651021004 0.233584463596344 0.272577941417694 0.248553529381752 0.223004922270775 0.203902423381805 0.220096275210381 0.24803826212883 0.277415931224823 0.284468412399292 0.16509921848774 0.128359019756317 0.113119944930077 0.171597063541412 0.255800485610962 0.293555468320847 0.333441376686096 0.319971591234207 0.312677204608917 0.281367182731628 0.224469467997551 0.21340736746788 0.25171685218811 0.255708396434784 0.316687226295471 0.255985528230667 0.26246240735054 0.216699466109276 0.20561583340168 0.147861704230309 0.105328686535358
0.578659236431122 0.422192931175232 0.286997824907303 0.248211145401001 0.290461301803589 0.257558286190033 0.22517092525959 0.293075054883957 0.319032162427902 0.381005614995956 0.281857401132584 0.28873485326767 0.283173590898514 0.267590880393982 0.261846333742142 0.225686386227608 0.224950432777405 0.23922424018383 0.261365950107574 0.210832059383392 0.248825490474701 0.249046459794044 0.238937020301819 0.29138371348381 0.186457335948944 0.132180422544479 0.104965895414352 0.165104240179062 0.261459350585938 0.276377141475677 0.307737648487091 0.295724302530289 0.274597495794296 0.273758441209793 0.249341860413551 0.197580963373184 0.24628834426403 0.337633848190308 0.377308428287506 0.356757193803787 0.285946547985077 0.259437829256058 0.223367258906364 0.147376552224159 0.107366427779198 0.0854183062911034
0.37968510389328 0.343495577573776 0.313561528921127 0.259984463453293 0.227882012724876 0.22419399023056 0.30700621008873 0.325852811336517 0.281857401132584 0.29794630408287 0.253779172897339 0.19892130792141 0.307737648487091 0.284789860248566 0.223209768533707 0.167937025427818 0.170306876301765 0.202727973461151 0.200836926698685 0.163363054394722 0.210478499531746 0.237571403384209 0.211989164352417 0.174054369330406 0.133150711655617 0.112312652170658 0.14192496240139 0.23737969994545 0.254578471183777 0.261846333742142 0.272577941417694 0.279317021369934 0.272085100412369 0.255708396434784 0.232386574149132 0.20503731071949 0.231327652931213 0.331569790840149 0.356757193803787 0.298149645328522 0.229273155331612 0.242958649992943 0.174054369330406 0.108593121170998 0.088097482919693 0.0781407281756401
0.323814332485199 0.316290497779846 0.266526252031326 0.257558286190033 0.308803170919418 0.289944291114807 0.266752868890762 0.269682437181473 0.272577941417694 0.231635302305222 0.208735212683678 0.199826672673225 0.209628194570541 0.187643155455589 0.190877854824066 0.216138452291489 0.180145964026451 0.19958820939064 0.189029172062874 0.179577201604843 0.171643152832985 0.178338184952736 0.177721202373505 0.132190376520157 0.101461857557297 0.164144739508629 0.244317516684532 0.246660381555557 0.254578471183777 0.246660381555557 0.241989746689796 0.284437745809555 0.290839403867722 0.246198549866676 0.214361026883125 0.218403622508049 0.23922424018383 0.254106819629669 0.338979095220566 0.238171145319939 0.265148490667343 0.187794849276543 0.12100787460804 0.103009775280952 0.0815541967749596 0.0711556002497673
0.331243306398392 0.296581357717514 0.255949109792709 0.316290497779846 0.368165731430054 0.293083488941193 0.278066784143448 0.256182014942169 0.233894199132919 0.20503731071949 0.261365950107574 0.203902423381805 0.262997180223465 0.275438159704208 0.275438159704208 0.282515466213226 0.256210684776306 0.280196905136108 0.219117984175682 0.173449069261551 0.206409245729446 0.246191799640656 0.185873165726662 0.1187833994627 0.10378348082304 0.211995244026184 0.249807626008987 0.248230651021004 0.248230651021004 0.227163404226303 0.238143816590309 0.297483593225479 0.267929941415787 0.225204318761826 0.219373390078545 0.227419048547745 0.240258023142815 0.229112729430199 0.269276410341263 0.230131417512894 0.170447498559952 0.140631809830666 0.101078115403652 0.123258799314499 0.0676106959581375 0.07197205722332
0.316473096609116 0.330309987068176 0.286997824907303 0.39865505695343 0.379018872976303 0.32920053601265 0.222453519701958 0.233584463596344 0.212700441479683 0.243539914488792 0.2818703353405 0.25171685218811 0.273758441209793 0.254382818937302 0.230605497956276 0.232105061411858 0.220455229282379 0.208488896489143 0.169852167367935 0.224944069981575 0.196964621543884 0.180835783481598 0.147387444972992 0.107356831431389 0.101453945040703 0.209191545844078 0.244636937975883 0.237692907452583 0.227163404226303 0.232386574149132 0.240762308239937 0.235670700669289 0.222275197505951 0.212944313883781 0.215271532535553 0.215984642505646 0.207689568400383 0.228528961539268 0.192338109016418 0.167499452829361 0.122339650988579 0.0995392352342606 0.132674798369408 0.0918796882033348 0.0686936154961586 0.0833171606063843
0.234877675771713 0.258579671382904 0.31720295548439 0.396498739719391 0.361006140708923 0.21739037334919 0.213488578796387 0.281465023756027 0.252185553312302 0.265941441059113 0.240762308239937 0.230395868420601 0.233399882912636 0.226886346936226 0.22467528283596 0.232857391238213 0.227786466479301 0.18454621732235 0.270285904407501 0.180199220776558 0.167499452829361 0.196298584342003 0.162274599075317 0.110218152403831 0.095839612185955 0.181616425514221 0.246198549866676 0.230885744094849 0.210131406784058 0.218652203679085 0.223736345767975 0.225940853357315 0.225410595536232 0.189578890800476 0.185722663998604 0.176439836621284 0.185818612575531 0.196241706609726 0.166326880455017 0.126007750630379 0.12462130934 0.104956477880478 0.117884114384651 0.0815401971340179 0.0742885172367096 0.0787241831421852
0.293717354536057 0.29634815454483 0.270393043756485 0.332369267940521 0.228342369198799 0.17075352370739 0.283567428588867 0.271346479654312 0.254198521375656 0.318619817495346 0.234650552272797 0.218403622508049 0.308164566755295 0.274597495794296 0.264918297529221 0.238171145319939 0.171501740813255 0.269276410341263 0.29070109128952 0.142682433128357 0.174661323428154 0.200262635946274 0.196964621543884 0.115728631615639 0.102225258946419 0.233139544725418 0.244636937975883 0.212238520383835 0.209432452917099 0.215784579515457 0.217932730913162 0.231894478201866 0.231354430317879 0.177668511867523 0.162787616252899 0.156056627631187 0.15885329246521 0.152220070362091 0.132653281092644 0.104517929255962 0.0914901867508888 0.116575129330158 0.101444810628891 0.0809108912944794 0.084768570959568 0.083140641450882
