output/projections/06_BA/Cassia ferruginea.asc
NCOLS 168 
NROWS 144 
XLLCORNER -41.0000000002598 
YLLCORNER -7.99999999976785 
CELLSIZE 0.0416666666664048 
NODATA_value -3.4e+38 
[rows 80 to 99 of 144, columns 92 to 137 of 168]
0.109306745231152 0.157477140426636 0.145670354366302 0.128318697214127 0.132139071822166 0.0984201207756996 0.112312652170658 0.103009775280952 0.0615040585398674 0.0697804391384125 0.0627432093024254 0.0644961595535278 0.0728214904665947 0.0762676298618317 0.0853406190872192 0.0616960674524307 0.084197148680687 0.0693024024367332 0.0648195743560791 0.0673313215374947 0.0672228038311005 0.0681607201695442 0.0721365064382553 0.0834280624985695 0.0805718600749969 0.0881660580635071 0.0874904915690422 0.100112065672874 0.104053758084774 0.10293310880661 0.140539854764938 0.168498426675797 0.236627459526062 0.254589170217514 0.327367544174194 0.33689671754837 0.330451458692551 0.325858980417252 0.359064400196075 0.364838123321533 0.416842371225357 0.435399085283279 0.444540709257126 0.510318577289581 0.542548894882202 0.548394560813904
0.119903668761253 0.180366441607475 0.179918274283409 0.144181489944458 0.126483887434006 0.116585448384285 0.106569193303585 0.0581585392355919 0.0632409378886223 0.0818640440702438 0.0697748064994812 0.0637371614575386 0.0811582431197166 0.0802199766039848 0.0956673324108124 0.0585982277989388 0.086386077105999 0.0679549425840378 0.0697537735104561 0.0760522037744522 0.0727029666304588 0.0742514953017235 0.0896225273609161 0.110512971878052 0.0968187674880028 0.0964507013559341 0.102157063782215 0.1223024725914 0.119612738490105 0.111848622560501 0.162564694881439 0.308214694261551 0.386335372924805 0.381731659173965 0.414367944002151 0.387293010950089 0.369630962610245 0.395517766475677 0.427282571792603 0.4700787961483 0.433467388153076 0.430363804101944 0.497226387262344 0.532976388931274 0.546642184257507 0.550534725189209
0.132931232452393 0.189905792474747 0.167937025427818 0.144702538847923 0.135109394788742 0.1187833994627 0.0831330046057701 0.0584152601659298 0.0634911730885506 0.0925638377666473 0.0821543186903 0.0827924236655235 0.0670647546648979 0.0906809642910957 0.102437756955624 0.0629278048872948 0.0939933136105537 0.0787268206477165 0.0767887607216835 0.0804485529661179 0.0755971893668175 0.0832976698875427 0.0987287238240242 0.138544991612434 0.126437112689018 0.119615159928799 0.133072912693024 0.156454458832741 0.161528050899506 0.185691818594933 0.210311993956566 0.353320062160492 0.346198916435242 0.297771900892258 0.362780928611755 0.385482996702194 0.449989557266235 0.503579497337341 0.478426307439804 0.498502999544144 0.542670071125031 0.553108036518097 0.548503756523132 0.556858539581299 0.552284359931946 0.551701307296753
0.147137582302094 0.173780962824821 0.163276374340057 0.161641612648964 0.144225984811783 0.0900979861617088 0.0730931013822556 0.0632025748491287 0.0642362013459206 0.0695072486996651 0.0742825493216515 0.077811673283577 0.0660172179341316 0.0855992063879967 0.106781378388405 0.0683554485440254 0.0641824454069138 0.0666318014264107 0.0700278580188751 0.0704656541347504 0.0880542248487473 0.0700195506215096 0.129257768392563 0.193464338779449 0.163320183753967 0.140031352639198 0.162673398852348 0.183667048811913 0.231147095561028 0.240456625819206 0.245888203382492 0.25634491443634 0.247701600193977 0.258864223957062 0.298706829547882 0.306711256504059 0.353263437747955 0.399737477302551 0.372689545154572 0.433540254831314 0.411865144968033 0.445931613445282 0.537354052066803 0.557052493095398 0.568847417831421 0.578649699687958
0.17210166156292 0.172793880105019 0.123724572360516 0.111464761197567 0.0867006704211235 0.0719586759805679 0.0708405077457428 0.058622170239687 0.0593498311936855 0.0543781407177448 0.0552616752684116 0.0614890344440937 0.0770989060401917 0.0795334801077843 0.107335366308689 0.0878430157899857 0.069574847817421 0.0708560943603516 0.0727072656154633 0.0717255771160126 0.0757136717438698 0.078818567097187 0.0883239433169365 0.143136367201805 0.159360736608505 0.141591981053352 0.181896910071373 0.192807286977768 0.261650085449219 0.240602448582649 0.245254963636398 0.236866489052773 0.246916756033897 0.313768029212952 0.312067806720734 0.323081463575363 0.339897036552429 0.319339603185654 0.315684974193573 0.339897036552429 0.409895807504654 0.571788668632507 0.567152798175812 0.558021903038025 0.562475383281708 0.586676239967346
0.187001302838326 0.115297853946686 0.0769273489713669 0.0766284838318825 0.107366427779198 0.122813232243061 0.0686521828174591 0.0595856532454491 0.0825001001358032 0.0976426228880882 0.0757200494408607 0.0762676298618317 0.0878430157899857 0.105730108916759 0.12860119342804 0.099141962826252 0.0781173855066299 0.0804532766342163 0.0766468718647957 0.081513874232769 0.0813026577234268 0.0910779908299446 0.123666763305664 0.178239405155182 0.161062553524971 0.14573860168457 0.14365142583847 0.168607085943222 0.20774233341217 0.1955676227808 0.205021113157272 0.198905467987061 0.233121767640114 0.272065430879593 0.304033070802689 0.403736144304276 0.415010124444962 0.39771580696106 0.501665234565735 0.562473297119141 0.585547029972076 0.593724071979523 0.604107260704041 0.581179440021515 0.583091259002686 0.607136130332947
0.111474685370922 0.0976743996143341 0.112697646021843 0.14152255654335 0.173306480050087 0.152208879590034 0.071397565305233 0.0689518377184868 0.0722841769456863 0.0645013973116875 0.0728214904665947 0.0768638402223587 0.0807769298553467 0.0972749590873718 0.107169784605503 0.116808384656906 0.0882643982768059 0.0854307785630226 0.0826591178774834 0.0805718600749969 0.0875797942280769 0.135550513863564 0.151608154177666 0.14365142583847 0.143133535981178 0.140567377209663 0.140058785676956 0.148382872343063 0.153790175914764 0.15433968603611 0.170384377241135 0.173990190029144 0.197561576962471 0.24618011713028 0.289950102567673 0.35906970500946 0.425281584262848 0.436649203300476 0.482693046331406 0.401691228151321 0.442808538675308 0.539449751377106 0.553364813327789 0.558797121047974 0.567304670810699 0.606386065483093
0.0965652540326118 0.150996327400208 0.175126194953918 0.163363054394722 0.162213802337646 0.114013880491257 0.0760339498519897 0.071720726788044 0.0828198119997978 0.088400736451149 0.0805316269397736 0.0917293801903725 0.0941173434257507 0.089891292154789 0.102423913776875 0.106978259980679 0.0976884663105011 0.089811809360981 0.082021951675415 0.0912647470831871 0.0896225273609161 0.141589194536209 0.144170880317688 0.118696540594101 0.108921349048615 0.113930061459541 0.120919607579708 0.115213215351105 0.130685478448868 0.132613450288773 0.142620012164116 0.192927986383438 0.180133268237114 0.192268759012222 0.219103276729584 0.247744053602219 0.286485552787781 0.35712605714798 0.361007362604141 0.403790980577469 0.513256907463074 0.529032707214355 0.538475871086121 0.524754643440247 0.552587747573853 0.575196743011475
0.128318697214127 0.194815516471863 0.154949247837067 0.133160725235939 0.101461857557297 0.132180422544479 0.0947491228580475 0.0778437778353691 0.112213507294655 0.109306745231152 0.0953815057873726 0.084033340215683 0.0905835554003716 0.113373346626759 0.102423913776875 0.0903215259313583 0.0974879488348961 0.0991305634379387 0.0908007025718689 0.0825712904334068 0.109742492437363 0.141589194536209 0.112659379839897 0.0979809165000916 0.100266367197037 0.170278057456017 0.142620012164116 0.137042239308357 0.12736888229847 0.127371430397034 0.169163703918457 0.23157300055027 0.196231782436371 0.211275190114975 0.262113004922867 0.296891003847122 0.383487373590469 0.474088698625565 0.490931659936905 0.490009039640427 0.484742075204849 0.53527420759201 0.592396318912506 0.598265826702118 0.610293090343475 0.623664498329163
0.148439317941666 0.151665598154068 0.1187833994627 0.0999346002936363 0.128359019756317 0.153300225734711 0.0954748764634132 0.087086595594883 0.0837857127189636 0.12124489992857 0.150728598237038 0.0935009643435478 0.0919825062155724 0.103984817862511 0.116601891815662 0.103798322379589 0.0882592648267746 0.118108741939068 0.101641722023487 0.088255986571312 0.111013680696487 0.139048978686333 0.111850902438164 0.105720713734627 0.127343565225601 0.142074659466743 0.134538918733597 0.121402613818645 0.114816598594189 0.151511415839195 0.256792366504669 0.250759154558182 0.237629473209381 0.254840284585953 0.265436857938766 0.336072504520416 0.402721554040909 0.495147109031677 0.536192417144775 0.583941042423248 0.616384863853455 0.619168519973755 0.612443506717682 0.596375405788422 0.600718975067139 0.618856430053711
0.146320074796677 0.109001934528351 0.0954748764634132 0.115682862699032 0.267388790845871 0.162262797355652 0.0999346002936363 0.114005118608475 0.120066531002522 0.113479800522327 0.116389602422714 0.107880033552647 0.104935444891453 0.109203718602657 0.124401427805424 0.123666197061539 0.0950650423765182 0.109275698661804 0.141591981053352 0.10692036896944 0.116082698106766 0.132920369505882 0.137728035449982 0.207242846488953 0.122588910162449 0.18457056581974 0.155793786048889 0.116082698106766 0.132435187697411 0.219590350985527 0.319105952978134 0.207049235701561 0.196897640824318 0.213390678167343 0.268688946962357 0.288217097520828 0.378638982772827 0.419049322605133 0.47211742401123 0.497448951005936 0.619909584522247 0.615981876850128 0.642408728599548 0.637488961219788 0.639303267002106 0.626427412033081
0.123258799314499 0.108993507921696 0.103391967713833 0.222023665904999 0.33146259188652 0.143198952078819 0.100314490497112 0.119178473949432 0.163276374340057 0.120960295200348 0.10566670447588 0.100135058164597 0.113972380757332 0.119887784123421 0.125785768032074 0.118286594748497 0.107861615717411 0.0967449620366096 0.115245811641216 0.175241231918335 0.126729279756546 0.216326177120209 0.228724300861359 0.145567893981934 0.214900031685829 0.292364448308945 0.217430397868156 0.147351577877998 0.319852292537689 0.317695021629333 0.343905746936798 0.217625126242638 0.221963196992874 0.258056133985519 0.243063762784004 0.25568950176239 0.292561143636703 0.375667661428452 0.397721320390701 0.395703136920929 0.420137196779251 0.515363335609436 0.526931166648865 0.571007430553436 0.566959857940674 0.570429801940918
0.124133765697479 0.151537641882896 0.145146414637566 0.281367182731628 0.250626891851425 0.123724572360516 0.113579928874969 0.118736580014229 0.177443280816078 0.158037349581718 0.121694840490818 0.110339000821114 0.139358878135681 0.122367553412914 0.119436904788017 0.113110803067684 0.110844872891903 0.101334236562252 0.119588755071163 0.182150527834892 0.272469222545624 0.330296665430069 0.222099155187607 0.304177790880203 0.389961063861847 0.398895710706711 0.220592081546783 0.218148663640022 0.281534790992737 0.312320947647095 0.270708560943604 0.229982942342758 0.216908097267151 0.230075836181641 0.259673982858658 0.296891003847122 0.324878454208374 0.31393501162529 0.283055245876312 0.422003835439682 0.54143100976944 0.622683346271515 0.614493548870087 0.582683205604553 0.604767978191376 0.63348376750946
0.14593517780304 0.220570519566536 0.2818703353405 0.274283111095428 0.125564679503441 0.112312652170658 0.159727722406387 0.184948951005936 0.147667467594147 0.159569174051285 0.146989345550537 0.114546403288841 0.125329852104187 0.13734082877636 0.123209990561008 0.138438776135445 0.119581490755081 0.127840802073479 0.150019973516464 0.358381152153015 0.439031481742859 0.365669399499893 0.276856184005737 0.255453765392303 0.37985160946846 0.243881776928902 0.219376057386398 0.192028060555458 0.21914567053318 0.25040790438652 0.188335716724396 0.183233618736267 0.168607085943222 0.170387625694275 0.219064310193062 0.214099258184433 0.21480955183506 0.253242284059525 0.369444996118546 0.569074094295502 0.609112203121185 0.6161989569664 0.598363280296326 0.591220080852509 0.641686260700226 0.649955451488495
0.275240689516068 0.627460122108459 0.381816238164902 0.245292723178864 0.119225442409515 0.120512701570988 0.195149272680283 0.162577509880066 0.1567622423172 0.168030768632889 0.154906809329987 0.134378403425217 0.142413020133972 0.198629215359688 0.126587808132172 0.105556830763817 0.139968201518059 0.206887036561966 0.294535994529724 0.60616260766983 0.51131683588028 0.316194534301758 0.383671522140503 0.263525128364563 0.22246327996254 0.162744864821434 0.182525187730789 0.184420108795166 0.170278057456017 0.157640218734741 0.187612071633339 0.14942267537117 0.202841803431511 0.220420181751251 0.207049235701561 0.215390503406525 0.298377305269241 0.343341499567032 0.512595951557159 0.59064120054245 0.568302869796753 0.545615315437317 0.544569790363312 0.645799279212952 0.640963077545166 0.649955451488495
0.786834239959717 0.694681227207184 0.357154160737991 0.168076083064079 0.151619210839272 0.126910507678986 0.120892867445946 0.142810270190239 0.155459582805634 0.154130056500435 0.17047007381916 0.120780400931835 0.151244550943375 0.125658392906189 0.119078442454338 0.125046625733376 0.291043877601624 0.461134135723114 0.477935075759888 0.61618185043335 0.533404469490051 0.299703359603882 0.246704071760178 0.210610821843147 0.162673398852348 0.144663706421852 0.125944539904594 0.124558694660664 0.134969368577003 0.181151881814003 0.136514812707901 0.175096735358238 0.168498426675797 0.221008077263832 0.196775078773499 0.292013883590698 0.326439797878265 0.342391520738602 0.387293010950089 0.441459327936172 0.425927639007568 0.533896028995514 0.652328193187714 0.643097996711731 0.647056698799133 0.639514863491058
0.824633479118347 0.585547029972076 0.29138371348381 0.12883149087429 0.139485895633698 0.128247752785683 0.10597974807024 0.249946266412735 0.163540899753571 0.372145920991898 0.200201347470284 0.258864223957062 0.159357666969299 0.143654257059097 0.301592886447906 0.3774753510952 0.539896965026855 0.660050868988037 0.659334361553192 0.619168877601624 0.456754177808762 0.329364687204361 0.213546499609947 0.206196054816246 0.341582953929901 0.143979668617249 0.113884083926678 0.163962319493294 0.175241231918335 0.214137077331543 0.155240058898926 0.155793786048889 0.164873763918877 0.241031348705292 0.204764753580093 0.251994073390961 0.275731861591339 0.312458962202072 0.413018852472305 0.466985076665878 0.573907077312469 0.657875180244446 0.674111664295197 0.669411480426788 0.648312091827393 0.672707676887512
0.631654739379883 0.514568567276001 0.166264861822128 0.140501141548157 0.11518757045269 0.138556852936745 0.240581437945366 0.292400717735291 0.330232828855515 0.661641120910645 0.712097764015198 0.432810992002487 0.360322505235672 0.429898172616959 0.662883281707764 0.65244197845459 0.673281669616699 0.733847618103027 0.688568651676178 0.600535273551941 0.353424966335297 0.298507750034332 0.188829660415649 0.481640815734863 0.197712391614914 0.174734070897102 0.195372760295868 0.283718436956406 0.244717687368393 0.271820098161697 0.153449177742004 0.175241231918335 0.263157814741135 0.269611865282059 0.232649117708206 0.255732268095016 0.335238337516785 0.43631175160408 0.509747862815857 0.56005334854126 0.59133505821228 0.64982008934021 0.628057539463043 0.629251182079315 0.629490792751312 0.690107583999634
0.33201390504837 0.251991122961044 0.128719881176949 0.163567081093788 0.122925825417042 0.159133955836296 0.340848833322525 0.218382745981216 0.28224590420723 0.361766368150711 0.507743179798126 0.664053499698639 0.731065332889557 0.732048511505127 0.766933143138885 0.620670974254608 0.675538659095764 0.675245404243469 0.387923419475555 0.504949033260345 0.550105631351471 0.288022130727768 0.339199364185333 0.522725760936737 0.403076171875 0.484971433877945 0.383832424879074 0.292364448308945 0.384830087423325 0.314374089241028 0.185598164796829 0.266441136598587 0.298018455505371 0.27682501077652 0.254130572080612 0.305524289608002 0.362637728452682 0.407526403665543 0.43878561258316 0.486967325210571 0.5542111992836 0.556293547153473 0.475725114345551 0.660150825977325 0.587839186191559 0.6161989569664
0.202047348022461 0.132066339254379 0.144365698099136 0.167201220989227 0.142936557531357 0.194633111357689 0.420519888401031 0.409261584281921 0.245107218623161 0.318935751914978 0.74170446395874 0.795329630374908 0.56534206867218 0.637942433357239 0.52300101518631 0.431643933057785 0.364093959331512 0.317726999521255 0.356444448232651 0.303400129079819 0.452025949954987 0.298052430152893 0.472677618265152 0.58491450548172 0.459861427545547 0.397722184658051 0.323532342910767 0.268310338258743 0.368830412626266 0.241288751363754 0.291800081729889 0.305934190750122 0.28668001294136 0.261891812086105 0.277669876813889 0.317276567220688 0.340535521507263 0.384338080883026 0.384721398353577 0.418138921260834 0.445024579763412 0.432896286249161 0.461741536855698 0.675797045230865 0.581435739994049 0.727121949195862
