output/projections/06_BA/Cassia ferruginea.asc
NCOLS 168 
NROWS 144 
XLLCORNER -41.0000000002598 
YLLCORNER -7.99999999976785 
CELLSIZE 0.0416666666664048 
NODATA_value -3.4e+38 
[rows 20 to 39 of 144, columns 0 to 45 of 168]
0.507555425167084 0.514764904975891 0.533758819103241 0.535909652709961 0.473849534988403 0.535323202610016 0.515550136566162 0.515942692756653 0.513512492179871 0.531998157501221 0.524612367153168 0.540402412414551 0.54488867521286 0.539426267147064 0.545278429985046 0.549562156200409 0.545083522796631 0.54917299747467 0.558106958866119 0.559075891971588 0.548589169979095 0.556749701499939 0.559269607067108 0.556749701499939 0.539834439754486 0.54022490978241 0.54002970457077 0.540420114994049 0.541005671024323 0.541786193847656 0.559463322162628 0.559463322162628 0.559850692749023 0.560044348239899 0.560431659221649 0.560818791389465 0.561012387275696 0.561399459838867 0.561979949474335 0.561786472797394 0.562366843223572 0.562947034835815 0.563333749771118 0.563720345497131 0.5641068816185 0.564493358135223
0.505447626113892 0.535518705844879 0.53923100233078 0.538449823856354 0.464399337768555 0.534541130065918 0.532193839550018 0.535714209079742 0.501442670822144 0.53434556722641 0.534150004386902 0.533563256263733 0.54079282283783 0.536496043205261 0.540012001991272 0.547810554504395 0.540987968444824 0.546836972236633 0.553061604499817 0.560238003730774 0.517709016799927 0.546057820320129 0.573275208473206 0.552672982215881 0.559657037258148 0.557137608528137 0.536904573440552 0.539834439754486 0.541005671024323 0.541981279850006 0.542956650257111 0.543346643447876 0.543931603431702 0.544321537017822 0.544711410999298 0.544711410999298 0.561979949474335 0.561979949474335 0.562366843223572 0.562947034835815 0.562560260295868 0.562753617763519 0.563527047634125 0.580564737319946 0.5641068816185 0.564300119876862
0.532780766487122 0.533172011375427 0.538645148277283 0.542938947677612 0.456020355224609 0.524612367153168 0.539816796779633 0.531998157501221 0.529280185699463 0.477214753627777 0.55491828918457 0.528006076812744 0.555500566959381 0.539816796779633 0.538840413093567 0.558603346347809 0.542938947677612 0.544303894042969 0.550729155540466 0.55558568239212 0.494907319545746 0.558603346347809 0.549756705760956 0.545083522796631 0.553450107574463 0.555391669273376 0.551701307296753 0.557331502437592 0.540810465812683 0.536904573440552 0.543151676654816 0.543931603431702 0.544321537017822 0.545101165771484 0.5452960729599 0.545685768127441 0.546075403690338 0.562947034835815 0.546270251274109 0.563527047634125 0.563720345497131 0.564493358135223 0.56468653678894 0.581521332263947 0.565072894096375 0.565459191799164
0.534736633300781 0.531998157501221 0.539621531963348 0.547031700611115 0.490691900253296 0.503550708293915 0.555888652801514 0.548698425292969 0.538059175014496 0.50671261548996 0.489849239587784 0.553170561790466 0.528006076812744 0.554530024528503 0.553364813327789 0.557828068733215 0.559959352016449 0.538645148277283 0.552478671073914 0.549951195716858 0.45706644654274 0.535714209079742 0.558797121047974 0.562862157821655 0.548199892044067 0.54488867521286 0.54917299747467 0.547615885734558 0.529275417327881 0.539443969726562 0.534949898719788 0.533972144126892 0.544906318187714 0.545685768127441 0.546659827232361 0.547244071960449 0.54743880033493 0.547244071960449 0.547633469104767 0.547828197479248 0.547828197479248 0.548022866249084 0.565459191799164 0.565652310848236 0.566231489181519 0.566231489181519
0.533172011375427 0.534150004386902 0.56460177898407 0.573275208473206 0.453929305076599 0.523703038692474 0.560346662998199 0.509873926639557 0.556858539581299 0.556858539581299 0.463560700416565 0.548089861869812 0.548089861869812 0.549476742744446 0.553947508335114 0.556082665920258 0.558990836143494 0.535518705844879 0.566918790340424 0.545278429985046 0.424857676029205 0.527368903160095 0.555112361907959 0.558409512042999 0.556470632553101 0.56189501285553 0.547615885734558 0.514961183071136 0.545278429985046 0.550340235233307 0.533580958843231 0.536904573440552 0.543151676654816 0.549385190010071 0.547244071960449 0.548217535018921 0.548801422119141 0.548996031284332 0.548801422119141 0.549190640449524 0.549385190010071 0.549774289131165 0.549774289131165 0.549774289131165 0.550163328647614 0.550357818603516
0.558797121047974 0.559959352016449 0.596779346466064 0.555973768234253 0.452884376049042 0.461464405059814 0.582135677337646 0.551227152347565 0.557440280914307 0.558797121047974 0.48037126660347 0.52580600976944 0.520547032356262 0.546189486980438 0.569851934909821 0.556858539581299 0.549282193183899 0.55491828918457 0.562281966209412 0.548783838748932 0.394281029701233 0.512123644351959 0.554530024528503 0.554335832595825 0.554530024528503 0.538449823856354 0.537082314491272 0.511981070041656 0.540207207202911 0.541768550872803 0.532211542129517 0.530645906925201 0.53318977355957 0.552690625190735 0.551913261413574 0.551718890666962 0.549968838691711 0.550552308559418 0.550357818603516 0.550552308559418 0.550357818603516 0.55074679851532 0.550941228866577 0.551524519920349 0.551524519920349 0.551718890666962
0.588430881500244 0.594886720180511 0.586676239967346 0.528296291828156 0.439341455698013 0.506855249404907 0.581179440021515 0.557634174823761 0.580414056777954 0.540987968444824 0.495118349790573 0.493010520935059 0.536305725574493 0.507909059524536 0.531059324741364 0.568117260932922 0.567152798175812 0.57216215133667 0.578882098197937 0.562475383281708 0.394281029701233 0.459511160850525 0.54986584186554 0.550254881381989 0.55278205871582 0.553559064865112 0.532976388931274 0.461254596710205 0.536496043205261 0.543133974075317 0.547421157360077 0.513512492179871 0.52535754442215 0.556943655014038 0.570088088512421 0.555797338485718 0.556573331356049 0.554632782936096 0.553467690944672 0.552884876728058 0.552301943302155 0.552107632160187 0.552690625190735 0.552690625190735 0.552690625190735 0.552884876728058
0.586526215076447 0.606573641300201 0.55655574798584 0.547810554504395 0.486477822065353 0.470907390117645 0.577732086181641 0.579073667526245 0.592042446136475 0.534736633300781 0.489849239587784 0.557052493095398 0.532976388931274 0.486831277608871 0.532109200954437 0.521673262119293 0.572546899318695 0.579073667526245 0.55083829164505 0.491956681013107 0.396296739578247 0.39448270201683 0.547891438007355 0.548503756523132 0.550060391426086 0.549671292304993 0.528643190860748 0.466707527637482 0.536300599575043 0.542548894882202 0.479108184576035 0.513512492179871 0.545668125152588 0.554032742977142 0.561979949474335 0.546465039253235 0.553467690944672 0.560449182987213 0.536854207515717 0.557736814022064 0.555603265762329 0.554632782936096 0.554438650608063 0.554632782936096 0.554438650608063 0.554438650608063
0.582135677337646 0.608073055744171 0.556749701499939 0.549562156200409 0.531998157501221 0.486688762903214 0.576581239700317 0.592801570892334 0.562088489532471 0.550449371337891 0.552199065685272 0.571007430553436 0.561314523220062 0.458322554826736 0.538475871086121 0.476305276155472 0.5870720744133 0.58290022611618 0.464751273393631 0.572546899318695 0.373344719409943 0.372689545154572 0.536379516124725 0.559777915477753 0.544287741184235 0.552199065685272 0.461464405059814 0.516336500644684 0.542158722877502 0.477004110813141 0.51935225725174 0.540012001991272 0.545862972736359 0.532994151115417 0.534363269805908 0.53651374578476 0.542371451854706 0.554438650608063 0.541395962238312 0.56102991104126 0.543101370334625 0.559093415737152 0.557542979717255 0.556185364723206 0.556185364723206 0.556185364723206
0.58690732717514 0.606761157512665 0.580756068229675 0.551701307296753 0.53336763381958 0.527368903160095 0.574277102947235 0.621263444423676 0.566918790340424 0.550643861293793 0.564215302467346 0.552393436431885 0.566725790500641 0.493010520935059 0.435539364814758 0.522725284099579 0.568688869476318 0.591067254543304 0.549979388713837 0.543653547763824 0.332926422357559 0.318300038576126 0.524834394454956 0.580698251724243 0.57158488035202 0.54986584186554 0.370390206575394 0.551615953445435 0.530553877353668 0.451004832983017 0.536300599575043 0.546057820320129 0.544303894042969 0.527512788772583 0.53475433588028 0.532994151115417 0.539834439754486 0.537295401096344 0.535145401954651 0.550357818603516 0.55482691526413 0.566055953502655 0.546609580516815 0.560061872005463 0.559287190437317 0.558124542236328
0.597913563251495 0.579798996448517 0.556943655014038 0.553838551044464 0.535714209079742 0.531606793403625 0.555694580078125 0.591282963752747 0.562862157821655 0.553170561790466 0.611974060535431 0.57308292388916 0.55491828918457 0.544287741184235 0.434503078460693 0.588032603263855 0.530026376247406 0.53527420759201 0.662790715694427 0.572354555130005 0.286135822534561 0.340843677520752 0.561373710632324 0.606644988059998 0.569851934909821 0.479318886995316 0.395490288734436 0.530553877353668 0.397305905818939 0.433327287435532 0.561314523220062 0.547810554504395 0.505447626113892 0.547421157360077 0.554809331893921 0.529275417327881 0.53318977355957 0.554226934909821 0.533580958843231 0.562366843223572 0.550552308559418 0.554050326347351 0.567213892936707 0.54212611913681 0.562190890312195 0.561223447322845
0.572505950927734 0.549756705760956 0.579990446567535 0.559850692749023 0.550923645496368 0.535714209079742 0.53336763381958 0.581944465637207 0.551615953445435 0.604295194149017 0.623295485973358 0.592611789703369 0.560927450656891 0.575045526027679 0.502639353275299 0.433540254831314 0.41398686170578 0.466537475585938 0.759511768817902 0.567538619041443 0.270056545734406 0.323016554117203 0.591220080852509 0.564183115959167 0.496172338724136 0.405410081148148 0.46041676402092 0.433119982481003 0.38525578379631 0.438511043787003 0.559572041034698 0.482476502656937 0.521456837654114 0.562668800354004 0.572698295116425 0.528100430965424 0.542743921279907 0.551701307296753 0.551506876945496 0.54002970457077 0.529667019844055 0.577775418758392 0.555215120315552 0.562771141529083 0.536658763885498 0.54212611913681
0.572546899318695 0.628726482391357 0.641294419765472 0.614024996757507 0.631928384304047 0.545862972736359 0.537354052066803 0.547891438007355 0.631321966648102 0.691953420639038 0.643641293048859 0.642017245292664 0.583855330944061 0.584402203559875 0.589166224002838 0.583043813705444 0.5655837059021 0.455404788255692 0.604392230510712 0.398518294095993 0.265921026468277 0.503773272037506 0.553108036518097 0.478266716003418 0.412748545408249 0.394281029701233 0.442459493875504 0.383260607719421 0.44370824098587 0.478266716003418 0.44162780046463 0.423004508018494 0.528958737850189 0.559184610843658 0.5711590051651 0.552090048789978 0.532780766487122 0.551506876945496 0.556167781352997 0.529275417327881 0.521828711032867 0.583432674407959 0.552496314048767 0.545101165771484 0.562771141529083 0.546220004558563
0.688444972038269 0.619508028030396 0.550966382026672 0.835405349731445 0.641743361949921 0.5577192902565 0.535518705844879 0.503550708293915 0.583638429641724 0.585737764835358 0.671321868896484 0.734630584716797 0.652810990810394 0.617839336395264 0.620248794555664 0.589166224002838 0.570814907550812 0.539449751377106 0.39448270201683 0.26922619342804 0.434576004743576 0.551022708415985 0.462654232978821 0.404597491025925 0.350949287414551 0.45622980594635 0.463560700416565 0.351910293102264 0.45622980594635 0.48037126660347 0.404597491025925 0.467757076025009 0.407648235559464 0.570429801940918 0.566339790821075 0.561701536178589 0.471747636795044 0.54059761762619 0.550729155540466 0.539621531963348 0.539426267147064 0.548589169979095 0.565652310848236 0.545685768127441 0.556185364723206 0.52530699968338
0.623206198215485 0.51219779253006 0.599028527736664 0.810881614685059 0.640658497810364 0.57135146856308 0.58190381526947 0.538645148277283 0.536305725574493 0.608518838882446 0.638575732707977 0.744981527328491 0.65934032201767 0.696291863918304 0.578307211399078 0.566959857940674 0.537354052066803 0.553108036518097 0.310845404863358 0.28287461400032 0.59203827381134 0.47315114736557 0.450102299451828 0.376506924629211 0.367641597986221 0.501585304737091 0.384257704019547 0.326404392719269 0.464751273393631 0.427126079797745 0.372556149959564 0.472100228071213 0.435539364814758 0.497369021177292 0.550060391426086 0.551421582698822 0.532585144042969 0.522508919239044 0.532976388931274 0.53434556722641 0.503550708293915 0.567304670810699 0.561592996120453 0.542371451854706 0.516873419284821 0.499589323997498
0.559147834777832 0.606457412242889 0.628359496593475 0.626795172691345 0.599612951278687 0.579032897949219 0.58705735206604 0.549951195716858 0.539621531963348 0.520547032356262 0.5143101811409 0.694981098175049 0.690611600875854 0.617186605930328 0.571199953556061 0.47315114736557 0.536322891712189 0.565415501594543 0.282703369855881 0.450175762176514 0.423216223716736 0.491119652986526 0.411865144968033 0.402704983949661 0.401554107666016 0.44370824098587 0.341406613588333 0.336871027946472 0.411726951599121 0.353065311908722 0.360807299613953 0.374663114547729 0.359966933727264 0.396706283092499 0.606287062168121 0.57158488035202 0.54986584186554 0.478266716003418 0.528958737850189 0.551421582698822 0.430223941802979 0.583664357662201 0.577307760715485 0.536709129810333 0.497821003198624 0.504393696784973
0.510096430778503 0.675663709640503 0.745887935161591 0.705354630947113 0.6197829246521 0.628081202507019 0.585341572761536 0.541378259658813 0.589952766895294 0.511070132255554 0.485795229673386 0.861402094364166 0.941829264163971 0.917048215866089 0.680788099765778 0.550060391426086 0.479318886995316 0.389257669448853 0.287861377000809 0.325663447380066 0.329504013061523 0.472174197435379 0.391601294279099 0.406768172979355 0.433467388153076 0.382463872432709 0.331243306398392 0.310123533010483 0.358996123075485 0.308443993330002 0.284704506397247 0.385607242584229 0.284769624471664 0.7421555519104 0.793509483337402 0.699423432350159 0.520621120929718 0.535330832004547 0.510016560554504 0.513177037239075 0.467757076025009 0.561508059501648 0.552478671073914 0.501947104930878 0.423554718494415 0.499123424291611
0.529696822166443 0.737719118595123 0.779568433761597 0.65387898683548 0.631745517253876 0.583623707294464 0.550729155540466 0.537473082542419 0.462512403726578 0.518129050731659 0.856091737747192 0.94182813167572 0.95145046710968 0.941570401191711 0.886312246322632 0.728224277496338 0.528958737850189 0.328261137008667 0.322891801595688 0.29940402507782 0.328573197126389 0.388591855764389 0.393612176179886 0.42108678817749 0.325663447380066 0.394618988037109 0.295878380537033 0.265263319015503 0.264553368091583 0.255685120820999 0.223466396331787 0.731200754642487 0.564715564250946 0.744818270206451 0.892978847026825 0.80399352312088 0.629251182079315 0.599307358264923 0.466849535703659 0.489991813898087 0.550254881381989 0.503339648246765 0.49806934595108 0.400070250034332 0.446623891592026 0.517316520214081
0.859917521476746 0.761884689331055 0.65102756023407 0.611040472984314 0.570003569126129 0.567883372306824 0.570773899555206 0.545555710792542 0.396498739719391 0.655750095844269 0.929758489131927 0.935783565044403 0.944317221641541 0.938454270362854 0.927989900112152 0.664698660373688 0.391264259815216 0.27760174870491 0.301175862550735 0.325788766145706 0.319339603185654 0.449138045310974 0.444963395595551 0.32751801609993 0.296876609325409 0.317509472370148 0.243781372904778 0.300423592329025 0.226270869374275 0.516721844673157 0.672623991966248 0.720153391361237 0.831422865390778 0.936159193515778 0.923229157924652 0.730413556098938 0.69518107175827 0.398726224899292 0.511150062084198 0.538475871086121 0.549476742744446 0.478056043386459 0.3671855032444 0.344956129789352 0.440380275249481 0.514568567276001
0.937921285629272 0.800507009029388 0.602978944778442 0.566380858421326 0.532188773155212 0.745738983154297 0.646340727806091 0.495118349790573 0.427265703678131 0.400694906711578 0.834494769573212 0.876244068145752 0.792864859104156 0.797219038009644 0.695443153381348 0.504747331142426 0.314469754695892 0.294124603271484 0.255520105361938 0.345595806837082 0.331435471773148 0.463782101869583 0.345528692007065 0.291623204946518 0.248475253582001 0.287348181009293 0.193581745028496 0.475096374750137 0.294019877910614 0.428641110658646 0.693741500377655 0.666229605674744 0.911302149295807 0.923083662986755 0.859500765800476 0.814216732978821 0.652692914009094 0.460632234811783 0.413909286260605 0.357895314693451 0.510016560554504 0.422798454761505 0.293717354536057 0.354800492525101 0.426094710826874 0.498280435800552
