output/projections/06_BA/Myrcia silvatica.asc
NCOLS 168 
NROWS 144 
XLLCORNER -41.0000000002598 
YLLCORNER -7.99999999976785 
CELLSIZE 0.0416666666664048 
NODATA_value -3.4e+38 
[rows 80 to 99 of 144, columns 90 to 134 of 168]
0.0385700762271881 0.0347306653857231 0.0441227592527866 0.0638378858566284 0.0626861602067947 0.0549408122897148 0.0565779656171799 0.0421895794570446 0.0512921027839184 0.0501689985394478 0.0274794176220894 0.03327402099967 0.0300959013402462 0.0310223456472158 0.0368040353059769 0.038644514977932 0.0445504225790501 0.0338580533862114 0.043703630566597 0.0388925783336163 0.036541473120451 0.0407882370054722 0.0417045839130878 0.0433329790830612 0.046896543353796 0.0551538243889809 0.059176255017519 0.0629256516695023 0.069124236702919 0.0831592530012131 0.0900870636105537 0.0930641368031502 0.139807760715485 0.171681299805641 0.252977669239044 0.281177371740341 0.376631438732147 0.392690539360046 0.397374480962753 0.395087212324142 0.443597346544266 0.456224530935287 0.539934277534485 0.553143441677094 0.577607333660126
0.0309911854565144 0.0373459607362747 0.0485953651368618 0.0763613060116768 0.0770606845617294 0.0628852024674416 0.0576940216124058 0.0497914329171181 0.0485197342932224 0.0277927834540606 0.0283276718109846 0.038903746753931 0.0334464348852634 0.0306737162172794 0.038965005427599 0.0405163764953613 0.049079418182373 0.0301249958574772 0.0450295135378838 0.0381255075335503 0.0393860191106796 0.0432996042072773 0.0425477102398872 0.0467601642012596 0.0586672462522984 0.0746931359171867 0.0671626478433609 0.0740996301174164 0.0764896795153618 0.10244906693697 0.105618268251419 0.104670003056526 0.152935832738876 0.326661467552185 0.405087321996689 0.412011533975601 0.47589698433876 0.430567473173141 0.442439556121826 0.463348716497421 0.504789710044861 0.581724584102631 0.544359147548676 0.528450191020966 0.613523423671722
0.0321698524057865 0.0377674698829651 0.05479796230793 0.0819071829319 0.0762353837490082 0.0630388930439949 0.0615436024963856 0.0539313033223152 0.0355589501559734 0.0261934231966734 0.0304760299623013 0.0440015383064747 0.0392504781484604 0.0395446941256523 0.0346078984439373 0.0435283780097961 0.0523861534893513 0.0321979150176048 0.0488533265888691 0.0440986566245556 0.0433470755815506 0.0429259948432446 0.0471593551337719 0.0494372174143791 0.0652328804135323 0.0963946804404259 0.0884623974561691 0.0869574993848801 0.102168455719948 0.126259475946426 0.138917699456215 0.171202644705772 0.200070515275002 0.375117719173431 0.381436824798584 0.319704622030258 0.400713711977005 0.431082546710968 0.536076307296753 0.585463106632233 0.565084874629974 0.610960960388184 0.624357581138611 0.636242568492889 0.63268119096756
0.0333609916269779 0.0420196130871773 0.0578001700341702 0.0743411332368851 0.0694044306874275 0.0729159638285637 0.0647726133465767 0.0408864542841911 0.0328328683972359 0.0281047690659761 0.0286454856395721 0.0331903249025345 0.0354725308716297 0.0372030474245548 0.0318167470395565 0.0440239459276199 0.0591973476111889 0.0347549244761467 0.0350660271942616 0.0343337319791317 0.0394361019134521 0.0427141264081001 0.0512809343636036 0.0441746674478054 0.0817444920539856 0.141782268881798 0.121742591261864 0.114044658839703 0.139095529913902 0.164645627140999 0.209764197468758 0.226123973727226 0.234562069177628 0.269702613353729 0.267249047756195 0.278530359268188 0.330830127000809 0.345141261816025 0.407380610704422 0.469835519790649 0.468385249376297 0.541908860206604 0.519602119922638 0.560299158096313 0.632673263549805
0.0370728112757206 0.0474395118653774 0.0732661709189415 0.0731671303510666 0.0544205233454704 0.0513232946395874 0.0374564304947853 0.0296999029815197 0.0313143245875835 0.0256418157368898 0.0260701961815357 0.0256827492266893 0.0261781234294176 0.0286834668368101 0.03658227622509 0.0402731858193874 0.0508262366056442 0.0445934012532234 0.0356915965676308 0.0359317772090435 0.0403486713767052 0.0401048734784126 0.0435841344296932 0.0488476939499378 0.058249119669199 0.101093679666519 0.119765989482403 0.110971130430698 0.150049895048141 0.176439672708511 0.239226743578911 0.224735513329506 0.235869795084 0.24006949365139 0.253245800733566 0.336884349584579 0.34565931558609 0.37715670466423 0.390062272548676 0.372522532939911 0.377233803272247 0.407772660255432 0.519646406173706 0.645037829875946 0.660063862800598
0.0370548032224178 0.0539146140217781 0.0797639414668083 0.0466119162738323 0.0296629779040813 0.031630702316761 0.0458416230976582 0.0530536249279976 0.0309527069330215 0.0262017678469419 0.0399214513599873 0.0471427142620087 0.0363302677869797 0.0385969094932079 0.0417497865855694 0.0545020401477814 0.0663180351257324 0.0511953346431255 0.0407775454223156 0.0422271266579628 0.0426750965416431 0.0428940653800964 0.0468928553164005 0.0531175285577774 0.0841860100626945 0.122041799128056 0.118983119726181 0.111243188381195 0.115441165864468 0.150937467813492 0.188563883304596 0.179918751120567 0.196999669075012 0.186823546886444 0.242050766944885 0.29350683093071 0.340290099382401 0.45517897605896 0.472700327634811 0.463145136833191 0.583730816841125 0.625562071800232 0.674511075019836 0.701581656932831 0.712402701377869
0.0278399828821421 0.0459898039698601 0.045312412083149 0.0391026064753532 0.0460538864135742 0.063030056655407 0.0773609429597855 0.0671880319714546 0.0321002751588821 0.0305817779153585 0.0321214757859707 0.0308620259165764 0.0349071435630322 0.0369318947196007 0.0409287624061108 0.0470723323523998 0.0555216073989868 0.0603277459740639 0.0460527315735817 0.0449346080422401 0.0438961610198021 0.0461385324597359 0.0507494024932384 0.0845009163022041 0.10397257655859 0.100492887198925 0.105427570641041 0.107334844768047 0.104070626199245 0.124926455318928 0.133748680353165 0.128666803240776 0.159941732883453 0.171076983213425 0.201100707054138 0.251472890377045 0.303646355867386 0.39346170425415 0.46934962272644 0.504462242126465 0.564682483673096 0.483450829982758 0.540374755859375 0.617131650447845 0.645013511180878
0.0259048230946064 0.0328168496489525 0.0393833853304386 0.0630195736885071 0.0781973972916603 0.0725865736603737 0.0719792768359184 0.0492809228599072 0.0348181053996086 0.0318806543946266 0.036729633808136 0.0400214157998562 0.0367760099470615 0.0447179190814495 0.0460730902850628 0.0471170209348202 0.0505545511841774 0.0520931109786034 0.0510240346193314 0.0503461435437202 0.0465326756238937 0.053151823580265 0.0527047105133533 0.088077038526535 0.0928189605474472 0.0816851481795311 0.07792679220438 0.0843460634350777 0.0925392508506775 0.093219593167305 0.104431159794331 0.118583641946316 0.12445916980505 0.186554282903671 0.184959769248962 0.20224703848362 0.240831911563873 0.275925993919373 0.325223386287689 0.415462225675583 0.42826184630394 0.48737895488739 0.616243660449982 0.621944963932037 0.632963180541992
0.0299390237778425 0.0354711189866066 0.0523502565920353 0.0831577926874161 0.0683347582817078 0.0584918074309826 0.0431894771754742 0.0582878515124321 0.0432498343288898 0.0382487028837204 0.0515635833144188 0.0493448786437511 0.0462285801768303 0.0437321253120899 0.0443945191800594 0.0557688735425472 0.0539640933275223 0.0470307618379593 0.0512212067842484 0.0523753762245178 0.0524953491985798 0.048348244279623 0.0647942498326302 0.0937672778964043 0.0749111697077751 0.0656909719109535 0.0702542588114738 0.131579697132111 0.1132642775774 0.104419626295567 0.106802955269814 0.1114147529006 0.158643111586571 0.225435018539429 0.201335296034813 0.221967726945877 0.286071270704269 0.316081911325455 0.421060681343079 0.528164505958557 0.552462160587311 0.580223739147186 0.567349553108215 0.642698526382446 0.707410931587219
0.0336498357355595 0.0547555722296238 0.0613375417888165 0.0668647810816765 0.0512609072029591 0.0432837083935738 0.0575636811554432 0.0687282979488373 0.0413927398622036 0.0432984121143818 0.0411698222160339 0.0579013004899025 0.0721151903271675 0.0454998426139355 0.0450037010014057 0.0512437261641026 0.0615807212889194 0.0550408288836479 0.0465835221111774 0.0639848858118057 0.0554144866764545 0.0518076941370964 0.0671805366873741 0.0911998003721237 0.0695624873042107 0.0683550015091896 0.0924785286188126 0.108024172484875 0.0981577634811401 0.0975269600749016 0.0959952846169472 0.127171218395233 0.233169138431549 0.247626066207886 0.244526535272598 0.254560977220535 0.287625312805176 0.382000386714935 0.463385939598083 0.569176375865936 0.601908266544342 0.654925167560577 0.683963239192963 0.684775054454803 0.716561436653137
0.0397836528718472 0.0745186656713486 0.0603756420314312 0.0470833033323288 0.0413927398622036 0.0504021905362606 0.129361867904663 0.0752614215016365 0.0462267585098743 0.0546244457364082 0.0577244721353054 0.0539271757006645 0.0554779879748821 0.0518042743206024 0.052300937473774 0.058411568403244 0.0627720504999161 0.0628579780459404 0.0521504394710064 0.0597835071384907 0.080054946243763 0.0636370256543159 0.0700380057096481 0.0840798690915108 0.0908647179603577 0.146062150597572 0.0877774655818939 0.143349602818489 0.122126735746861 0.0943929255008698 0.114257216453552 0.200365304946899 0.294361382722855 0.200531497597694 0.198898836970329 0.22068427503109 0.277905911207199 0.32114514708519 0.414399325847626 0.470600008964539 0.537880420684814 0.589228332042694 0.681744456291199 0.717603981494904 0.76584666967392
0.0494787432253361 0.0711735263466835 0.0499536506831646 0.0473237745463848 0.0449298694729805 0.106526903808117 0.170170679688454 0.0705342590808868 0.0480603016912937 0.0572338476777077 0.0812817066907883 0.0619624815881252 0.0536730699241161 0.0511099472641945 0.0585723072290421 0.066081166267395 0.0688953325152397 0.0642566010355949 0.0592384561896324 0.0537924319505692 0.0688560530543327 0.106668762862682 0.0789629966020584 0.145460903644562 0.158910483121872 0.105910956859589 0.156883105635643 0.249753624200821 0.180700734257698 0.122227773070335 0.290987223386765 0.298828661441803 0.333756029605865 0.210042536258698 0.223514273762703 0.267401337623596 0.258703231811523 0.278163254261017 0.325396955013275 0.416207700967789 0.465760827064514 0.450843095779419 0.492154031991959 0.621353089809418 0.62969583272934
0.0664633810520172 0.0491762161254883 0.0496097728610039 0.0641598105430603 0.0614893063902855 0.139751106500626 0.121908463537693 0.0599115565419197 0.0543581210076809 0.0570934452116489 0.0888544321060181 0.0789092555642128 0.0628933012485504 0.0563875958323479 0.0717201381921768 0.0634908154606819 0.0654068067669868 0.0625453889369965 0.0573186203837395 0.0605067051947117 0.0685863494873047 0.120124414563179 0.193406000733376 0.248579606413841 0.162093445658684 0.236671760678291 0.322406440973282 0.333319067955017 0.184688150882721 0.187408342957497 0.251736998558044 0.279223948717117 0.258404910564423 0.222589999437332 0.204161524772644 0.22208072245121 0.262447953224182 0.308152318000793 0.362473040819168 0.354312807321548 0.320227116346359 0.49300616979599 0.639199674129486 0.704519867897034 0.719403862953186
0.0603315494954586 0.0419828295707703 0.0591418854892254 0.102228060364723 0.138262391090393 0.138703376054764 0.0569782592356205 0.0538270547986031 0.0799494162201881 0.0942142456769943 0.0737930461764336 0.0800598487257957 0.078652910888195 0.058491874486208 0.0644906982779503 0.0714002847671509 0.0691354721784592 0.0790234431624413 0.0668377205729485 0.0737782716751099 0.0844819694757462 0.258119583129883 0.333740234375 0.283328980207443 0.208689734339714 0.193489134311676 0.309170216321945 0.199830174446106 0.184811413288116 0.162139907479286 0.195654585957527 0.230144262313843 0.175395801663399 0.164007127285004 0.162544459104538 0.166776582598686 0.215382620692253 0.224441260099411 0.216340735554695 0.263579577207565 0.405781358480453 0.634996771812439 0.677043378353119 0.687805116176605 0.677569210529327
0.0468379110097885 0.0427452996373177 0.127252325415611 0.351374328136444 0.190634042024612 0.118600033223629 0.0578291527926922 0.0579362660646439 0.0939921736717224 0.0826363191008568 0.0787329971790314 0.0847754999995232 0.083293192088604 0.0703316181898117 0.0752520263195038 0.117778636515141 0.0668376982212067 0.0593754425644875 0.0817915797233582 0.131190448999405 0.20238284766674 0.496373265981674 0.42742919921875 0.242428183555603 0.304803192615509 0.21010547876358 0.179675132036209 0.129425466060638 0.152840226888657 0.154691249132156 0.146040260791779 0.139437362551689 0.173414304852486 0.139627411961555 0.19848620891571 0.208859235048294 0.213066086173058 0.210470736026764 0.30940118432045 0.363785207271576 0.575838923454285 0.647122144699097 0.637734651565552 0.644471049308777 0.656629145145416
0.0553330630064011 0.0683826059103012 0.559767544269562 0.429804116487503 0.181366920471191 0.0817626640200615 0.0739665850996971 0.0609055422246456 0.0583013668656349 0.0693701282143593 0.0770937353372574 0.0767393186688423 0.090970441699028 0.0675979033112526 0.0808702632784843 0.0663544461131096 0.0682568326592445 0.0675593093037605 0.19644096493721 0.357823580503464 0.381210803985596 0.54581207036972 0.452243566513062 0.230872109532356 0.19667586684227 0.165083020925522 0.127887308597565 0.113835379481316 0.100109055638313 0.102526910603046 0.108577527105808 0.151869803667068 0.12207867205143 0.165346711874008 0.159873992204666 0.210608974099159 0.185155138373375 0.293812364339828 0.351248383522034 0.358479827642441 0.413459599018097 0.491144865751266 0.481353014707565 0.631465017795563 0.7385573387146
0.217398092150688 0.31542894244194 0.620150029659271 0.315124809741974 0.143650680780411 0.0576354898512363 0.0660945624113083 0.0618112422525883 0.0515262819826603 0.131196394562721 0.0822134464979172 0.224922388792038 0.10950993001461 0.141778722405434 0.0877205356955528 0.0838092193007469 0.192558437585831 0.26108980178833 0.430586576461792 0.570669591426849 0.59822803735733 0.553745448589325 0.378066092729568 0.258448928594589 0.160168826580048 0.156560510396957 0.280427575111389 0.108225479722023 0.0962666422128677 0.137247368693352 0.151065185666084 0.191407904028893 0.131564363837242 0.142576158046722 0.155297040939331 0.229765310883522 0.204718381166458 0.246806368231773 0.275411188602448 0.340149223804474 0.442399054765701 0.519404530525208 0.649771690368652 0.709022581577301 0.75471168756485
0.154270187020302 0.371994584798813 0.359845548868179 0.266794770956039 0.0797799676656723 0.0623472556471825 0.053745836019516 0.0677260681986809 0.128376021981239 0.163727968931198 0.193125084042549 0.512041747570038 0.575101017951965 0.296014934778214 0.222794726490974 0.307933360338211 0.551563739776611 0.563349902629852 0.592695534229279 0.678810477256775 0.622526288032532 0.514989495277405 0.282277911901474 0.230985999107361 0.150230884552002 0.423655301332474 0.160839691758156 0.143307849764824 0.163629576563835 0.254198491573334 0.22057381272316 0.252379953861237 0.137218415737152 0.161825373768806 0.261179953813553 0.270595490932465 0.235108762979507 0.251932710409164 0.359713435173035 0.483702689409256 0.578135967254639 0.623132944107056 0.682606995105743 0.706383943557739 0.706369340419769
0.101396165788174 0.15298256278038 0.166294619441032 0.119112819433212 0.0560907423496246 0.0733273327350616 0.0578589029610157 0.0765530169010162 0.191248804330826 0.113874942064285 0.158932149410248 0.21926985681057 0.357187420129776 0.531978368759155 0.62382960319519 0.628720164299011 0.69408506155014 0.518357932567596 0.605600774288177 0.623019754886627 0.310608178377151 0.440239280462265 0.485878556966782 0.229719027876854 0.293297052383423 0.487725496292114 0.358639150857925 0.455634951591492 0.349444270133972 0.275669455528259 0.363781601190567 0.294069647789001 0.168873697519302 0.253441751003265 0.285984754562378 0.265258610248566 0.256512105464935 0.306471258401871 0.375604033470154 0.435181438922882 0.497342854738235 0.564290285110474 0.644855141639709 0.643110394477844 0.566201031208038
0.121338695287704 0.128998190164566 0.0907179862260818 0.0575488768517971 0.0635337457060814 0.0794172883033752 0.0678596496582031 0.0990545228123665 0.253993332386017 0.252891510725021 0.132534578442574 0.197327166795731 0.631174564361572 0.697845220565796 0.437780052423477 0.521101713180542 0.39997586607933 0.346059441566467 0.258765280246735 0.249738171696663 0.282214343547821 0.240031749010086 0.386485010385513 0.237115636467934 0.417503207921982 0.540278792381287 0.423285722732544 0.363002061843872 0.289725333452225 0.239236697554588 0.342509835958481 0.219373285770416 0.276012867689133 0.299984633922577 0.28246083855629 0.261833190917969 0.283803582191467 0.321189671754837 0.355174452066422 0.413658171892166 0.420705020427704 0.46996134519577 0.513335108757019 0.521668374538422 0.546895384788513
