output/projections/06_BA/Myrcia silvatica.asc
NCOLS 168 
NROWS 144 
XLLCORNER -41.0000000002598 
YLLCORNER -7.99999999976785 
CELLSIZE 0.0416666666664048 
NODATA_value -3.4e+38 
[rows 60 to 79 of 144, columns 0 to 44 of 168]
0.200873911380768 0.124815598130226 0.175754278898239 0.360321313142776 0.650321185588837 0.204827591776848 0.11150711774826 0.116894647479057 0.103898420929909 0.088520236313343 0.0815671756863594 0.12170872092247 0.0895067676901817 0.0667269751429558 0.131351590156555 0.135166734457016 0.110527187585831 0.127356588840485 0.108502835035324 0.0603817887604237 0.0547703690826893 0.0759026855230331 0.0779382064938545 0.0790391266345978 0.0609359405934811 0.0544696897268295 0.0674424171447754 0.194149136543274 0.109033294022083 0.33276379108429 0.416278660297394 0.279461890459061 0.403699547052383 0.621056497097015 0.450209587812424 0.151821747422218 0.435095608234406 0.177547439932823 0.122360393404961 0.0974497273564339 0.137408345937729 0.144218876957893 0.121067263185978 0.170587375760078 0.156457424163818
0.118819825351238 0.193320348858833 0.211727857589722 0.455718100070953 0.52723640203476 0.152209997177124 0.0824584811925888 0.132027208805084 0.0963419303297997 0.0773044005036354 0.0833450704813004 0.123336002230644 0.10640212893486 0.0644239112734795 0.0765731111168861 0.140483826398849 0.248065933585167 0.185798272490501 0.191654473543167 0.0692556276917458 0.0626460760831833 0.0795369371771812 0.0734970569610596 0.0949535220861435 0.0704547017812729 0.0568611286580563 0.0655102208256721 0.100771650671959 0.0823194980621338 0.140002369880676 0.348058640956879 0.486865758895874 0.29502934217453 0.438095033168793 0.220967084169388 0.147796988487244 0.320222288370132 0.196240305900574 0.182105600833893 0.0900710225105286 0.178671568632126 0.171395376324654 0.135411232709885 0.126528590917587 0.163332358002663
0.127695292234421 0.244696587324142 0.483550548553467 0.463522702455521 0.564525246620178 0.154194623231888 0.117642290890217 0.147825315594673 0.124475359916687 0.090740367770195 0.0653366222977638 0.0702592432498932 0.088158868253231 0.068950280547142 0.0790837556123734 0.0843593329191208 0.138288274407387 0.247108951210976 0.27413135766983 0.0703484043478966 0.0530604720115662 0.074407771229744 0.141866415739059 0.156837373971939 0.183041781187057 0.0620013177394867 0.0648495480418205 0.0713631957769394 0.0901929810643196 0.236483871936798 0.204768419265747 0.260261237621307 0.154824525117874 0.122422024607658 0.208752244710922 0.139777526259422 0.210222586989403 0.232653811573982 0.133931428194046 0.0947299599647522 0.100681446492672 0.101488225162029 0.120704829692841 0.137991309165955 0.107920035719872
0.248558685183525 0.290384232997894 0.470339477062225 0.570769011974335 0.394624650478363 0.149675399065018 0.17615707218647 0.170134365558624 0.138289645314217 0.107995919883251 0.070928581058979 0.0618649311363697 0.0706119909882545 0.069714181125164 0.0730875805020332 0.14912773668766 0.215410098433495 0.188511028885841 0.0935122445225716 0.0707975253462791 0.057045690715313 0.176242649555206 0.0720212310552597 0.0998557880520821 0.227033525705338 0.352770924568176 0.0670634210109711 0.0838981792330742 0.246270582079887 0.394120752811432 0.324333280324936 0.197990879416466 0.109844177961349 0.10224699229002 0.218241602182388 0.104661822319031 0.157788529992104 0.204333305358887 0.108732864260674 0.164408653974533 0.131741344928741 0.108159191906452 0.0890755355358124 0.106959991157055 0.107314847409725
0.212276995182037 0.33777904510498 0.595873713493347 0.6282719373703 0.206702306866646 0.122050024569035 0.109335541725159 0.184640869498253 0.161493435502052 0.0969241559505463 0.0717127025127411 0.073280893266201 0.0652800276875496 0.0733170583844185 0.0905347242951393 0.108505539596081 0.188711568713188 0.127487033605576 0.0873487666249275 0.0622866600751877 0.143576949834824 0.507688462734222 0.271113783121109 0.0941677466034889 0.246822848916054 0.455707967281342 0.178006052970886 0.0885149985551834 0.12195098400116 0.147752270102501 0.210442319512367 0.186919942498207 0.172500386834145 0.105438895523548 0.140770941972733 0.0888920575380325 0.15346759557724 0.133003979921341 0.167942568659782 0.157735884189606 0.0915290713310242 0.0896982923150063 0.0901615619659424 0.0873184353113174 0.0940467268228531
0.19809053838253 0.3194420337677 0.58166378736496 0.472119331359863 0.167800277471542 0.112771414220333 0.0879519209265709 0.116187691688538 0.165853574872017 0.109774529933929 0.0657451078295708 0.103859089314938 0.0676923543214798 0.0701987072825432 0.075912244617939 0.0770460516214371 0.14044925570488 0.148149117827415 0.0960882306098938 0.0794112905859947 0.289960026741028 0.43111053109169 0.398685991764069 0.364377051591873 0.344396978616714 0.50196772813797 0.308950841426849 0.149372205138206 0.124451108276844 0.1097322255373 0.202950984239578 0.240205109119415 0.184439033269882 0.118824183940887 0.111818589270115 0.0902500599622726 0.102076806128025 0.0807962492108345 0.120017483830452 0.146589830517769 0.211700528860092 0.187592387199402 0.210285887122154 0.0900161936879158 0.103410750627518
0.149325370788574 0.269137442111969 0.572328627109528 0.290141850709915 0.137181878089905 0.0970830991864204 0.0756943896412849 0.0787773802876472 0.160739347338676 0.130592465400696 0.0868293270468712 0.123271144926548 0.0837963297963142 0.0847097411751747 0.077485591173172 0.0780794471502304 0.0903944671154022 0.161874234676361 0.195001870393753 0.341670393943787 0.551863074302673 0.674817502498627 0.352786719799042 0.338136196136475 0.423374444246292 0.521958708763123 0.370447427034378 0.190061748027802 0.1054697483778 0.11011254042387 0.271988123655319 0.186150044202805 0.143374219536781 0.125155717134476 0.0945558696985245 0.0888633131980896 0.0802439004182816 0.0836667940020561 0.0814469307661057 0.14131461083889 0.265608340501785 0.229074403643608 0.135987058281898 0.203319519758224 0.165360778570175
0.164952769875526 0.333866715431213 0.551935791969299 0.221940025687218 0.106911569833755 0.0940442755818367 0.0664557293057442 0.0790361240506172 0.0886182859539986 0.140930727124214 0.112259320914745 0.136177614331245 0.137094706296921 0.102247953414917 0.0723683163523674 0.0700662136077881 0.0721105635166168 0.130337402224541 0.164360001683235 0.42462357878685 0.712848782539368 0.643896579742432 0.445221692323685 0.314252197742462 0.337263822555542 0.459821432828903 0.446680814027786 0.229554146528244 0.108391039073467 0.134939327836037 0.218125253915787 0.145135328173637 0.14934441447258 0.0984959676861763 0.0862365886569023 0.101071119308472 0.100950986146927 0.0845514461398125 0.0845514461398125 0.141193762421608 0.133159682154655 0.10521387308836 0.0847976878285408 0.103712126612663 0.140400022268295
0.152289360761642 0.287782937288284 0.570462822914124 0.192442804574966 0.117826491594315 0.0826692432165146 0.0690756216645241 0.0703475326299667 0.0805603861808777 0.116958826780319 0.10159382969141 0.0908439978957176 0.102264247834682 0.104305528104305 0.107014536857605 0.0918561443686485 0.0692688673734665 0.0657033249735832 0.147630333900452 0.422958374023438 0.721254765987396 0.253020167350769 0.415168702602386 0.212918624281883 0.241621926426888 0.39812383055687 0.271270334720612 0.293171584606171 0.169401809573174 0.117911837995052 0.105971343815327 0.0948891937732697 0.19608761370182 0.09628876298666 0.0794342830777168 0.115916483104229 0.0907135903835297 0.0783253833651543 0.102384693920612 0.0794791504740715 0.119754053652287 0.142079144716263 0.113689072430134 0.06729756295681 0.0819399952888489
0.1634850949049 0.301994651556015 0.559484839439392 0.232006758451462 0.112528719007969 0.0885257869958878 0.0633019730448723 0.0630066394805908 0.0902677848935127 0.0895268395543098 0.095957949757576 0.0707221850752831 0.0785115361213684 0.0810933858156204 0.0813967883586884 0.0750812217593193 0.106585256755352 0.0690414980053902 0.100676469504833 0.217546582221985 0.155047610402107 0.135141596198082 0.220307916402817 0.12248058617115 0.189432740211487 0.354292184114456 0.138641625642776 0.223179519176483 0.339673161506653 0.269207268953323 0.161325618624687 0.0965989902615547 0.134556025266647 0.0705226734280586 0.079421304166317 0.122531875967979 0.092207282781601 0.0754277557134628 0.0800126418471336 0.0677889436483383 0.0850276872515678 0.17093862593174 0.0810426622629166 0.0670045539736748 0.388571858406067
0.166338175535202 0.329588413238525 0.46862068772316 0.238890245556831 0.0827313214540482 0.101265601813793 0.058123305439949 0.0676742866635323 0.110287450253963 0.0759696662425995 0.0699480697512627 0.072531446814537 0.0720220655202866 0.0695825293660164 0.0678526684641838 0.0784908607602119 0.0750140324234962 0.0993481203913689 0.0838561728596687 0.127970486879349 0.242489963769913 0.262435764074326 0.197953969240189 0.117385104298592 0.115269526839256 0.151969254016876 0.184400171041489 0.173940002918243 0.21868409216404 0.21660777926445 0.11441545933485 0.108639054000378 0.109756119549274 0.0701632499694824 0.085372120141983 0.103463917970657 0.116781644523144 0.0958339348435402 0.0702754110097885 0.0618896000087261 0.0799183174967766 0.117934465408325 0.0708811208605766 0.140368893742561 0.294349491596222
0.198361396789551 0.411479115486145 0.230871751904488 0.0890997126698494 0.0629559084773064 0.0806766003370285 0.0554178915917873 0.0739590227603912 0.113882854580879 0.0671051144599915 0.0870274603366852 0.0770130753517151 0.0639145001769066 0.0673514604568481 0.0662310346961021 0.0614420771598816 0.0710672289133072 0.0764893591403961 0.0865713879466057 0.0991628244519234 0.21273572742939 0.359353423118591 0.249024912714958 0.207695290446281 0.142772242426872 0.169818714261055 0.163782015442848 0.120053522288799 0.148483633995056 0.108342245221138 0.100967057049274 0.0861463323235512 0.0867603346705437 0.071184441447258 0.102863267064095 0.0932722315192223 0.119074262678623 0.115169361233711 0.0919359102845192 0.0615058541297913 0.0615799017250538 0.0701916888356209 0.0877607613801956 0.141834914684296 0.107255987823009
0.099451847374439 0.137222319841385 0.115405656397343 0.0585127845406532 0.0573818497359753 0.0654474943876266 0.0541348196566105 0.0700519606471062 0.0656488388776779 0.0631799623370171 0.0678707510232925 0.0850147902965546 0.070637971162796 0.064861848950386 0.0603856891393661 0.0562679097056389 0.0613022372126579 0.0628780126571655 0.0632236748933792 0.0909196734428406 0.186030209064484 0.235124543309212 0.228633865714073 0.18846695125103 0.207401439547539 0.177016332745552 0.161818951368332 0.118082173168659 0.114863991737366 0.120238035917282 0.0903811380267143 0.0820406675338745 0.0607256256043911 0.0878941118717194 0.0901000872254372 0.0935586914420128 0.0962294191122055 0.119055643677711 0.0877891480922699 0.0630091205239296 0.05281026288867 0.12890487909317 0.172739863395691 0.190214902162552 0.0829677060246468
0.207522556185722 0.14621390402317 0.0781658366322517 0.0654975697398186 0.0630235150456429 0.0639479383826256 0.0565051473677158 0.0601616054773331 0.0668715164065361 0.0766213238239288 0.0658398345112801 0.0660902708768845 0.0650092512369156 0.0639251172542572 0.0641687735915184 0.0628683120012283 0.061125885695219 0.0588972494006157 0.0623090267181396 0.0780962780117989 0.158174961805344 0.185366109013557 0.168578237295151 0.175099238753319 0.317186862230301 0.236077696084976 0.242881193757057 0.144154906272888 0.116736695170403 0.12823560833931 0.121423214673996 0.0824927166104317 0.0671172142028809 0.0937091931700706 0.0703512355685234 0.0909129157662392 0.0824173763394356 0.100347220897675 0.0941897854208946 0.0512516684830189 0.0611235871911049 0.19989275932312 0.266513675451279 0.0764007791876793 0.105670601129532
0.198982208967209 0.354889184236526 0.201717764139175 0.0860849469900131 0.0696717351675034 0.074905164539814 0.0594590902328491 0.0568083934485912 0.0680945515632629 0.0850009843707085 0.0889105871319771 0.0765557587146759 0.0843266695737839 0.0643147006630898 0.0848929062485695 0.0691037327051163 0.0725021585822105 0.0597650073468685 0.0682341605424881 0.0700911954045296 0.147117912769318 0.184022977948189 0.171961829066277 0.162575230002403 0.172438189387321 0.257344156503677 0.227728471159935 0.148280292749405 0.119792968034744 0.110632129013538 0.095823347568512 0.0837535932660103 0.0732773467898369 0.073629155755043 0.0680860579013824 0.0642442777752876 0.0936941131949425 0.0923672467470169 0.0601162426173687 0.059108555316925 0.0624462515115738 0.223070740699768 0.177008330821991 0.0754220336675644 0.101840682327747
0.197620630264282 0.374081254005432 0.381281852722168 0.12712337076664 0.0727786049246788 0.0686915591359138 0.0771013274788857 0.0682071670889854 0.0578587912023067 0.0676140561699867 0.0713106393814087 0.0829219743609428 0.073519304394722 0.0640811771154404 0.0651088282465935 0.0708747506141663 0.076431542634964 0.0620616339147091 0.0665243938565254 0.0915370807051659 0.265967637300491 0.228800043463707 0.184482216835022 0.175983637571335 0.183088943362236 0.16356173157692 0.150277376174927 0.0972975566983223 0.111834846436977 0.0977212190628052 0.0888500809669495 0.0790789797902107 0.103674165904522 0.0876876935362816 0.100920051336288 0.0827242732048035 0.0819646939635277 0.0845229029655457 0.0597780719399452 0.0670122355222702 0.0702415779232979 0.112969629466534 0.108596734702587 0.0852603018283844 0.0902376398444176
0.231263890862465 0.398239493370056 0.351966977119446 0.129119127988815 0.0734598636627197 0.0795338824391365 0.0948526635766029 0.0933331772685051 0.0623974055051804 0.0827727243304253 0.0710419267416 0.0757229924201965 0.0757583156228065 0.0658818036317825 0.0624685026705265 0.0628683120012283 0.0740862339735031 0.0643525272607803 0.0612175576388836 0.0786776170134544 0.0936269834637642 0.090394638478756 0.143629103899002 0.240456745028496 0.133533388376236 0.156101316213608 0.0973706319928169 0.0873837769031525 0.178497597575188 0.0836437940597534 0.0991166010499001 0.0902220755815506 0.110326535999775 0.0984778329730034 0.0922199040651321 0.100406400859356 0.0742708221077919 0.073231041431427 0.0664879977703094 0.0674081146717072 0.0814754217863083 0.072190061211586 0.0707491561770439 0.079282745718956 0.0869809538125992
0.405292719602585 0.461290538311005 0.197627902030945 0.134517207741737 0.0993955880403519 0.0866111293435097 0.0926773846149445 0.0936626344919205 0.0785322189331055 0.0788506120443344 0.0914620235562325 0.0809613093733788 0.099780835211277 0.0843519270420074 0.067423440515995 0.0763391181826591 0.0794920474290848 0.0670266672968864 0.0668546184897423 0.061562567949295 0.0663112998008728 0.082664281129837 0.118782825767994 0.165056213736534 0.0804656222462654 0.0747175067663193 0.088137224316597 0.206698521971703 0.108644418418407 0.0855021849274635 0.125031903386116 0.145898565649986 0.126379460096359 0.119652137160301 0.0862065106630325 0.0964110866189003 0.0848760977387428 0.0945208072662354 0.0676442682743073 0.075280450284481 0.109149873256683 0.0791892036795616 0.0830881893634796 0.0654467567801476 0.0661021247506142
0.303353369235992 0.444847911596298 0.344716727733612 0.147162303328514 0.104921326041222 0.102781280875206 0.0975563526153564 0.0836237147450447 0.0912718027830124 0.0745948255062103 0.0744499638676643 0.0782081261277199 0.0776495039463043 0.0736969411373138 0.0678328052163124 0.0711951330304146 0.0679856389760971 0.0618816204369068 0.0665218383073807 0.0718709677457809 0.0674329772591591 0.0766591504216194 0.0978342816233635 0.104005418717861 0.0720860585570335 0.135288447141647 0.312248378992081 0.175458207726479 0.0756611898541451 0.17347614467144 0.195965260267258 0.11892569065094 0.182711884379387 0.123212553560734 0.116129159927368 0.0840870514512062 0.111568219959736 0.0872435197234154 0.0748071148991585 0.0982153564691544 0.114291094243526 0.0915392935276031 0.0880308300256729 0.0875371471047401 0.076352633535862
0.42697411775589 0.409287989139557 0.380663365125656 0.147643461823463 0.108898006379604 0.124928653240204 0.108929745852947 0.08882886916399 0.0798319578170776 0.102857999503613 0.0773588940501213 0.0778235420584679 0.100349478423595 0.0699720084667206 0.0729168131947517 0.0801340937614441 0.0626292675733566 0.0764190107584 0.0749440416693687 0.0655628070235252 0.0629238411784172 0.0654835179448128 0.0990301743149757 0.227862894535065 0.142204120755196 0.40911865234375 0.320097923278809 0.193433359265327 0.115827172994614 0.130949527025223 0.241482138633728 0.229383215308189 0.313280284404755 0.246876195073128 0.0982903316617012 0.096044585108757 0.116510473191738 0.098531112074852 0.0994116961956024 0.0884489566087723 0.0964478999376297 0.0878361389040947 0.0926064550876617 0.0897083282470703 0.0850711315870285
