output/projections/06_BA/Myrcia silvatica.asc
NCOLS 168 
NROWS 144 
XLLCORNER -41.0000000002598 
YLLCORNER -7.99999999976785 
CELLSIZE 0.0416666666664048 
NODATA_value -3.4e+38 
[rows 60 to 79 of 144, columns 45 to 89 of 168]
0.167693272233009 0.1843141913414 0.190829530358315 0.224516212940216 0.32171893119812 0.242098763585091 0.194385260343552 0.179093196988106 0.138087093830109 0.0996708497405052 0.0939236730337143 0.139021456241608 0.129572540521622 0.148243993520737 0.120656982064247 0.113801844418049 0.111470833420753 0.0898309275507927 0.0781473144888878 0.0887264311313629 0.074148990213871 0.0796789526939392 0.168203800916672 0.181207314133644 0.119204483926296 0.136658266186714 0.149025812745094 0.119887806475163 0.149851009249687 0.174108415842056 0.220159187912941 0.229498445987701 0.201081156730652 0.213447883725166 0.249462977051735 0.234257340431213 0.242123201489449 0.241648882627487 0.243282333016396 0.241408839821815 0.261310786008835 0.260573595762253 0.263032197952271 0.262291848659515 0.269752353429794
0.174796104431152 0.16464127600193 0.176555961370468 0.158345803618431 0.17780864238739 0.165532261133194 0.15304459631443 0.135184645652771 0.085022397339344 0.113229595124722 0.124626502394676 0.121551290154457 0.131557330489159 0.157880857586861 0.10403073579073 0.111888915300369 0.102590389549732 0.0932387262582779 0.0714490562677383 0.0784278064966202 0.0673592537641525 0.0771742910146713 0.194775000214577 0.129646345973015 0.120468966662884 0.123802952468395 0.122823901474476 0.0969768613576889 0.136696860194206 0.177300542593002 0.191043302416801 0.208568766713142 0.174109905958176 0.178389430046082 0.218852192163467 0.2268006503582 0.239795356988907 0.223234012722969 0.229710310697556 0.23038238286972 0.23287470638752 0.235155075788498 0.234239265322685 0.236760482192039 0.239765271544456
0.131252348423004 0.126453220844269 0.161194697022438 0.191817477345467 0.146039590239525 0.12641853094101 0.0965596884489059 0.0940607115626335 0.116122104227543 0.129986882209778 0.147259905934334 0.0980270132422447 0.102111712098122 0.107459910213947 0.104513540863991 0.0981283336877823 0.0877858400344849 0.0689013674855232 0.0676648989319801 0.0751447528600693 0.0633336082100868 0.128935471177101 0.123628504574299 0.11075284332037 0.0907112509012222 0.103715881705284 0.0855842307209969 0.0975468829274178 0.132805809378624 0.144243970513344 0.199457898736 0.18062561750412 0.133947178721428 0.152888908982277 0.189464285969734 0.211957648396492 0.212169900536537 0.230393454432487 0.24377067387104 0.223676189780235 0.209604367613792 0.214496076107025 0.213209763169289 0.227622956037521 0.225579276680946
0.099377453327179 0.097080871462822 0.0994922667741776 0.114253856241703 0.0912131667137146 0.087252177298069 0.110568970441818 0.0946118906140327 0.150376528501511 0.105360314249992 0.121081583201885 0.104010388255119 0.0749393031001091 0.0991652011871338 0.0789895132184029 0.0753012746572495 0.0651645138859749 0.0647701397538185 0.0637092366814613 0.0676132962107658 0.102321982383728 0.114278614521027 0.0891208499670029 0.0951623693108559 0.101243384182453 0.104471392929554 0.0833295360207558 0.0997638031840324 0.136714518070221 0.146151721477509 0.166723921895027 0.122666738927364 0.121022090315819 0.127795472741127 0.143286988139153 0.175605952739716 0.193920791149139 0.16631355881691 0.197417467832565 0.228362187743187 0.228137388825417 0.213811248540878 0.193567246198654 0.194123566150665 0.193109944462776
0.10355880856514 0.124553568661213 0.105575226247311 0.0863139405846596 0.0804958418011665 0.0980233997106552 0.120769895613194 0.107935681939125 0.101381242275238 0.0864043161273003 0.083409808576107 0.0884994640946388 0.0686297193169594 0.0706657618284225 0.0659776106476784 0.0701684951782227 0.0712014958262444 0.062654122710228 0.0846844464540482 0.0904550850391388 0.0723225921392441 0.096606008708477 0.0979715064167976 0.0884510725736618 0.0889759212732315 0.0889759212732315 0.103385411202908 0.114705860614777 0.112358681857586 0.14170204102993 0.108554393053055 0.0922049060463905 0.0922197625041008 0.144085794687271 0.129120901226997 0.15463875234127 0.133126586675644 0.136738762259483 0.179658368229866 0.252819299697876 0.273829877376556 0.22925691306591 0.172905623912811 0.155322968959808 0.166538819670677
0.113554492592812 0.162690132856369 0.115853510797024 0.0705995485186577 0.108859717845917 0.108310528099537 0.0920064747333527 0.0896537378430367 0.0761019513010979 0.0753212124109268 0.0745130330324173 0.0702521875500679 0.0818886682391167 0.082475058734417 0.0576125048100948 0.0659776106476784 0.0705395862460136 0.0865098536014557 0.103199698030949 0.0792727693915367 0.0642409175634384 0.0896982625126839 0.0922700092196465 0.0719646885991096 0.0808011963963509 0.0679407194256783 0.0890145674347878 0.0930899977684021 0.0720749646425247 0.0822225362062454 0.1048803627491 0.0771858692169189 0.0857358798384666 0.113969705998898 0.132249146699905 0.127994760870934 0.124299459159374 0.110996216535568 0.192557916045189 0.244477137923241 0.24613094329834 0.211518257856369 0.200799465179443 0.174163416028023 0.155154839158058
0.180594921112061 0.107531867921352 0.0741105601191521 0.0829044505953789 0.131456017494202 0.102866917848587 0.0835579633712769 0.072920560836792 0.0654192119836807 0.0909996330738068 0.0737128406763077 0.079960361123085 0.0869960784912109 0.0555286854505539 0.0528156831860542 0.0668111965060234 0.104831784963608 0.109906688332558 0.0868683531880379 0.0732615068554878 0.0659666731953621 0.0692530199885368 0.0898966714739799 0.0681967884302139 0.0650548785924911 0.0586692951619625 0.063037246465683 0.0565764755010605 0.0708073899149895 0.108586050570011 0.111071482300758 0.0716419741511345 0.0767247080802917 0.107198514044285 0.115101188421249 0.112893037497997 0.120764099061489 0.108666740357876 0.216888502240181 0.211518257856369 0.210244044661522 0.180637344717979 0.153336420655251 0.176976576447487 0.165935784578323
0.107580304145813 0.0776896476745605 0.096686989068985 0.110062941908836 0.12255521863699 0.0853890776634216 0.084369920194149 0.0558867268264294 0.125625282526016 0.150566473603249 0.081415168941021 0.0896025002002716 0.0578142441809177 0.0537964627146721 0.0616153292357922 0.123977616429329 0.109509684145451 0.0856429114937782 0.0729980319738388 0.0647684559226036 0.0695569291710854 0.0629486814141273 0.0645729005336761 0.0647304281592369 0.0553351305425167 0.0501747950911522 0.0532320290803909 0.0742275565862656 0.0810679569840431 0.102918460965157 0.0784631967544556 0.0697796791791916 0.0706361904740334 0.0753820016980171 0.0805745497345924 0.0911001190543175 0.0985625088214874 0.111570827662945 0.167841449379921 0.175211995840073 0.160511538386345 0.112315215170383 0.136511877179146 0.141435325145721 0.140963971614838
0.168970346450806 0.109002694487572 0.111528873443604 0.0933298319578171 0.0915642082691193 0.077043205499649 0.0856290459632874 0.0548276230692863 0.199386969208717 0.134205222129822 0.0908936336636543 0.0588919147849083 0.0607224404811859 0.0872542709112167 0.101016469299793 0.112209126353264 0.079000398516655 0.0682462081313133 0.0608407557010651 0.0618863366544247 0.0634088143706322 0.0701880156993866 0.0564186908304691 0.053722869604826 0.0450593382120132 0.05635991320014 0.0645259544253349 0.0844351872801781 0.100930944085121 0.070444792509079 0.0628168508410454 0.0651353821158409 0.0625796243548393 0.0635848343372345 0.0889106541872025 0.0766339376568794 0.126340091228485 0.123788133263588 0.119155801832676 0.126985877752304 0.102728605270386 0.104187235236168 0.139711797237396 0.152141481637955 0.131345584988594
0.329356759786606 0.116870209574699 0.0933298319578171 0.0792468935251236 0.06747667491436 0.0607201121747494 0.0666778162121773 0.0786014497280121 0.112160198390484 0.0960822924971581 0.0515895709395409 0.0656882300972939 0.113684915006161 0.0989314392209053 0.0817175731062889 0.0733930766582489 0.0751532167196274 0.0714670568704605 0.0606842860579491 0.0545680597424507 0.0456118434667587 0.0489451996982098 0.0587386004626751 0.0559385009109974 0.0524450093507767 0.0621338300406933 0.0736829712986946 0.0937738344073296 0.0637278631329536 0.0553429499268532 0.0519880317151546 0.0512356646358967 0.0509295761585236 0.0673094838857651 0.0731559991836548 0.126805976033211 0.139140501618385 0.108871601521969 0.104912437498569 0.099561870098114 0.108448952436447 0.100569069385529 0.122202262282372 0.147172555327415 0.0975649282336235
0.1217902302742 0.0976946279406548 0.0841058343648911 0.0728873535990715 0.0697974264621735 0.0705583542585373 0.0617637559771538 0.0615577772259712 0.0789904892444611 0.0777746886014938 0.0756400674581528 0.125406637787819 0.0917822048068047 0.0911215096712112 0.0880679339170456 0.0720703676342964 0.0590068846940994 0.0558514297008514 0.0551728047430515 0.0422391593456268 0.0609351024031639 0.0716618821024895 0.065211795270443 0.045619573444128 0.0552069172263145 0.0685381591320038 0.0991942808032036 0.0610092505812645 0.0500358566641808 0.0452763773500919 0.0455780103802681 0.0387377962470055 0.0512993820011616 0.151323258876801 0.134305089712143 0.149916663765907 0.114279918372631 0.0859649479389191 0.106629423797131 0.102266848087311 0.126701891422272 0.104247063398361 0.0975493043661118 0.0920190438628197 0.0812654048204422
0.0842435657978058 0.0781433284282684 0.0699969306588173 0.0814743340015411 0.0837335884571075 0.0848208740353584 0.0707177221775055 0.0519309714436531 0.0665073990821838 0.060444537550211 0.0822544619441032 0.116705551743507 0.105194494128227 0.0805694609880447 0.0744452849030495 0.0746249780058861 0.0585060343146324 0.0511469021439552 0.0650440827012062 0.0673051699995995 0.0735806301236153 0.0612974427640438 0.0494222790002823 0.0557335801422596 0.0617463029921055 0.0898697823286057 0.0735592171549797 0.0446153841912746 0.0395047552883625 0.0351500399410725 0.0422148928046227 0.054229199886322 0.101449519395828 0.146219298243523 0.135495647788048 0.117063134908676 0.0994603931903839 0.0762459188699722 0.122773945331573 0.0931338369846344 0.141864791512489 0.114068955183029 0.107186824083328 0.0776505991816521 0.0878831222653389
0.0798901617527008 0.118828326463699 0.1216881275177 0.0930140465497971 0.0560300871729851 0.0807859748601913 0.0741338953375816 0.0531633384525776 0.0516195893287659 0.0603616982698441 0.11291891336441 0.0844921544194221 0.0775499492883682 0.0708657279610634 0.0702717378735542 0.0607574097812176 0.0627847537398338 0.0585766956210136 0.0699232146143913 0.065527617931366 0.0576635636389256 0.0513431616127491 0.0606298707425594 0.0693576484918594 0.0788595154881477 0.0807504281401634 0.0422396846115589 0.0340566150844097 0.0296060778200626 0.0480795837938786 0.0816254764795303 0.0988657921552658 0.117012374103069 0.117818005383015 0.107572346925735 0.100684955716133 0.0830091834068298 0.0790659412741661 0.0978618711233139 0.101317867636681 0.143926098942757 0.111090444028378 0.114198587834835 0.0923020467162132 0.0926282331347466
0.206749647855759 0.180570632219315 0.111351951956749 0.0633383989334106 0.0524335205554962 0.0631275251507759 0.0542578883469105 0.0456813834607601 0.0692002922296524 0.0768232941627502 0.103753812611103 0.064717210829258 0.0665454640984535 0.069001093506813 0.0685852020978928 0.062621220946312 0.056115236133337 0.0549096055328846 0.0588706955313683 0.0651203915476799 0.0533345155417919 0.0652791634202003 0.0694289803504944 0.0661550834774971 0.0830890461802483 0.0480408482253551 0.0322343930602074 0.0273782256990671 0.0424376837909222 0.077184833586216 0.0836749449372292 0.0981596112251282 0.100801102817059 0.0981306657195091 0.0976741313934326 0.0894113257527351 0.0682826787233353 0.0907934233546257 0.133386462926865 0.169616729021072 0.156673699617386 0.127651140093803 0.114017970860004 0.0949254110455513 0.0641762018203735
0.0810365527868271 0.0956142842769623 0.0812286734580994 0.0717981532216072 0.054925911128521 0.0500942766666412 0.0483506061136723 0.0727768093347549 0.0779077857732773 0.0647948607802391 0.0734561532735825 0.0565189681947231 0.0449163541197777 0.0715286061167717 0.0687290802598 0.0548077635467052 0.038697674870491 0.0392802469432354 0.0484837964177132 0.0509948506951332 0.0399710685014725 0.0536286272108555 0.0612668097019196 0.0527242310345173 0.0452533662319183 0.0324375331401825 0.0273393858224154 0.0376664213836193 0.0687666386365891 0.0743607208132744 0.0833773910999298 0.0873215645551682 0.0870513021945953 0.0971034467220306 0.0906032547354698 0.0777052640914917 0.0724114030599594 0.0829946845769882 0.140232190489769 0.156843170523643 0.133834883570671 0.0993273854255676 0.105764664709568 0.0724654868245125 0.0448439121246338
0.085701659321785 0.0753411501646042 0.0725791975855827 0.0565626434981823 0.0552468113601208 0.0687605515122414 0.0674457401037216 0.0568047538399696 0.0610428899526596 0.0614058300852776 0.0496940203011036 0.0439132004976273 0.0418398268520832 0.0468890219926834 0.0405666828155518 0.0442003943026066 0.0506290830671787 0.0413299277424812 0.0462056212127209 0.0435407683253288 0.0438656769692898 0.0417944490909576 0.0434874035418034 0.0425408519804478 0.032107837498188 0.0245850700885057 0.0411977432668209 0.0710410177707672 0.0718144625425339 0.0744490176439285 0.0718144625425339 0.07144895195961 0.0948819667100906 0.104863695800304 0.0814294070005417 0.0755952447652817 0.0727474018931389 0.0886205732822418 0.100844465196133 0.146962076425552 0.0961546525359154 0.109877377748489 0.0784277692437172 0.0475036464631557 0.0425698459148407
0.0781659334897995 0.0760904103517532 0.0658440664410591 0.0576184093952179 0.0713034346699715 0.0874053090810776 0.0635401383042336 0.0633092373609543 0.0570749901235104 0.0501864738762379 0.0417175106704235 0.0608313530683517 0.0441117435693741 0.0612770207226276 0.0658054277300835 0.0647956430912018 0.070939339697361 0.061883095651865 0.0698265433311462 0.0547660551965237 0.042263962328434 0.0512548498809338 0.0624029412865639 0.0447020642459393 0.0288193691521883 0.0252820327877998 0.0555207580327988 0.0671341046690941 0.0677663832902908 0.0678474232554436 0.0708477571606636 0.0703376978635788 0.093979224562645 0.0896325185894966 0.0783804208040237 0.0775187760591507 0.0820600911974907 0.0886062383651733 0.0892360582947731 0.110034860670567 0.0977283045649529 0.0654100403189659 0.055257510393858 0.0391128621995449 0.0477610267698765
0.069826677441597 0.0744218602776527 0.0758175924420357 0.0622141733765602 0.0993931964039803 0.0908766612410545 0.0782700851559639 0.0438250973820686 0.0503805801272392 0.0442621000111103 0.0528538413345814 0.0680815652012825 0.0593485720455647 0.0654858648777008 0.0597740933299065 0.0549081563949585 0.0516970343887806 0.0518879294395447 0.0485435724258423 0.0406293608248234 0.0563983097672462 0.0484843924641609 0.0432243421673775 0.0342518649995327 0.0259523168206215 0.0231070276349783 0.0547110363841057 0.0707732439041138 0.0685068070888519 0.0651926770806313 0.0679916366934776 0.0720183923840523 0.0759007558226585 0.0712212845683098 0.0691704228520393 0.0755828395485878 0.0772053077816963 0.0748948603868484 0.0829915478825569 0.0742351114749908 0.063988022506237 0.0447522662580013 0.037729799747467 0.0520991161465645 0.0379607491195202
0.0668971315026283 0.0506823025643826 0.0533655732870102 0.0728412792086601 0.0996963903307915 0.0846410170197487 0.0435402281582355 0.0421267375349998 0.0640835985541344 0.0550357140600681 0.0585044994950294 0.0544492229819298 0.0514528639614582 0.0513418018817902 0.0494728870689869 0.048867754638195 0.0509558878839016 0.0537686012685299 0.0409966930747032 0.065504178404808 0.0397356599569321 0.0391466096043587 0.0465784892439842 0.0378517210483551 0.0266490913927555 0.0232831668108702 0.0467320159077644 0.0667796432971954 0.0632170885801315 0.0595048479735851 0.0687133967876434 0.0660162195563316 0.0667388811707497 0.0731846541166306 0.0657166764140129 0.0642991289496422 0.0606470070779324 0.0662259832024574 0.0701773837208748 0.0624717213213444 0.0461006239056587 0.0455905161798 0.0403924621641636 0.0453306958079338 0.0305074639618397
0.0713143050670624 0.0669175535440445 0.0676493644714355 0.0591312237083912 0.077386200428009 0.0460340455174446 0.0328194163739681 0.0609694458544254 0.0603237561881542 0.0539430603384972 0.0745120048522949 0.0485750883817673 0.0478696189820766 0.0686069279909134 0.0583169274032116 0.0593934617936611 0.0522879287600517 0.0355672985315323 0.0655150413513184 0.0713665634393692 0.0330722816288471 0.0410992354154587 0.0478683449327946 0.0476104132831097 0.026248736307025 0.0249328408390284 0.0627774968743324 0.067489467561245 0.0611766949295998 0.0602897554636002 0.0634282454848289 0.0641245245933533 0.0711031854152679 0.075322113931179 0.0600045137107372 0.0521698668599129 0.0531393252313137 0.0550457052886486 0.052466731518507 0.0485537312924862 0.0400853715837002 0.0345659628510475 0.0440175794064999 0.0383471362292767 0.032367043197155
