output/projections/06_BA/Myrcia silvatica.asc
NCOLS 168 
NROWS 144 
XLLCORNER -41.0000000002598 
YLLCORNER -7.99999999976785 
CELLSIZE 0.0416666666664048 
NODATA_value -3.4e+38 
[rows 60 to 79 of 144, columns 90 to 134 of 168]
0.269000023603439 0.272014051675797 0.285864949226379 0.288993239402771 0.307672202587128 0.296908795833588 -3.4e+38 -3.4e+38 -3.4e+38 -3.4e+38 -3.4e+38 -3.4e+38 -3.4e+38 -3.4e+38 -3.4e+38 -3.4e+38 -3.4e+38 -3.4e+38 -3.4e+38 -3.4e+38 -3.4e+38 -3.4e+38 -3.4e+38 -3.4e+38 -3.4e+38 -3.4e+38 -3.4e+38 -3.4e+38 -3.4e+38 -3.4e+38 -3.4e+38 -3.4e+38 -3.4e+38 -3.4e+38 -3.4e+38 -3.4e+38 -3.4e+38 -3.4e+38 -3.4e+38 -3.4e+38 -3.4e+38 -3.4e+38 -3.4e+38 -3.4e+38 -3.4e+38
0.251820594072342 0.254952669143677 0.258354723453522 0.261786222457886 0.275312066078186 0.27888411283493 0.292678534984589 -3.4e+38 -3.4e+38 -3.4e+38 -3.4e+38 -3.4e+38 -3.4e+38 -3.4e+38 -3.4e+38 -3.4e+38 -3.4e+38 -3.4e+38 -3.4e+38 -3.4e+38 -3.4e+38 -3.4e+38 -3.4e+38 -3.4e+38 -3.4e+38 -3.4e+38 -3.4e+38 -3.4e+38 -3.4e+38 -3.4e+38 -3.4e+38 -3.4e+38 -3.4e+38 -3.4e+38 -3.4e+38 -3.4e+38 -3.4e+38 -3.4e+38 -3.4e+38 -3.4e+38 -3.4e+38 -3.4e+38 -3.4e+38 -3.4e+38 -3.4e+38
0.230714172124863 0.229563936591148 0.227733358740807 0.242858797311783 0.240245163440704 0.247051313519478 0.245608016848564 0.261766284704208 0.262014120817184 0.278852790594101 -3.4e+38 -3.4e+38 -3.4e+38 -3.4e+38 -3.4e+38 -3.4e+38 -3.4e+38 -3.4e+38 -3.4e+38 -3.4e+38 -3.4e+38 -3.4e+38 -3.4e+38 -3.4e+38 -3.4e+38 -3.4e+38 -3.4e+38 -3.4e+38 -3.4e+38 -3.4e+38 -3.4e+38 -3.4e+38 -3.4e+38 -3.4e+38 -3.4e+38 -3.4e+38 -3.4e+38 -3.4e+38 -3.4e+38 -3.4e+38 -3.4e+38 -3.4e+38 -3.4e+38 -3.4e+38 -3.4e+38
0.204222545027733 0.202540934085846 0.204169392585754 0.205382108688354 0.21728453040123 0.219218343496323 0.217890605330467 0.221164509654045 0.223123013973236 0.241519764065742 0.253864407539368 0.244319096207619 0.25527760386467 -3.4e+38 -3.4e+38 -3.4e+38 -3.4e+38 -3.4e+38 -3.4e+38 -3.4e+38 -3.4e+38 -3.4e+38 -3.4e+38 -3.4e+38 -3.4e+38 -3.4e+38 -3.4e+38 -3.4e+38 -3.4e+38 -3.4e+38 -3.4e+38 -3.4e+38 -3.4e+38 -3.4e+38 -3.4e+38 -3.4e+38 -3.4e+38 -3.4e+38 -3.4e+38 -3.4e+38 -3.4e+38 -3.4e+38 -3.4e+38 -3.4e+38 -3.4e+38
0.175586402416229 0.173904731869698 0.185335338115692 0.184942334890366 0.186067536473274 0.184500753879547 0.186607301235199 0.20053505897522 0.199496254324913 0.201938197016716 0.20068821310997 0.219080805778503 0.21731024980545 0.220357552170753 0.231487587094307 -3.4e+38 -3.4e+38 -3.4e+38 -3.4e+38 -3.4e+38 -3.4e+38 -3.4e+38 -3.4e+38 -3.4e+38 -3.4e+38 -3.4e+38 -3.4e+38 -3.4e+38 -3.4e+38 -3.4e+38 -3.4e+38 -3.4e+38 -3.4e+38 -3.4e+38 -3.4e+38 -3.4e+38 -3.4e+38 -3.4e+38 -3.4e+38 -3.4e+38 -3.4e+38 -3.4e+38 -3.4e+38 -3.4e+38 -3.4e+38
0.141728788614273 0.150144994258881 0.155428662896156 0.154578343033791 0.156922340393066 0.164457529783249 0.167641803622246 0.166737869381905 0.177231252193451 0.18003486096859 0.182681456208229 0.18437984585762 0.195364385843277 0.196949407458305 0.211448401212692 0.203063875436783 0.213559687137604 0.227338179945946 -3.4e+38 -3.4e+38 -3.4e+38 -3.4e+38 -3.4e+38 -3.4e+38 -3.4e+38 -3.4e+38 -3.4e+38 -3.4e+38 -3.4e+38 -3.4e+38 -3.4e+38 -3.4e+38 -3.4e+38 -3.4e+38 -3.4e+38 -3.4e+38 -3.4e+38 -3.4e+38 0.446608543395996 0.474250644445419 0.471785843372345 0.483021438121796 0.500994622707367 0.560114085674286 0.508239686489105
0.133955165743828 0.122796073555946 0.126830339431763 0.126542121171951 0.137660756707191 0.13947768509388 0.150538861751556 0.149710550904274 0.151493653655052 0.150164291262627 0.153122544288635 0.163989648222923 0.166626214981079 0.176031306385994 0.178820058703423 0.177301004528999 0.179532200098038 0.204220712184906 -3.4e+38 0.194220036268234 -3.4e+38 -3.4e+38 -3.4e+38 -3.4e+38 -3.4e+38 -3.4e+38 -3.4e+38 -3.4e+38 -3.4e+38 -3.4e+38 -3.4e+38 -3.4e+38 -3.4e+38 -3.4e+38 -3.4e+38 -3.4e+38 0.360986441373825 0.38641768693924 0.403293967247009 0.415985494852066 0.451819002628326 0.440250188112259 0.453302383422852 0.466738224029541 0.486295223236084
0.121804893016815 0.111016444861889 0.108500450849533 0.108500450849533 0.109379567205906 0.118382200598717 0.122047379612923 0.121768526732922 0.124921545386314 0.13294118642807 0.135159268975258 0.136489629745483 0.147843480110168 0.147027418017387 0.157542437314987 0.150722235441208 0.152681022882462 0.160574465990067 0.162636771798134 0.171863108873367 0.17889030277729 0.188432067632675 0.192577600479126 0.205990895628929 -3.4e+38 -3.4e+38 -3.4e+38 -3.4e+38 -3.4e+38 -3.4e+38 -3.4e+38 -3.4e+38 -3.4e+38 -3.4e+38 0.323208838701248 0.335660398006439 0.344897478818893 0.359531104564667 0.369358777999878 0.385958671569824 0.382161229848862 0.416850626468658 0.436341762542725 0.444964319467545 0.466337740421295
0.106726981699467 0.0986122712492943 0.0882237628102303 0.0874065682291985 0.0834589079022408 0.0890733376145363 0.098986342549324 0.101056277751923 0.107732445001602 0.109962947666645 0.111077152192593 0.11832819879055 0.122236140072346 0.121956907212734 0.130954205989838 0.130512475967407 0.132249504327774 0.139726862311363 0.144706338644028 0.143269032239914 0.154069572687149 0.145306661725044 0.159116581082344 0.175654008984566 0.164831221103668 0.179197132587433 0.195491284132004 0.210989743471146 0.200375974178314 -3.4e+38 -3.4e+38 0.223461911082268 0.233395919203758 0.254139065742493 0.279638707637787 0.289599269628525 0.302151471376419 0.318371117115021 0.331304222345352 0.366197109222412 0.358969241380692 0.377505987882614 0.415826559066772 0.431882232427597 0.449688374996185
0.0942235216498375 0.0833587571978569 0.0744219124317169 0.069459967315197 0.0646001845598221 0.0616871863603592 0.0605717562139034 0.0796009823679924 0.0833577662706375 0.0848295092582703 0.0961476638913155 0.0971371680498123 0.100892908871174 0.107187017798424 0.108652405440807 0.110009767115116 0.118244372308254 0.118378110229969 0.119975931942463 0.128848537802696 0.128556415438652 0.133199453353882 0.14009790122509 0.141941696405411 0.141624704003334 0.147147431969643 0.159745439887047 0.162327006459236 0.173226475715637 0.173410177230835 0.187566176056862 0.195695295929909 0.20246022939682 0.212364599108696 0.236393764615059 0.253710269927979 0.268329441547394 0.291536539793015 0.308265656232834 0.307884812355042 0.341571033000946 0.358000099658966 0.396835565567017 0.401067554950714 0.441363126039505
0.0919267907738686 0.0810132175683975 0.0570398606359959 0.0540748760104179 0.0445777103304863 0.0445852689445019 0.0586671084165573 0.0915268212556839 0.066595584154129 0.0723391175270081 0.0757938250899315 0.0801825076341629 0.0823596939444542 0.0887309461832047 0.0936837866902351 0.0946505814790726 0.0959630012512207 0.0950663313269615 0.105051144957542 0.11335176974535 0.112700924277306 0.114232048392296 0.115781262516975 0.117348700761795 0.128902241587639 0.127598479390144 0.130621060729027 0.144226104021072 0.147248536348343 0.150492236018181 0.166310593485832 0.172277316451073 0.182535469532013 0.201183795928955 0.212339580059052 0.220857739448547 0.252516508102417 0.25432288646698 0.287471562623978 0.288962930440903 0.308088332414627 0.347642451524734 0.367809921503067 0.39819124341011 0.423196643590927
0.0923443287611008 0.0613965094089508 0.0446596778929234 0.037733793258667 0.0393792875111103 0.0616895742714405 0.0906022936105728 0.14863021671772 0.142762184143066 0.112269029021263 0.0640330389142036 0.0618168003857136 0.0664930939674377 0.0725995302200317 0.0725775063037872 0.0724023580551147 0.0780688524246216 0.0852190032601357 0.0864131227135658 0.0862076878547668 0.0928464978933334 0.0938055515289307 0.101318202912807 0.101998299360275 0.110087379813194 0.109832428395748 0.112327881157398 0.121540069580078 0.124016709625721 0.129393205046654 0.143846169114113 0.147677287459373 0.155423939228058 0.174437150359154 0.186802715063095 0.202905654907227 0.230741873383522 0.236627906560898 0.257220298051834 0.292469948530197 0.323167443275452 0.346171587705612 0.391572177410126 0.427353650331497 0.453775763511658
0.0645779296755791 0.0430229716002941 0.0342082232236862 0.0365918949246407 0.046306848526001 0.103203631937504 0.143322288990021 0.163421735167503 0.135031566023827 0.100235216319561 0.0548736117780209 0.0484681688249111 0.0518076121807098 0.0546223595738411 0.0548899099230766 0.0565081909298897 0.0605873093008995 0.0630285292863846 0.0687581226229668 0.0683435872197151 0.0737176761031151 0.0762797594070435 0.0832808464765549 0.0830821841955185 0.0891876071691513 0.0980466455221176 0.0987071916460991 0.100069642066956 0.105582065880299 0.108367674052715 0.109342783689499 0.127345308661461 0.135554000735283 0.158661231398582 0.173784121870995 0.201679766178131 0.208944886922836 0.229217857122421 0.267278492450714 0.29725107550621 0.346502035856247 0.370258539915085 0.408204108476639 0.440640300512314 0.490132570266724
0.0444651395082474 0.034981194883585 0.0331693403422832 0.0426065810024738 0.0494967773556709 0.0895792916417122 0.164536163210869 0.174473598599434 0.104038387537003 0.0810609757900238 0.0562339127063751 0.0474038049578667 0.0441498123109341 0.0427492223680019 0.0438703745603561 0.0426366403698921 0.0434444397687912 0.0433363132178783 0.0502685829997063 0.0533057413995266 0.0570274479687214 0.0643017366528511 0.0663189813494682 0.0702657401561737 0.0700744315981865 0.073872484266758 0.0736721307039261 0.0757224038243294 0.0823691710829735 0.0967505723237991 0.114379987120628 0.125627413392067 0.125555574893951 0.143386691808701 0.163033336400986 0.178956940770149 0.211335495114326 0.234961688518524 0.26292085647583 0.308225065469742 0.331939250230789 0.397799104452133 0.419126957654953 0.447357296943665 0.504305601119995
0.0365275107324123 0.0337506756186485 0.0323077440261841 0.0461276769638062 0.0796409845352173 0.0990934297442436 0.163270771503448 0.154396519064903 0.0994213968515396 0.0703012496232986 0.0608564205467701 0.0421504825353622 0.04301568120718 0.0407284647226334 0.0424394272267818 0.0406337305903435 0.0424854755401611 0.0430224575102329 0.0548566728830338 0.0581540614366531 0.056818775832653 0.0574292428791523 0.0613274648785591 0.0615327246487141 0.063420370221138 0.0594608336687088 0.0633920580148697 0.0705631077289581 0.0850661620497704 0.0915838852524757 0.101243861019611 0.109043024480343 0.113201387226582 0.129537895321846 0.158530279994011 0.180053785443306 0.199492841959 0.223062604665756 0.242196038365364 0.279694020748138 0.362246215343475 0.396440714597702 0.456383526325226 0.487620800733566 0.528487503528595
0.033350445330143 0.0308755002915859 0.0404215939342976 0.0522333830595016 0.107457391917706 0.143357440829277 0.135716453194618 0.155138731002808 0.114023491740227 0.0687807276844978 0.0509698688983917 0.0427302457392216 0.039722241461277 0.03718351572752 -3.4e+38 0.0369644239544868 0.0381344966590405 0.036556351929903 0.0419160127639771 0.0552704110741615 0.0560612119734287 0.0541705898940563 0.0570194013416767 0.054729588329792 0.0504068769514561 0.0532645396888256 0.0595799759030342 0.0678909122943878 0.0774518474936485 0.0882317647337914 0.0875560790300369 0.0934053659439087 0.116379104554653 0.126232579350471 0.157689735293388 0.1630519926548 0.181034490466118 0.230877608060837 0.243178710341454 0.295323103666306 0.355574458837509 0.429929077625275 0.504707813262939 0.52945601940155 0.551604211330414
0.0272796601057053 0.0313884988427162 0.0518498569726944 0.11448872834444 0.170473396778107 0.131143450737 0.0888632759451866 0.125101894140244 0.105648629367352 0.0728726610541344 0.0433102697134018 0.0367972701787949 0.0371376425027847 0.0375568941235542 -3.4e+38 0.0326945930719376 0.0392983667552471 0.0366482101380825 0.0409893393516541 0.070692777633667 0.0669457837939262 0.0497682951390743 0.0482065938413143 0.0466690361499786 0.0504153743386269 0.0527687780559063 0.0582595877349377 0.0676565393805504 0.0698756948113441 0.0788411647081375 0.0818921700119972 0.0915703698992729 0.128957644104958 0.139066338539124 0.133834198117256 0.175463005900383 0.204110682010651 0.228385299444199 0.260288923978806 0.309570342302322 0.433623284101486 0.497131496667862 0.528487503528595 0.524210035800934 0.56731116771698
0.0259703118354082 0.0341011509299278 0.0727880001068115 0.169010654091835 0.174330219626427 0.14776585996151 0.0784209072589874 0.0856376215815544 0.0762709230184555 0.0459055081009865 0.0453974604606628 0.0350586250424385 0.0324903018772602 0.0331125184893608 0.0354333594441414 0.0332841277122498 0.0331956073641777 0.0367402918636799 0.0472881682217121 0.0497856959700584 0.0430297628045082 0.0409443378448486 0.0442662946879864 0.0450465716421604 0.0513785853981972 0.0502380765974522 0.054337240755558 0.0658812820911407 0.068075880408287 0.0762568563222885 0.0805507451295853 0.0886353701353073 0.140784829854965 0.131431981921196 0.144845366477966 0.202852815389633 0.201752364635468 0.246715202927589 0.277580410242081 0.338544011116028 0.458190977573395 0.412629812955856 0.496647447347641 0.580726087093353 0.581330358982086
0.0280110463500023 0.0320190340280533 0.0745865106582642 0.141630902886391 0.133898183703423 0.094400592148304 0.0726104751229286 0.054680097848177 0.0598539486527443 0.0396666042506695 0.0562418513000011 0.0343205966055393 0.0301333498209715 0.0342086665332317 0.0320659875869751 0.0357503108680248 0.0421852022409439 0.0321567170321941 0.051531620323658 0.0418848022818565 0.0434665754437447 0.0410537384450436 0.0458918586373329 0.0431895777583122 0.045320201665163 0.0519425608217716 0.0489022545516491 0.0561379045248032 0.0651755779981613 0.0696226432919502 0.0717394948005676 0.0942601189017296 0.149876207113266 0.147110149264336 0.170667365193367 0.181856960058212 0.222281187772751 0.2652508020401 0.346940696239471 0.438842505216599 0.39195254445076 0.486363500356674 0.571075201034546 0.552782654762268 0.601668119430542
0.0339934676885605 0.0335338450968266 0.042564295232296 0.0693630501627922 0.0816398710012436 0.0578358098864555 0.0490692108869553 0.046591330319643 0.0376383066177368 0.056380283087492 0.0377327799797058 0.0312073603272438 0.0291275642812252 0.0298460945487022 0.0332534126937389 0.0345746427774429 0.0412528328597546 0.034284021705389 0.0507927164435387 0.0370407402515411 0.0393669307231903 0.0419374033808708 0.0445708073675632 0.0429310612380505 0.0430966950953007 0.0467577464878559 0.0539739616215229 0.0606620311737061 0.0658217370510101 0.0731563866138458 0.0743837431073189 0.100421637296677 0.210162505507469 0.170487865805626 0.177043259143829 0.192805215716362 0.294721633195877 0.355024516582489 0.362510979175568 0.361125349998474 0.444115817546844 0.522913753986359 0.522467970848083 0.532927274703979 0.634764075279236
