output/projections/06_BA/Scinax nebulosus.asc
NCOLS 168 
NROWS 144 
XLLCORNER -41.0000000002598 
YLLCORNER -7.99999999976785 
CELLSIZE 0.0416666666664048 
NODATA_value -3.4e+38 
[rows 60 to 79 of 144, columns 0 to 44 of 168]
0.146561786532402 0.0816109105944633 0.0842105522751808 0.155733853578568 0.467369019985199 0.387064576148987 0.263930797576904 0.275795131921768 0.209353849291801 0.167555391788483 0.155319586396217 0.226883769035339 0.161884322762489 0.0904892012476921 0.180042281746864 0.198113322257996 0.148845478892326 0.170179918408394 0.14096562564373 0.0639221966266632 0.0498797036707401 0.0723191872239113 0.0553442426025867 0.0547663867473602 0.0373871922492981 0.0295311566442251 0.027577256783843 0.0577113628387451 0.0288183894008398 0.0546161867678165 0.0714787691831589 0.0371376015245914 0.0577066950500011 0.103370912373066 0.113997638225555 0.0360556691884995 0.125230729579926 0.0870022624731064 0.0621765404939651 0.0486617647111416 0.0671332404017448 0.0777012780308723 0.0584965087473392 0.0875300168991089 0.0805909559130669
0.111692510545254 0.114577248692513 0.105973228812218 0.228323131799698 0.469097584486008 0.353386670351028 0.183310970664024 0.288596987724304 0.194113239645958 0.138509482145309 0.146037817001343 0.233170449733734 0.159536063671112 0.107692636549473 0.0931530296802521 0.154989242553711 0.326896786689758 0.245875716209412 0.259557634592056 0.0720222666859627 0.0577259361743927 0.0719910487532616 0.0638371407985687 0.0593224205076694 0.042117178440094 0.0285379812121391 0.0263881254941225 0.0319286808371544 0.0246369019150734 0.0281223282217979 0.0502592734992504 0.0887128263711929 0.0572178699076176 0.0980818271636963 0.0638545677065849 0.0369406305253506 0.106583259999752 0.0819368362426758 0.0788071528077126 0.0439397692680359 0.0941176116466522 0.0965601652860641 0.0784757435321808 0.0657491534948349 0.0915975868701935
0.094411164522171 0.106938943266869 0.267530083656311 0.244516611099243 0.489291459321976 0.321658998727798 0.243427857756615 0.31238380074501 0.261499017477036 0.178836137056351 0.112097412347794 0.11817928403616 0.155490845441818 0.112756192684174 0.118551284074783 0.0942108109593391 0.13245265185833 0.237369224429131 0.307071477174759 0.0735862851142883 0.0445045009255409 0.0433560758829117 0.0877122730016708 0.0664385780692101 0.0921965166926384 0.0394804105162621 0.0278484970331192 0.0265177488327026 0.0256232414394617 0.0575464218854904 0.0524704121053219 0.0718135461211205 0.0467290133237839 0.0343465954065323 0.0656251683831215 0.0408305637538433 0.0722777619957924 0.100778177380562 0.0712573751807213 0.048601396381855 0.0517049506306648 0.0548915825784206 0.0675851255655289 0.0856624320149422 0.0587305650115013
0.108051799237728 0.12095944583416 0.232260838150978 0.39221715927124 0.464171558618546 0.260114312171936 0.306038439273834 0.391286313533783 0.3033507168293 0.254614353179932 0.127150192856789 0.104515463113785 0.110041402280331 0.0860694199800491 0.0994395464658737 0.177054405212402 0.261095106601715 0.241033062338829 0.111455425620079 0.0663478076457977 0.0467063337564468 0.0980484560132027 0.0432912521064281 0.0356189720332623 0.0823728814721107 0.114111490547657 0.0283987708389759 0.0252489373087883 0.0501144975423813 0.109603226184845 0.106401480734348 0.0727563202381134 0.0376804359257221 0.0310083124786615 0.0762991160154343 0.0357074327766895 0.0550254657864571 0.0884537622332573 0.0510206446051598 0.0879583433270454 0.0785954669117928 0.0672740116715431 0.0504469126462936 0.0607731193304062 0.0672243684530258
0.111297018826008 0.130819529294968 0.320543080568314 0.526919782161713 0.342421412467957 0.212928622961044 0.183968812227249 0.345613390207291 0.398752003908157 0.188395947217941 0.12299157679081 0.126958057284355 0.101122222840786 0.102711126208305 0.121776722371578 0.14501965045929 0.26189923286438 0.158997222781181 0.0927581265568733 0.04971794039011 0.0622329600155354 0.159163996577263 0.116739943623543 0.0360093899071217 0.0527212172746658 0.135527372360229 0.0680166408419609 0.0310083124786615 0.0364243425428867 0.0452256053686142 0.0734383687376976 0.0661217719316483 0.0685910135507584 0.0378633700311184 0.0547149106860161 0.0331970080733299 0.0565105192363262 0.0506417751312256 0.0720047876238823 0.0919211506843567 0.0542870871722698 0.0532360821962357 0.0538869611918926 0.05656698346138 0.061011228710413
0.107659392058849 0.15186770260334 0.308791816234589 0.494181573390961 0.342532217502594 0.207240551710129 0.161806434392929 0.219427436590195 0.361518114805222 0.21280862390995 0.112756192684174 0.181451633572578 0.106655038893223 0.102319538593292 0.109203591942787 0.0898283645510674 0.154739215970039 0.153033062815666 0.0869169011712074 0.0433764904737473 0.0786536708474159 0.131865531206131 0.12161286175251 0.0782418176531792 0.0740607604384422 0.127810224890709 0.132892310619354 0.0512796565890312 0.041346836835146 0.034180048853159 0.0668705478310585 0.09068264067173 0.0843309983611107 0.0510353408753872 0.0460152514278889 0.036941260099411 0.0402031466364861 0.0304090566933155 0.0433464720845222 0.0609061494469643 0.0791037157177925 0.0931014195084572 0.125326007604599 0.0542644076049328 0.063272126019001
0.110305227339268 0.16559225320816 0.405030846595764 0.434026151895523 0.26321604847908 0.185026437044144 0.144951596856117 0.144833251833916 0.26875576376915 0.28182515501976 0.181422039866447 0.259154409170151 0.16746798157692 0.129382997751236 0.107576929032803 0.10340541601181 0.0966957211494446 0.135449036955833 0.0867654159665108 0.11027093231678 0.105940118432045 0.214279398322105 0.0801891908049583 0.0734777003526688 0.107226565480232 0.138502985239029 0.12803290784359 0.0744724720716476 0.0387909114360809 0.0343465954065323 0.100150674581528 0.0830929577350616 0.0672505721449852 0.0597695559263229 0.0429334193468094 0.0397402346134186 0.0343465954065323 0.0331970080733299 0.0299669913947582 0.0445953421294689 0.090826116502285 0.110658146440983 0.0756322219967842 0.119582630693913 0.102636724710464
0.117313884198666 0.218295142054558 0.480790108442307 0.403338044881821 0.229410290718079 0.229681417346001 0.129673942923546 0.14088062942028 0.156831935048103 0.222659543156624 0.182117059826851 0.259579688310623 0.222149148583412 0.161345332860947 0.0963286161422729 0.0848168060183525 0.0696423873305321 0.0634801909327507 0.0506778210401535 0.0876290127635002 0.20642414689064 0.216493830084801 0.129450753331184 0.0658756792545319 0.0673159062862396 0.109806574881077 0.157671704888344 0.0963151752948761 0.0435581691563129 0.0459695793688297 0.0897708758711815 0.0685245394706726 0.0794837027788162 0.0505958721041679 0.0409496612846851 0.047449417412281 0.0468141846358776 0.0367619842290878 0.0367619842290878 0.0652484595775604 0.0786623582243919 0.0594408437609673 0.0442661829292774 0.0591985620558262 0.0942164361476898
0.125703394412994 0.201437249779701 0.493300050497055 0.433859556913376 0.292620420455933 0.208643212914467 0.165035009384155 0.129909098148346 0.146843880414963 0.221350640058517 0.153209611773491 0.165979832410812 0.150493666529655 0.155988171696663 0.14654316008091 0.105475157499313 0.0699015036225319 0.0526273362338543 0.0462200716137886 0.0827541351318359 0.271316081285477 0.0808638110756874 0.1433315128088 0.0703221186995506 0.0593224205076694 0.126251205801964 0.113051369786263 0.126807481050491 0.0854296833276749 0.0581471063196659 0.0498261339962482 0.0430155135691166 0.0971949175000191 0.0517651401460171 0.0392021909356117 0.0635543465614319 0.0476714409887791 0.0387686863541603 0.0525546297430992 0.0389468148350716 0.0681269466876984 0.0867545232176781 0.0730929523706436 0.037793654948473 0.0481736585497856
0.169472888112068 0.214717969298363 0.564379572868347 0.513601243495941 0.299765795469284 0.224540174007416 0.129311516880989 0.146889016032219 0.171616911888123 0.17105008661747 0.190438002347946 0.125768095254898 0.135384768247604 0.107107281684875 0.0975785627961159 0.0800206214189529 0.0982839316129684 0.0462659858167171 0.0551398023962975 0.101815424859524 0.0927086099982262 0.0600856691598892 0.0993919372558594 0.0568708404898643 0.0648033618927002 0.14283150434494 0.054431326687336 0.0726217702031136 0.12262088060379 0.150642141699791 0.085504338145256 0.0514742322266102 0.0767960101366043 0.0382555015385151 0.0432607978582382 0.0732230171561241 0.0519484579563141 0.0399074777960777 0.0403722561895847 0.0351687520742416 0.0433207228779793 0.105137780308723 0.0480466559529305 0.0323780477046967 0.152207538485527
0.173044621944427 0.260978281497955 0.531180560588837 0.468526870012283 0.223664999008179 0.283111900091171 0.147083893418312 0.131258368492126 0.261011362075806 0.142076104879379 0.13069523870945 0.130380481481552 0.0972160026431084 0.0871974006295204 0.0759652405977249 0.0771740153431892 0.0647174641489983 0.0742115452885628 0.0466696918010712 0.0602082088589668 0.12722735106945 0.153664276003838 0.112054452300072 0.0651724636554718 0.0567081607878208 0.0707830712199211 0.0818431004881859 0.0829057842493057 0.10540446639061 0.112689398229122 0.0671853050589561 0.0607300400733948 0.0681955814361572 0.035527840256691 0.0453397966921329 0.0597473233938217 0.0718508511781693 0.0585542991757393 0.0390582531690598 0.0314290821552277 0.0418928451836109 0.0668351575732231 0.035849217325449 0.0611848160624504 0.171457514166832
0.223924413323402 0.531525135040283 0.556691110134125 0.251705557107925 0.173613101243973 0.228921115398407 0.138337805867195 0.179697394371033 0.249413684010506 0.132540017366409 0.166249945759773 0.142977923154831 0.0923766791820526 0.0829627811908722 0.0727054327726364 0.0583246760070324 0.0596103519201279 0.0543092973530293 0.0526273362338543 0.0447359345853329 0.0813228413462639 0.185808181762695 0.149259135127068 0.115714743733406 0.0767015889286995 0.087545819580555 0.0967211872339249 0.0724563226103783 0.10540446639061 0.0654948055744171 0.0731915980577469 0.0606885887682438 0.0481102988123894 0.0362242013216019 0.0586790069937706 0.0518502369523048 0.0743077769875526 0.0744987726211548 0.057388287037611 0.0331013910472393 0.0341570153832436 0.0391723923385143 0.049544882029295 0.0922868847846985 0.0727873146533966
0.231894969940186 0.335873603820801 0.357568353414536 0.198494225740433 0.194520756602287 0.183969423174858 0.141828641295433 0.171038508415222 0.162372514605522 0.14980460703373 0.126188069581985 0.199378728866577 0.126102402806282 0.105431474745274 0.0853278934955597 0.0687629878520966 0.0634149834513664 0.0475749671459198 0.0411818884313107 0.0385376997292042 0.0778524950146675 0.114486142992973 0.121085345745087 0.104759559035301 0.123235106468201 0.112851366400719 0.103803254663944 0.0830576792359352 0.0874558538198471 0.0752325281500816 0.0702906474471092 0.0595362186431885 0.0333297401666641 0.0619624070823193 0.0504684560000896 0.0538038015365601 0.0562123134732246 0.0789229497313499 0.0565628260374069 0.0379242897033691 0.0285050868988037 0.0687743052840233 0.105809085071087 0.131398022174835 0.0554206594824791
0.430082976818085 0.478730499744415 0.28268101811409 0.227874621748924 0.222079634666443 0.190692618489265 0.152846097946167 0.162101209163666 0.171913683414459 0.195807471871376 0.159688234329224 0.122028261423111 0.114898487925529 0.103266052901745 0.0935268327593803 0.0669480636715889 0.0558813847601414 0.044696357101202 0.0403942205011845 0.041984248906374 0.0787586122751236 0.101174384355545 0.0867908149957657 0.0699316188693047 0.136186122894287 0.114679954946041 0.144808411598206 0.102399043738842 0.0806320086121559 0.099742166697979 0.0988301411271095 0.0644540414214134 0.0365679934620857 0.0689025223255157 0.0482600592076778 0.0530269965529442 0.051628477871418 0.0636233389377594 0.0610766299068928 0.0280826967209578 0.0314371138811111 0.0827762633562088 0.166100919246674 0.0443310625851154 0.059054184705019
0.368806600570679 0.622272253036499 0.606391727924347 0.302963882684708 0.227523595094681 0.216822579503059 0.160025268793106 0.149516999721527 0.181920245289803 0.213891610503197 0.227759256958961 0.143105521798134 0.152116850018501 0.104770325124264 0.117388509213924 0.0852466821670532 0.0653878077864647 0.0455639362335205 0.0455639362335205 0.0396209917962551 0.0698959305882454 0.0889610126614571 0.0677293390035629 0.0747560560703278 0.0879813134670258 0.110543951392174 0.155406966805458 0.101659640669823 0.0898110941052437 0.0659101158380508 0.0588900484144688 0.050651554018259 0.0571431256830692 0.0449167676270008 0.0486198887228966 0.034817773848772 0.0597176887094975 0.0619483105838299 0.0351839959621429 0.0323532596230507 0.033158928155899 0.10373355448246 0.127631053328514 0.0472819693386555 0.0706441104412079
0.337843835353851 0.538298487663269 0.713247299194336 0.429795503616333 0.247407898306847 0.237825959920883 0.214650169014931 0.182178199291229 0.15313895046711 0.132280394434929 0.135582268238068 0.158034414052963 0.136316701769829 0.10186406224966 0.0957724675536156 0.0890148133039474 0.0872297435998917 0.0478035509586334 0.0440560318529606 0.0466709695756435 0.120907127857208 0.111096873879433 0.0932135507464409 0.0921118557453156 0.0925725325942039 0.0927403494715691 0.0943592935800552 0.0653472617268562 0.0792880579829216 0.0746887400746346 0.0619470737874508 0.0568820983171463 0.0620901323854923 0.0521708093583584 0.0632007569074631 0.0486772917211056 0.0512219332158566 0.0571957565844059 0.0365064740180969 0.0407771207392216 0.0435410924255848 0.0752255618572235 0.0822917595505714 0.060452051460743 0.0653766244649887
0.309705793857574 0.491540431976318 0.703265249729156 0.508822023868561 0.253698259592056 0.224493131041527 0.304304003715515 0.253030627965927 0.170767828822136 0.21165257692337 0.170767828822136 0.177468881011009 0.139410361647606 0.142178729176521 0.121039152145386 0.0819299966096878 0.0676398426294327 0.06760523468256 0.0561535954475403 0.0480331778526306 0.0670983120799065 0.0475749671459198 0.0685263872146606 0.100288920104504 0.0679159313440323 0.0766157656908035 0.0623953863978386 0.0526418723165989 0.108958549797535 0.0585385896265507 0.0562217570841312 0.0653814375400543 0.0840975865721703 0.0606255978345871 0.0525581911206245 0.0647542998194695 0.048340667039156 0.0488542281091213 0.0446268133819103 0.0420374274253845 0.0559311956167221 0.0490154735743999 0.0485003031790257 0.0574766471982002 0.065919317305088
0.587161421775818 0.69766902923584 0.588090062141418 0.429827839136124 0.319650411605835 0.293952763080597 0.302177101373672 0.305370599031448 0.207440510392189 0.240257501602173 0.228247404098511 0.20162495970726 0.228669002652168 0.186215311288834 0.135208815336227 0.109484449028969 0.0832604765892029 0.0636231675744057 0.0679231956601143 0.0491971150040627 0.0455639362335205 0.0489622056484222 0.0666884332895279 0.106693364679813 0.0607986338436604 0.0541504472494125 0.0541253983974457 0.102112360298634 0.0679764226078987 0.0542708188295364 0.0815243273973465 0.100822784006596 0.0953763872385025 0.0891775712370872 0.0520078241825104 0.0619433224201202 0.0542779453098774 0.0657224953174591 0.0468226224184036 0.0503224283456802 0.0841184481978416 0.0579722337424755 0.0648744255304337 0.0488134808838367 0.0503302551805973
0.41420117020607 0.662251889705658 0.749578058719635 0.44668248295784 0.335901588201523 0.334779739379883 0.31354832649231 0.258492588996887 0.295413792133331 0.192764133214951 0.180683195590973 0.183722361922264 0.183124408125877 0.133239954710007 0.111561432480812 0.109585985541344 0.0985971465706825 0.0791666954755783 0.0615561567246914 0.0758477002382278 0.0508724749088287 0.0528758428990841 0.0705531984567642 0.0742771998047829 0.0473474189639091 0.0644607096910477 0.119023159146309 0.0944409519433975 0.0426501780748367 0.0859306380152702 0.109346747398376 0.0749866142868996 0.102985620498657 0.0939703658223152 0.0735055580735207 0.061099935323 0.0751531794667244 0.0574631318449974 0.048105712980032 0.0672194808721542 0.089545950293541 0.0693668052554131 0.0690256357192993 0.0674092620611191 0.0616354160010815
0.658130884170532 0.583924889564514 0.720095276832581 0.451169371604919 0.380469441413879 0.385109812021255 0.334335327148438 0.286480993032455 0.251454651355743 0.271185964345932 0.191834017634392 0.201750084757805 0.239076569676399 0.136653676629066 0.149198159575462 0.126778408885002 0.0900831446051598 0.0960283651947975 0.0895794928073883 0.0734146684408188 0.0623462945222855 0.0586042962968349 0.0538962930440903 0.09917201846838 0.0541263073682785 0.159272775053978 0.152906373143196 0.112588249146938 0.0577334612607956 0.05573670566082 0.114962480962276 0.0943446308374405 0.157035440206528 0.142358049750328 0.0764769166707993 0.0755565464496613 0.078218899667263 0.0655947774648666 0.0686700493097305 0.0602947287261486 0.070809043943882 0.0620585829019547 0.0739012658596039 0.0702626556158066 0.0706431716680527
