output/projections/06_BA/Scinax nebulosus.asc
NCOLS 168 
NROWS 144 
XLLCORNER -41.0000000002598 
YLLCORNER -7.99999999976785 
CELLSIZE 0.0416666666664048 
NODATA_value -3.4e+38 
[rows 120 to 139 of 144, columns 45 to 89 of 168]
0.620561242103577 0.596224665641785 0.531920254230499 0.456391632556915 0.277484774589539 0.246537029743195 0.223026007413864 0.210452631115913 0.19930100440979 0.177899301052094 0.334043741226196 0.350927114486694 0.320744752883911 0.249845400452614 0.311260670423508 0.20550648868084 0.158352762460709 0.175864920020103 0.175575792789459 0.254608035087585 0.529049932956696 0.632614731788635 0.549303293228149 0.447676837444305 0.312793672084808 0.395930081605911 0.333651572465897 0.232523962855339 0.166835024952888 0.175689250230789 0.298008531332016 0.348754227161407 0.386044830083847 0.470545083284378 0.60574746131897 0.368721842765808 0.261922389268875 0.235416814684868 0.244997560977936 0.247445449233055 0.194266602396965 0.152565091848373 0.146420106291771 0.123425558209419 0.0633992999792099
0.790735304355621 0.688674032688141 0.593009948730469 0.422211080789566 0.259491682052612 0.333812266588211 0.245233595371246 0.193101823329926 0.179811164736748 0.166124686598778 0.183097928762436 0.182501539587975 0.4101602435112 0.568844556808472 0.230917185544968 0.173687100410461 0.190170869231224 0.176734551787376 0.206969946622849 0.434589296579361 0.334828734397888 0.391606271266937 0.385984003543854 0.261737793684006 0.245158404111862 0.300373464822769 0.215206235647202 0.247397527098656 0.246445640921593 0.252276986837387 0.30351996421814 0.276378363370895 0.331958532333374 0.424291580915451 0.387299388647079 0.262711554765701 0.225946456193924 0.194552361965179 0.178814604878426 0.230947658419609 0.210350960493088 0.165487840771675 0.137944310903549 0.0972325652837753 0.0673374533653259
0.678687334060669 0.656775057315826 0.407068192958832 0.384905189275742 0.267711609601974 0.478374570608139 0.290398329496384 0.27079051733017 0.233423396945 0.216219365596771 0.203684940934181 0.209128960967064 0.273575574159622 0.261352270841599 0.227178230881691 0.144876405596733 0.221231266856194 0.288463950157166 0.281684964895248 0.24874073266983 0.184203237295151 0.250642716884613 0.251017838716507 0.264496862888336 0.205520495772362 0.188320070505142 0.221575379371643 0.289689272642136 0.42509052157402 0.311037540435791 0.351149648427963 0.544067859649658 0.504044592380524 0.412963002920151 0.2719746530056 0.215881273150444 0.260197848081589 0.344021737575531 0.242597594857216 0.230239346623421 0.220230713486671 0.163971334695816 0.108666226267815 0.0849087238311768 0.0732610896229744
0.45456063747406 0.35208597779274 0.32857745885849 0.464439123868942 0.292890310287476 0.558061122894287 0.32269561290741 0.214664801955223 0.186905235052109 0.300994068384171 0.232167929410934 0.190478473901749 0.20272921025753 0.345158487558365 0.33096981048584 0.275805652141571 0.168968588113785 0.377961874008179 0.57721346616745 0.265246033668518 0.159036204218864 0.419623225927353 0.494226694107056 0.249308720231056 0.237799137830734 0.186931312084198 0.296159595251083 0.34079521894455 0.508195519447327 0.399970233440399 0.433289885520935 0.576971054077148 0.433722913265228 0.397556781768799 0.317137569189072 0.296204447746277 0.194552361965179 0.148295730352402 0.14453236758709 0.258676111698151 0.172147631645203 0.112836465239525 0.0937549397349358 0.0819101631641388 0.0667133331298828
0.426528424024582 0.330699592828751 0.348412781953812 0.350247174501419 0.370931327342987 0.45501583814621 0.32802876830101 0.269296705722809 0.152509644627571 0.191390305757523 0.141038477420807 0.165165036916733 0.485678821802139 0.580499529838562 0.605042338371277 0.408028960227966 0.179695636034012 0.472174674272537 0.411556839942932 0.179107904434204 0.475875437259674 0.471231877803802 0.248756766319275 0.194090291857719 0.315612077713013 0.203375250101089 0.359399765729904 0.436133831739426 0.273989498615265 0.501840531826019 0.521959483623505 0.738044261932373 0.463467091321945 0.386759281158447 0.304204225540161 0.226660490036011 0.167003646492958 0.114841468632221 0.132286444306374 0.315334916114807 0.167051389813423 0.082132376730442 0.0757683143019676 0.0648574456572533 0.047062374651432
0.321186184883118 0.362380683422089 0.602268278598785 0.217580497264862 0.248892620205879 0.441885411739349 0.382839441299438 0.36666265130043 0.399731874465942 0.233578994870186 0.154993712902069 0.167233720421791 0.598447680473328 0.628537893295288 0.489451438188553 0.20271535217762 0.18058006465435 0.526101469993591 0.201427921652794 0.299589514732361 0.536877989768982 0.274801462888718 0.186167523264885 0.508507966995239 0.519006967544556 0.329969763755798 0.390766352415085 0.371008157730103 0.221740171313286 0.616802036762238 0.637703061103821 0.784878492355347 0.473868876695633 0.302493184804916 0.295156240463257 0.189383745193481 0.134938761591911 0.129404976963997 0.184660077095032 0.2642662525177 0.0964357182383537 0.0642967000603676 0.170988380908966 0.170853018760681 0.0985584631562233
0.564966857433319 0.600865602493286 0.463805586099625 0.214158117771149 0.363371074199677 0.461231917142868 0.33441162109375 0.283933281898499 0.286604970693588 0.180824786424637 0.310759395360947 0.364288419485092 0.243620574474335 0.3267742395401 0.388075619935989 0.142760768532753 0.25921368598938 0.379327267408371 0.413328289985657 0.497753113508224 0.503603756427765 0.234668165445328 0.396052896976471 0.318204313516617 0.436196953058243 0.259013831615448 0.259013831615448 0.21503047645092 0.207140862941742 0.770178079605103 0.762436985969543 0.712564706802368 0.33814263343811 0.251361012458801 0.268210828304291 0.2177674472332 0.106121197342873 0.092706173658371 0.169554069638252 0.144403710961342 0.0497890487313271 0.119527243077755 0.162442669272423 0.146030232310295 0.161347642540932
0.710750102996826 0.738226294517517 0.455808818340302 0.321375787258148 0.322120904922485 0.307558923959732 0.280184179544449 0.221945583820343 0.2364551872015 0.217290446162224 0.377115309238434 0.131086334586143 0.127800658345222 0.244773328304291 0.339769333600998 0.142135441303253 0.291102439165115 0.498258084058762 0.481531709432602 0.45403465628624 0.372303456068039 0.246075123548508 0.253637760877609 0.205662474036217 0.225764453411102 0.257285356521606 0.194063454866409 0.210135385394096 0.204502537846565 0.677596092224121 0.654982447624207 0.385148525238037 0.235963925719261 0.213350594043732 0.167414620518684 0.140324905514717 0.0844114199280739 0.0973853021860123 0.262655019760132 0.13877210021019 0.0692479833960533 0.062967985868454 0.122098796069622 0.163116917014122 0.152150705456734
0.717598974704742 0.744315266609192 0.407668918371201 0.504550099372864 0.465057522058487 0.413486510515213 0.337612122297287 0.264435738325119 0.211705148220062 0.264340043067932 0.16858746111393 0.130235269665718 0.156855300068855 0.347933709621429 0.484485745429993 0.226797878742218 0.384617447853088 0.439669251441956 0.485742956399918 0.370776414871216 0.26681661605835 0.218967244029045 0.189850434660912 0.202883645892143 0.290923058986664 0.199314698576927 0.204177990555763 0.209301188588142 0.259797304868698 0.317463934421539 0.448422014713287 0.209645941853523 0.217590168118477 0.15726874768734 0.280930191278458 0.164627090096474 0.109214223921299 0.0859737619757652 0.143495202064514 0.189383745193481 0.163650900125504 0.114313438534737 0.137666374444962 0.164627090096474 0.13019897043705
0.500330030918121 0.726208448410034 0.470566868782043 0.68012547492981 0.420342564582825 0.559894025325775 0.290267556905746 0.29569610953331 0.208866134285927 0.188444316387177 0.192174971103668 0.162876605987549 0.333896189928055 0.431071519851685 0.161430478096008 0.482036054134369 0.521335661411285 0.382753729820251 0.360378086566925 0.252669930458069 0.201567813754082 0.194851890206337 0.151224106550217 0.272180825471878 0.309106737375259 0.255168557167053 0.187684431672096 0.179082676768303 0.184477582573891 0.161994934082031 0.206485956907272 0.329580008983612 0.243284523487091 0.113289579749107 0.124576181173325 0.157533496618271 0.116886265575886 0.147628739476204 0.0897638648748398 0.181442379951477 0.156454056501389 0.171506270766258 0.120140768587589 0.0928597524762154 0.119618766009808
0.502012133598328 0.796698391437531 0.663019776344299 0.47935277223587 0.370540410280228 0.533938348293304 0.346006751060486 0.279915511608124 0.217580497264862 0.171079263091087 0.18243245780468 0.24077995121479 0.45453542470932 0.414216220378876 0.226600348949432 0.403784900903702 0.45035782456398 0.347480952739716 0.20945930480957 0.191081568598747 0.169371336698532 0.143623188138008 0.173674792051315 0.367551028728485 0.288440972566605 0.19851265847683 0.180721446871758 0.164055243134499 0.144489943981171 0.132127642631531 0.263081729412079 0.348859488964081 0.136220410466194 0.112282268702984 0.101243026554585 0.103266529738903 0.127221614122391 0.109789803624153 0.200745210051537 0.188121691346169 0.123144887387753 0.141154229640961 0.104024261236191 0.0848687365651131 0.0769376531243324
0.682422816753387 0.737903118133545 0.613439321517944 0.480233609676361 0.411418527364731 0.47333499789238 0.316568732261658 0.272869229316711 0.21698522567749 0.186909630894661 0.246628448367119 0.435751378536224 0.575362026691437 0.539495348930359 0.332989782094955 0.324982464313507 0.387002825737 0.25725257396698 0.127240672707558 0.210466891527176 0.21501599252224 0.16376993060112 0.156202092766762 0.333594501018524 0.229855388402939 0.243683815002441 0.147007256746292 0.135873526334763 0.140912413597107 0.132586106657982 0.277577638626099 0.233578994870186 0.0931966006755829 0.101789236068726 0.146616086363792 0.183851972222328 0.103170171380043 0.128567039966583 0.205790519714355 0.190907463431358 0.133979558944702 0.0708707645535469 0.0971036106348038 0.0825524628162384 0.053476095199585
0.561605036258698 0.549549281597137 0.547808587551117 0.312968969345093 0.327328264713287 0.527814745903015 0.411922782659531 0.204262673854828 0.213758945465088 0.211815923452377 0.285127967596054 0.52889758348465 0.561209201812744 0.380463808774948 0.319177985191345 0.332019984722137 0.306419909000397 0.11971939355135 0.108423262834549 0.16823898255825 0.303318053483963 0.20945930480957 0.119399689137936 0.177607551217079 0.297826677560806 0.272387087345123 0.209804251790047 0.153555676341057 0.149153098464012 0.146985739469528 0.170350447297096 0.105341903865337 0.109985046088696 0.12423600256443 0.158434346318245 0.239740058779716 0.240848928689957 0.170620605349541 0.116038180887699 0.114094153046608 0.100959219038486 0.0666112005710602 0.0806599780917168 0.085416279733181 0.0484596863389015
0.423291563987732 0.358187437057495 0.346353739500046 0.391342222690582 0.436014473438263 0.382265418767929 0.230188801884651 0.173600196838379 0.24376405775547 0.364267349243164 0.532905459403992 0.559842824935913 0.442861616611481 0.394253253936768 0.284120589494705 0.208474203944206 0.15773706138134 0.223733484745026 0.143367305397987 0.11929028481245 0.20075897872448 0.20271535217762 0.13282573223114 0.143005222082138 0.20598877966404 0.167959839105606 0.161312818527222 0.145619869232178 0.18340952694416 0.112178556621075 0.110384881496429 0.0866032838821411 0.136926576495171 0.20024462044239 0.287765264511108 0.195602253079414 0.181739047169685 0.114806592464447 0.0684526562690735 0.0959533601999283 0.0970960929989815 0.0668002739548683 0.0774322301149368 0.0585285499691963 0.0428053438663483
0.389786183834076 0.462798774242401 0.430935561656952 0.521018981933594 0.448943942785263 0.262118309736252 0.213331535458565 0.272175312042236 0.385967403650284 0.368235498666763 0.589725136756897 0.583057463169098 0.456936031579971 0.334404021501541 0.29890438914299 0.174552425742149 0.188541397452354 0.191950380802155 0.19939324259758 0.116984896361828 0.106682419776917 0.166835024952888 0.137779802083969 0.185393184423447 0.203853830695152 0.171075150370598 0.110086992383003 0.298862367868423 0.220678940415382 0.120351932942867 0.112377516925335 0.122062020003796 0.203657105565071 0.293382108211517 0.193101823329926 0.180554673075676 0.136926576495171 0.0831592157483101 0.0845525413751602 0.0894312188029289 0.0827762633562088 0.0617152489721775 0.0517163276672363 0.045176986604929 0.0417070984840393
0.425029426813126 0.508830547332764 0.389311492443085 0.380606889724731 0.413030326366425 0.234320253133774 0.186308071017265 0.201651677489281 0.3001489341259 0.310944527387619 0.550567924976349 0.458057850599289 0.236893311142921 0.242029562592506 0.20617787539959 0.178360745310783 0.15868467092514 0.167338117957115 0.206239625811577 0.241160735487938 0.110384881496429 0.090012326836586 0.137172803282738 0.197066977620125 0.360838353633881 0.325877726078033 0.127115592360497 0.262661695480347 0.178166300058365 0.21396367251873 0.21042412519455 0.168214976787567 0.183695822954178 0.324772983789444 0.167233720421791 0.164591699838638 0.143239513039589 0.0757262706756592 0.0884537622332573 0.0666759461164474 0.0556013882160187 0.045176986604929 0.0477642416954041 0.0477642416954041 0.0526606924831867
0.319435507059097 0.371052920818329 0.358446508646011 0.259119421243668 0.313659340143204 0.285251677036285 0.197873815894127 0.237123996019363 0.313640862703323 0.296570062637329 0.282177209854126 0.455098122358322 0.319567173719406 0.28475621342659 0.196769446134567 0.132313385605812 0.27922198176384 0.352884888648987 0.271865993738174 0.193029686808586 0.107210144400597 0.123802289366722 0.142124980688095 0.242327600717545 0.434841603040695 0.349964678287506 0.168348670005798 0.234450459480286 0.253769874572754 0.349037528038025 0.250155329704285 0.111962839961052 0.309292435646057 0.268177151679993 0.121098108589649 0.135507270693779 0.106393329799175 0.0797699987888336 0.0741204023361206 0.0487848557531834 0.0492053963243961 0.0466750971972942 0.0590809471905231 0.0621185563504696 0.0613045133650303
0.395490318536758 0.382066994905472 0.278122961521149 0.268227905035019 0.296473473310471 0.39100444316864 0.283703207969666 0.271780073642731 0.250035345554352 0.231807321310043 0.242385506629944 0.223406910896301 0.222795203328133 0.241457119584084 0.216901630163193 0.398801326751709 0.352627605199814 0.410193234682083 0.173082187771797 0.157184660434723 0.105341903865337 0.145350381731987 0.108222171664238 0.151202082633972 0.331199705600739 0.360578507184982 0.190265133976936 0.205110803246498 0.380532532930374 0.364067226648331 0.253786116838455 0.11960069835186 0.204488575458527 0.150957062840462 0.0976374745368958 0.0746820867061615 0.0690414607524872 0.0635543465614319 0.0560817681252956 0.0524101592600346 0.0503962300717831 0.0752962455153465 0.0633636489510536 0.0429108552634716 0.0458328239619732
0.386872082948685 0.285387009382248 0.256738394498825 0.241102308034897 0.344228088855743 0.374827533960342 0.303232461214066 0.27078503370285 0.291956692934036 0.186308071017265 0.16768915951252 0.430970549583435 0.425785690546036 0.237139508128166 0.322385728359222 0.455808818340302 0.286545395851135 0.226519197225571 0.126120701432228 0.197763890028 0.109642885625362 0.0820151716470718 0.144104331731796 0.175237432122231 0.239740058779716 0.487697422504425 0.171753481030464 0.321660131216049 0.369690895080566 0.231766447424889 0.187817007303238 0.153950840234756 0.0926989540457726 0.0759511590003967 0.0570588707923889 0.0585954003036022 0.0588160119950771 0.0761585533618927 0.0769376531243324 0.0568864792585373 0.0572086162865162 0.0574806928634644 0.0440599396824837 0.038773600012064 0.0403025187551975
0.318938374519348 0.259063482284546 0.275632292032242 0.2114247828722 0.26186066865921 0.331397622823715 0.39390105009079 0.258536785840988 0.338997572660446 0.185087710618973 0.160972714424133 0.271082133054733 0.372444778680801 0.274456351995468 0.404007166624069 0.345339208841324 0.294234275817871 0.218246281147003 0.122932635247707 0.116713412106037 0.139861896634102 0.10758463293314 0.254905581474304 0.148746356368065 0.290029525756836 0.463913947343826 0.310741007328033 0.256441414356232 0.315106511116028 0.185511544346809 0.174236133694649 0.0837098956108093 0.0671254694461823 0.0551880784332752 0.0750366076827049 0.0656304359436035 0.124917156994343 0.120361015200615 0.0838631391525269 0.0678189471364021 0.0495393462479115 0.0492541193962097 0.0423147976398468 0.0389616265892982 0.0459202267229557
