output/projections/06_BA/Scinax nebulosus.asc
NCOLS 168 
NROWS 144 
XLLCORNER -41.0000000002598 
YLLCORNER -7.99999999976785 
CELLSIZE 0.0416666666664048 
NODATA_value -3.4e+38 
[rows 40 to 59 of 144, columns 0 to 44 of 168]
0.910799026489258 0.872729182243347 0.469548314809799 0.236295148730278 0.373985379934311 0.70349133014679 0.477953791618347 0.240721121430397 0.134209409356117 0.126976206898689 0.101750530302525 0.540680170059204 0.669060885906219 0.56654280424118 0.211243465542793 0.0984562337398529 0.0573239773511887 0.0601201392710209 0.0524777285754681 0.0521895624697208 0.0595103241503239 0.0927947014570236 0.0790765732526779 0.0468748956918716 0.0422365963459015 0.0439832881093025 0.0204311199486256 0.0194561798125505 0.0342310555279255 0.109442017972469 0.0534407868981361 0.047234021127224 0.170251846313477 0.0801592320203781 0.0687907934188843 0.32327139377594 0.164318040013313 0.0743696764111519 0.0626195818185806 0.0536331720650196 0.0642064958810806 0.0445582158863544 0.0444942303001881 0.0538623258471489 0.0876544266939163
0.650030732154846 0.897900342941284 0.833132147789001 0.520570278167725 0.343257546424866 0.252753883600235 0.534012079238892 0.389889895915985 0.176627337932587 0.134704723954201 0.0992774739861488 0.337216913700104 0.323219805955887 0.20150887966156 0.109719231724739 0.0753244161605835 0.0746262669563293 0.04700693115592 0.047811821103096 0.0425808317959309 0.0482250563800335 0.179944321513176 0.0648092404007912 0.0384356267750263 0.0460689999163151 0.0434752777218819 0.0233893040567636 0.0191652309149504 0.0240302253514528 0.0301733799278736 0.0252202674746513 0.0277701485902071 0.0333496332168579 0.0867060422897339 0.0607984252274036 0.126807481050491 0.187806814908981 0.0624828711152077 0.0850903019309044 0.0531245209276676 0.0452168844640255 0.0280063468962908 0.0453031435608864 0.0613310933113098 0.0576248206198215
0.6239133477211 0.857355654239655 0.916186213493347 0.629628837108612 0.282009661197662 0.217791438102722 0.460770487785339 0.463856220245361 0.304763346910477 0.278620511293411 0.203499555587769 0.182007104158401 0.164971098303795 0.0981869772076607 0.0687947198748589 0.0771148800849915 0.11384628713131 0.0382573679089546 0.0524522066116333 0.0620113760232925 0.0690348818898201 0.0645435377955437 0.039882093667984 0.0214211922138929 0.11351615190506 0.0555384084582329 0.0355300381779671 0.0248157903552055 0.0257589593529701 0.0221387594938278 0.0256373956799507 0.0225075036287308 0.0238815248012543 0.0656429082155228 0.111836478114128 0.0730684027075768 0.0761157274246216 0.0533746629953384 0.0433698557317257 0.0475544705986977 0.0461935512721539 0.0266211088746786 0.0435173995792866 0.057870764285326 0.0893985480070114
0.646827936172485 0.875846862792969 0.909869313240051 0.594769418239594 0.326165556907654 0.189005926251411 0.492567509412766 0.693156540393829 0.55852335691452 0.368544161319733 0.259161084890366 0.190744161605835 0.143823772668839 0.122665107250214 0.0592725612223148 0.104565501213074 0.0991984754800797 0.0583934411406517 0.0366680882871151 0.0552869066596031 0.0770230889320374 0.0645487233996391 0.0308119636029005 0.0208995882421732 0.0317244976758957 0.0760570764541626 0.0355095118284225 0.0248013027012348 0.0441559590399265 0.043461337685585 0.0349810570478439 0.0255009811371565 0.02547512575984 0.0306232534348965 0.0401999577879906 0.0346482992172241 0.0364628955721855 0.0588782429695129 0.0460909344255924 0.0571888945996761 0.0361767001450062 0.0302331075072289 0.0258737150579691 0.0327572301030159 0.0734488517045975
0.598247885704041 0.863921225070953 0.923183023929596 0.742029130458832 0.30439105629921 0.261013150215149 0.591034650802612 0.610351622104645 0.453642398118973 0.25396391749382 0.190115466713905 0.202026695013046 0.159662261605263 0.159498766064644 0.0608648546040058 0.0817721858620644 0.0897858068346977 0.0636565387248993 0.0458901114761829 0.0522629581391811 0.0608326457440853 0.0746932402253151 0.0353224724531174 0.028416782617569 0.0299279578030109 0.0262225959450006 0.0234278608113527 0.0238216388970613 0.0327861458063126 0.0405804514884949 0.0295772682875395 0.0239867828786373 0.0248256158083677 0.042663998901844 0.045496828854084 0.0276855733245611 0.0565674044191837 0.125966414809227 0.0590321011841297 0.0331834219396114 0.0355914123356342 0.0396732352674007 0.0315661169588566 0.0342232845723629 0.0392782837152481
0.524757981300354 0.794368863105774 0.907826542854309 0.893232703208923 0.553451955318451 0.391838908195496 0.426096737384796 0.510574162006378 0.296954542398453 0.219688162207603 0.184893652796745 0.195449396967888 0.214486569166183 0.198288857936859 0.0733305737376213 0.0498715974390507 0.0945682376623154 0.0770783573389053 0.0628954991698265 0.0444236323237419 0.0743961557745934 0.0470164977014065 0.040817603468895 0.0342388339340687 0.0262537393718958 0.0359518900513649 0.022177679464221 0.0199043918401003 0.0266224108636379 0.040402065962553 0.0302268173545599 0.0269502326846123 0.0245894007384777 0.0488704741001129 0.0484763234853745 0.0439724661409855 0.0497113652527332 0.0494044460356236 0.0425991341471672 0.0291780233383179 0.0306690037250519 0.0551151148974895 0.0421199351549149 0.0334069132804871 0.0506491847336292
0.441948771476746 0.674926996231079 0.879489183425903 0.925598919391632 0.754852771759033 0.520148992538452 0.444910943508148 0.35492667555809 0.227766484022141 0.277019798755646 0.207220032811165 0.234681755304337 0.275387972593307 0.193680852651596 0.0817523822188377 0.0486443266272545 0.0848071053624153 0.0851602330803871 0.0488661862909794 0.093600258231163 0.0882107093930244 0.0536910928785801 0.035604614764452 0.0375930145382881 0.0252673123031855 0.0377190858125687 0.0259785987436771 0.0209157913923264 0.0267479307949543 0.0439589731395245 0.0441084280610085 0.0305824242532253 0.0495771467685699 0.0445342063903809 0.0297344103455544 0.0421035252511501 0.0508046932518482 0.0350977219641209 0.0312496814876795 0.0221871100366116 0.0323423445224762 0.0745317563414574 0.0424855872988701 0.0304503943771124 0.061273604631424
0.241235107183456 0.415557503700256 0.744316279888153 0.898151397705078 0.811576366424561 0.464388281106949 0.313116878271103 0.188659757375717 0.399557918310165 0.340937048196793 0.187828555703163 0.294298738241196 0.318041563034058 0.131024360656738 0.108102984726429 0.0839149951934814 0.0492179580032825 0.0480180159211159 0.0556690730154514 0.0651861503720284 0.076361745595932 0.0522989742457867 0.0348175279796124 0.0360302999615669 0.0252181813120842 0.0342277474701405 0.0233078487217426 0.0191437751054764 0.0239122938364744 0.0828683748841286 0.0412687920033932 0.0513867735862732 0.0548957027494907 0.037351805716753 0.025441262871027 0.0267188288271427 0.0492827035486698 0.024109261110425 0.0360654816031456 0.0287582948803902 0.0320825278759003 0.0553871355950832 0.0607121810317039 0.035070925951004 0.0608110427856445
0.221715569496155 0.492567509412766 0.748414874076843 0.885768890380859 0.771501958370209 0.369481027126312 0.18777197599411 0.287298798561096 0.658626079559326 0.272799164056778 0.319126188755035 0.321051687002182 0.218920394778252 0.105503708124161 0.175097033381462 0.0865421965718269 0.0819221958518028 0.0451436638832092 0.0457448698580265 0.0379305519163609 0.142283350229263 0.0766624733805656 0.0501802526414394 0.0340216718614101 0.0296274404972792 0.0331210196018219 0.0307245682924986 0.0199146866798401 0.0234528966248035 0.0737163424491882 0.0648893713951111 0.0503981299698353 0.0657439678907394 0.0368928611278534 0.0342588648200035 0.0265957210212946 0.0490111745893955 0.0227011553943157 0.040139477699995 0.0378284379839897 0.039849329739809 0.0622497908771038 0.0823090448975563 0.039637103676796 0.0555279105901718
0.220504954457283 0.363410770893097 0.630660593509674 0.862954318523407 0.612896800041199 0.281540066003799 0.186691388487816 0.561309456825256 0.611504018306732 0.332218438386917 0.316717565059662 0.222547724843025 0.206768289208412 0.116116218268871 0.115317404270172 0.164065629243851 0.110477082431316 0.0715353935956955 0.0439544953405857 0.0405804514884949 0.056841216981411 0.0448718555271626 0.0368870422244072 0.0514278188347816 0.0504766777157784 0.0386694595217705 0.0275595765560865 0.039899405092001 0.0214595645666122 0.0449230410158634 0.0546117573976517 0.0539391599595547 0.109011843800545 0.0534113757312298 0.0417170599102974 0.0244563762098551 0.0451476387679577 0.0245758276432753 0.0299025010317564 0.0626467391848564 0.0571757890284061 0.0876520648598671 0.0564867965877056 0.0405759997665882 0.0645633190870285
0.242173343896866 0.371377199888229 0.689999401569366 0.820623874664307 0.674929916858673 0.318574249744415 0.715454399585724 0.740285277366638 0.557575047016144 0.378549158573151 0.217736482620239 0.171788647770882 0.329508453607559 0.129902586340904 0.0992302969098091 0.127586737275124 0.129394173622131 0.097026526927948 0.0745494738221169 0.0621379613876343 0.05953224375844 0.0324274562299252 0.0272900518029928 0.0347324423491955 0.140324905514717 0.0563001483678818 0.0317380726337433 0.0313087478280067 0.0262557473033667 0.0298210252076387 0.0818779096007347 0.0671254694461823 0.0763446018099785 0.0429948456585407 0.0436528846621513 0.0313449874520302 0.0233925506472588 0.0194901805371046 0.0266399774700403 0.0634773969650269 0.0813774019479752 0.0722775533795357 0.0506789982318878 0.055962085723877 0.0552738271653652
0.308668494224548 0.177447274327278 0.259691745042801 0.352448761463165 0.582350492477417 0.736322104930878 0.802897214889526 0.780385673046112 0.57338160276413 0.252324849367142 0.188394740223885 0.26827871799469 0.323516637086868 0.116732247173786 0.119379907846451 0.0996113717556 0.109729640185833 0.11484981328249 0.107778258621693 0.0443024225533009 0.1017811819911 0.057209637016058 0.0300291255116463 0.0279654320329428 0.0297500565648079 0.0402868166565895 0.0789014622569084 0.0290977451950312 0.0285379812121391 0.0775933638215065 0.106789849698544 0.0482770949602127 0.0368313565850258 0.038989283144474 0.0297996792942286 0.02205740660429 0.0309262648224831 0.0244563762098551 0.0488336980342865 0.0593421123921871 0.0500278696417809 0.045353077352047 0.0523625835776329 0.0700747594237328 0.0557061322033405
0.244308516383171 0.116674520075321 0.183102265000343 0.212803050875664 0.366776943206787 0.45076984167099 0.7487753033638 0.751956939697266 0.419110625982285 0.243454620242119 0.197602823376656 0.317206829786301 0.2652388215065 0.103724032640457 0.145770341157913 0.124584428966045 0.0896920263767242 0.0863969027996063 0.127192065119743 0.0757560431957245 0.0516620241105556 0.0510742217302322 0.034832376986742 0.0417210608720779 0.0326163247227669 0.0690469741821289 0.0302499141544104 0.0259996056556702 0.0327312648296356 0.0908544585108757 0.0996122881770134 0.0555256605148315 0.0559364780783653 0.0389601737260818 0.0215265825390816 0.028831897303462 0.0298574548214674 0.0282121133059263 0.0609765462577343 0.0496581606566906 0.0479619652032852 0.0512247122824192 0.0456130616366863 0.0644643306732178 0.0572180449962616
0.207883089780807 0.105066806077957 0.156721517443657 0.177004396915436 0.249249920248985 0.384727746248245 0.75598669052124 0.589761912822723 0.358853787183762 0.279384821653366 0.192817121744156 0.268732488155365 0.164745286107063 0.136052429676056 0.110690928995609 0.155174598097801 0.110913589596748 0.0831916481256485 0.122350066900253 0.0677435249090195 0.0454782657325268 0.0612608976662159 0.0354472957551479 0.051822941750288 0.0797124952077866 0.0350521095097065 0.0310103744268417 0.0295273773372173 0.0311599038541317 0.0492134243249893 0.0810467824339867 0.0975533500313759 0.0381847508251667 0.0349901802837849 0.0182972252368927 0.049076996743679 0.0368283130228519 0.0409265756607056 0.0533321239054203 0.0396512039005756 0.0732738375663757 0.0468219853937626 0.0428124442696571 0.0626161396503448 0.0508008673787117
0.136940136551857 0.100059516727924 0.143616199493408 0.137886554002762 0.158183664083481 0.540303289890289 0.752054214477539 0.509650647640228 0.353322178125381 0.296750724315643 0.209832087159157 0.196992099285126 0.163507089018822 0.0971102491021156 0.132166564464569 0.179158762097359 0.106714777648449 0.090976171195507 0.151324406266212 0.0575334914028645 0.0474074073135853 0.0641161277890205 0.0472274422645569 0.0429881066083908 0.0395991280674934 0.0363698191940784 0.0339851304888725 0.0302571337670088 0.0293872486799955 0.0507460944354534 0.126356616616249 0.0854193791747093 0.0336557254195213 0.0350665710866451 0.0210136845707893 0.026879271492362 0.0686099007725716 0.0526487976312637 0.0437327064573765 0.0528739802539349 0.05840003490448 0.0385041423141956 0.0432773120701313 0.0792375430464745 0.0578395873308182
0.211217865347862 0.0894405618309975 0.104497022926807 0.148639976978302 0.172066196799278 0.550636112689972 0.596732914447784 0.391378700733185 0.283315718173981 0.254097640514374 0.223912566900253 0.164888575673103 0.11552120000124 0.111290283501148 0.0989133939146996 0.160843253135681 0.0945169478654861 0.0808593258261681 0.136445075273514 0.0707163065671921 0.0524716749787331 0.0642081797122955 0.0639964491128922 0.0370385460555553 0.0451184622943401 0.0366537235677242 0.0323383249342442 0.0310048814862967 0.0282602217048407 0.0484196171164513 0.120370097458363 0.0869400426745415 0.0481700859963894 0.0578153356909752 0.0317375138401985 0.0319082997739315 0.0798744708299637 0.0410050004720688 0.0364270657300949 0.0573828741908073 0.0419743061065674 0.0410114377737045 0.0538600645959377 0.0560136660933495 0.0585676245391369
0.131839394569397 0.0895655006170273 0.135155275464058 0.101332619786263 0.242524102330208 0.636967301368713 0.45244500041008 0.252517282962799 0.262688845396042 0.211096182465553 0.207106471061707 0.184719726443291 0.118779398500919 0.138781905174255 0.150430291891098 0.11599262803793 0.0986741185188293 0.0980506986379623 0.122285053133965 0.0994178280234337 0.0615843795239925 0.0619467012584209 0.0859057903289795 0.0383542627096176 0.0352227501571178 0.0326548218727112 0.0311599038541317 0.0452293083071709 0.0395913943648338 0.0304090566933155 0.0656942948698997 0.121987260878086 0.133416458964348 0.128702953457832 0.0736394450068474 0.0344837605953217 0.0702356621623039 0.0377757772803307 0.0480619929730892 0.0642355382442474 0.0428840778768063 0.0327958464622498 0.066552922129631 0.0499049760401249 0.0500577166676521
0.111034207046032 0.0886638686060905 0.0968832448124886 0.100419588387012 0.344306707382202 0.59022182226181 0.358755439519882 0.269228726625443 0.195760130882263 0.200892433524132 0.171772509813309 0.173574149608612 0.16885806620121 0.113637857139111 0.125734329223633 0.119262330234051 0.106847412884235 0.0940506309270859 0.0814873203635216 0.142687171697617 0.0773638561367989 0.0707509815692902 0.065292663872242 0.0475215129554272 0.0349846519529819 0.0399640500545502 0.031939722597599 0.0313122123479843 0.0257492065429688 0.0410315059125423 0.11533659696579 0.136230513453484 0.102905333042145 0.0803001970052719 0.0580948181450367 0.0601069778203964 0.0757899209856987 0.0526708401739597 0.071193240582943 0.0527830049395561 0.0355420224368572 0.02738281711936 0.110695689916611 0.0598294325172901 0.0460570231080055
0.0897284001111984 0.133466795086861 0.0619535967707634 0.111079923808575 0.397844523191452 0.530899226665497 0.276477634906769 0.207806259393692 0.187534064054489 0.221046566963196 0.14187715947628 0.212501809000969 0.169431179761887 0.110435076057911 0.122910067439079 0.141522541642189 0.1456089168787 0.092349149286747 0.0649420022964478 0.0870440006256104 0.0692951157689095 0.108403384685516 0.0730167478322983 0.0602398701012135 0.0336561910808086 0.0453606434166431 0.0358641371130943 0.0598866641521454 0.0274426024407148 0.0248799622058868 0.0748981758952141 0.0623207949101925 0.0914510190486908 0.0448411479592323 0.0753866955637932 0.0950088948011398 0.118762500584126 0.100683882832527 0.0543805025517941 0.0429449789226055 0.0349538400769234 0.0286227893084288 0.0588134340941906 0.104986563324928 0.0850407257676125
0.114462994039059 0.111936748027802 0.0756959989666939 0.140674442052841 0.424487888813019 0.495944708585739 0.23112815618515 0.197915121912956 0.205997675657272 0.196129709482193 0.154365137219429 0.228654369711876 0.181940302252769 0.134247571229935 0.13422104716301 0.164914175868034 0.138855248689651 0.114024057984352 0.0956302210688591 0.0517249442636967 0.0772008895874023 0.142353892326355 0.0563968233764172 0.0614316649734974 0.0366262905299664 0.0302571337670088 0.0385328009724617 0.0361079946160316 0.0298210252076387 0.0256232414394617 0.0351744443178177 0.039707038551569 0.0794899761676788 0.0921094343066216 0.127125114202499 0.0737757310271263 0.142124980688095 0.113988973200321 0.0514163002371788 0.0398771651089191 0.0430773571133614 0.0400423221290112 0.0367106385529041 0.0942243114113808 0.101760774850845
