output/projections/06_BA/Scinax nebulosus.asc
NCOLS 168 
NROWS 144 
XLLCORNER -41.0000000002598 
YLLCORNER -7.99999999976785 
CELLSIZE 0.0416666666664048 
NODATA_value -3.4e+38 
[rows 20 to 39 of 144, columns 0 to 44 of 168]
0.346655964851379 0.316069334745407 0.330707401037216 0.346041321754456 0.264899909496307 0.346415162086487 0.32653883099556 0.329782664775848 0.318179339170456 0.323491096496582 0.306540727615356 0.390479475259781 0.427737534046173 0.427465379238129 0.404815495014191 0.441964745521545 0.349286288022995 0.43335685133934 0.513670980930328 0.511907041072845 0.415711224079132 0.427196204662323 0.449434041976929 0.478387236595154 0.413276642560959 0.468722999095917 0.41449761390686 0.46997657418251 0.471669942140579 0.476689755916595 0.481714248657227 0.481714248657227 0.48215451836586 0.483411341905594 0.483851701021194 0.423071473836899 0.477503746747971 0.477943688631058 0.481712490320206 0.47838369011879 0.482152730226517 0.485923826694489 0.486364305019379 0.488879412412643 0.491395056247711
0.305845856666565 0.35144779086113 0.382858008146286 0.432180672883987 0.305759012699127 0.350681006908417 0.33291557431221 0.362248241901398 0.287210077047348 0.352160036563873 0.348940581083298 0.342192620038986 0.402586221694946 0.298818349838257 0.323568016290665 0.386662572622299 0.38503310084343 0.426452249288559 0.427452713251114 0.482052266597748 0.310979336500168 0.40566548705101 0.499456226825714 0.401316046714783 0.515679061412811 0.480899691581726 0.441334754228592 0.466217011213303 0.473739564418793 0.480017602443695 0.486301958560944 0.425467669963837 0.429162830114365 0.482905119657516 0.432063341140747 0.483345448970795 0.48585969209671 0.483785808086395 0.486300200223923 0.487998217344284 0.432126343250275 0.484666585922241 0.489696502685547 0.492212325334549 0.491395056247711
0.339787542819977 0.34405317902565 0.388597339391708 0.429224669933319 0.252048492431641 0.276540845632553 0.354788392782211 0.33989205956459 0.332207173109055 0.219472751021385 0.342706322669983 0.330244690179825 0.346206784248352 0.346041262149811 0.325833141803741 0.348262906074524 0.357052385807037 0.365180760622025 0.357931017875671 0.449693411588669 0.232589900493622 0.379038453102112 0.387018233537674 0.347401469945908 0.417992860078812 0.42443111538887 0.381712138652802 0.484229743480682 0.423440992832184 0.379569739103317 0.489634156227112 0.43119814991951 0.487052977085114 0.492083996534348 0.491266757249832 0.493782818317413 0.494223564863205 0.494223564863205 0.4934062063694 0.495922565460205 0.548724412918091 0.500138223171234 0.499320775270462 0.500579059123993 0.499761581420898
0.363211959600449 0.344559788703918 0.404606252908707 0.42381364107132 0.255997061729431 0.259978592395782 0.35528776049614 0.300654858350754 0.399885028600693 0.218457192182541 0.247439160943031 0.339045882225037 0.284887254238129 0.349143624305725 0.327115207910538 0.354805201292038 0.379171103239059 0.321097671985626 0.383760631084442 0.411646336317062 0.197455137968063 0.289391249418259 0.286899328231812 0.366287142038345 0.375560998916626 0.34814316034317 0.323245942592621 0.351398944854736 0.389447093009949 0.41486331820488 0.365861892700195 0.354323834180832 0.43942528963089 0.497934103012085 0.504225611686707 0.505924582481384 0.507182657718658 0.503848969936371 0.504289746284485 0.441904723644257 0.493340283632278 0.494598418474197 0.496297419071198 0.497555673122406 0.511461079120636
0.361590415239334 0.320004105567932 0.499810248613358 0.518672466278076 0.263423711061478 0.27022385597229 0.401039272546768 0.274820506572723 0.374733328819275 0.327666431665421 0.219555005431175 0.308392822742462 0.311459064483643 0.313636362552643 0.300207495689392 0.306220024824142 0.326129049062729 0.264003038406372 0.375171929597855 0.322374790906906 0.14714477956295 0.225289717316628 0.269262671470642 0.291454374790192 0.271406769752502 0.360465407371521 0.325122892856598 0.252722263336182 0.298140943050385 0.328271776437759 0.318687111139297 0.391135483980179 0.440295964479446 0.480532258749008 0.51214987039566 0.569685995578766 0.520132064819336 0.455536246299744 0.452230483293533 0.452667325735092 0.507557451725006 0.507998168468475 0.454351782798767 0.505922794342041 0.508438885211945
0.453209072351456 0.410306453704834 0.602546513080597 0.520372807979584 0.222385257482529 0.186345145106316 0.465896427631378 0.332503408193588 0.38540968298912 0.351856887340546 0.244457975029945 0.236455798149109 0.231727346777916 0.265492051839828 0.307402700185776 0.333177417516708 0.264105588197708 0.299634963274002 0.407031983137131 0.421990722417831 0.131369858980179 0.201019674539566 0.274295568466187 0.265319734811783 0.266895830631256 0.26547634601593 0.250967413187027 0.198341220617294 0.319447338581085 0.277866691350937 0.323461711406708 0.353293716907501 0.359003931283951 0.526551961898804 0.503107905387878 0.549236655235291 0.521698355674744 0.469673901796341 0.520066261291504 0.51925003528595 0.462223023176193 0.518433690071106 0.517617285251617 0.457594603300095 0.509190201759338
0.534454524517059 0.593039691448212 0.654674291610718 0.419306099414825 0.21529521048069 0.218183115124702 0.463021546602249 0.390409052371979 0.39964684844017 0.389961391687393 0.220854490995407 0.219961062073708 0.256287127733231 0.226967602968216 0.251099795103073 0.292660146951675 0.280722945928574 0.315009862184525 0.365674942731857 0.353675961494446 0.131023675203323 0.136384710669518 0.255131661891937 0.212333768606186 0.265963673591614 0.264547348022461 0.199424833059311 0.172229617834091 0.254387706518173 0.30200058221817 0.324235498905182 0.204749509692192 0.308547973632812 0.424366682767868 0.528245985507965 0.534447073936462 0.590234518051147 0.559925436973572 0.548361659049988 0.540497839450836 0.478898227214813 0.529292523860931 0.522952377796173 0.520880579948425 0.51880806684494
0.523034811019897 0.701317310333252 0.530103504657745 0.387967228889465 0.271452307701111 0.205967456102371 0.373216539621353 0.387866824865341 0.513482451438904 0.289446473121643 0.222178846597672 0.354192793369293 0.284394770860672 0.206295654177666 0.256454974412918 0.229558736085892 0.289094477891922 0.332823574542999 0.229397177696228 0.172706723213196 0.113709047436714 0.107587918639183 0.197000131011009 0.249061569571495 0.219369560480118 0.249970763921738 0.195792883634567 0.141501024365425 0.264396160840988 0.258960038423538 0.180985316634178 0.212950974702835 0.300251662731171 0.409809798002243 0.462794303894043 0.461477637290955 0.511096894741058 0.567913055419922 0.540806472301483 0.581580460071564 0.562033534049988 0.488006889820099 0.482601702213287 0.537556648254395 0.534239709377289
0.478184640407562 0.712999522686005 0.479710668325424 0.41092985868454 0.276360541582108 0.220564216375351 0.371091932058334 0.522308647632599 0.37397825717926 0.289908230304718 0.304262429475784 0.336585015058517 0.342451214790344 0.200583174824715 0.252291619777679 0.167841091752052 0.27866268157959 0.374553650617599 0.15132637321949 0.265993714332581 0.104909837245941 0.110895439982414 0.193239346146584 0.209231272339821 0.212422028183937 0.276871711015701 0.143005058169365 0.211271062493324 0.27612179517746 0.15640689432621 0.175198182463646 0.27857631444931 0.304817736148834 0.32766580581665 0.322858780622482 0.32611072063446 0.421110421419144 0.46161562204361 0.389514714479446 0.559091866016388 0.588366687297821 0.523880481719971 0.511019825935364 0.551660656929016 0.549606144428253
0.533974409103394 0.712806701660156 0.566209137439728 0.492473632097244 0.291931986808777 0.271670490503311 0.349994510412216 0.650510191917419 0.429211318492889 0.297683596611023 0.413272947072983 0.315696984529495 0.396479219198227 0.197409212589264 0.138515532016754 0.197606489062309 0.231184065341949 0.307423323392868 0.213339447975159 0.215839892625809 0.0688989460468292 0.0735455229878426 0.176144778728485 0.230735808610916 0.267567664384842 0.222330570220947 0.0983507037162781 0.23920963704586 0.20393343269825 0.1325753480196 0.233346924185753 0.286601215600967 0.30136576294899 0.245157122612 0.337722092866898 0.357619941234589 0.303549557924271 0.37779900431633 0.344203799962997 0.472311735153198 0.501471221446991 0.641430974006653 0.597365975379944 0.57827627658844 0.572022080421448
0.587096095085144 0.557573914527893 0.496970653533936 0.45926034450531 0.306505262851715 0.280451774597168 0.336194545030594 0.517727375030518 0.398340404033661 0.277643084526062 0.523341596126556 0.508630871772766 0.28680419921875 0.234018042683601 0.141694203019142 0.231262609362602 0.185962021350861 0.190269321203232 0.306251257658005 0.239738017320633 0.0660314634442329 0.0761599168181419 0.206234574317932 0.300714135169983 0.255611509084702 0.166341915726662 0.107387565076351 0.209215208888054 0.137724637985229 0.103986270725727 0.298479557037354 0.307994276285172 0.174309819936752 0.273811757564545 0.373042404651642 0.29129096865654 0.309154003858566 0.387372344732285 0.344263345003128 0.442904859781265 0.473566383123398 0.543871939182281 0.634224236011505 0.558961868286133 0.589828073978424
0.553126454353333 0.432411879301071 0.569177091121674 0.524932682514191 0.439144521951675 0.315360933542252 0.300295352935791 0.43241560459137 0.32137069106102 0.455961406230927 0.639247596263885 0.492658495903015 0.343662023544312 0.329963117837906 0.198268547654152 0.133469805121422 0.11665665358305 0.131843999028206 0.541440546512604 0.252166420221329 0.0596873685717583 0.0748935788869858 0.23549984395504 0.230735808610916 0.184727370738983 0.126625835895538 0.152970790863037 0.141196459531784 0.111514873802662 0.133206248283386 0.282304137945175 0.156591311097145 0.185983672738075 0.281997531652451 0.345552742481232 0.243346303701401 0.227527260780334 0.330334007740021 0.3131462931633 0.394500076770782 0.304660230875015 0.5728839635849 0.551353216171265 0.598959922790527 0.518872141838074
0.358635634183884 0.612330615520477 0.714832365512848 0.603494882583618 0.751368641853333 0.34342622756958 0.231193825602531 0.23325090110302 0.441792041063309 0.764616549015045 0.702885687351227 0.663619816303253 0.401507645845413 0.277184277772903 0.312006503343582 0.251025378704071 0.241998940706253 0.141990974545479 0.257164984941483 0.122950099408627 0.0603829585015774 0.14312906563282 0.222824364900589 0.175389811396599 0.125098675489426 0.124331332743168 0.15271233022213 0.0910795256495476 0.118140749633312 0.133962869644165 0.111457623541355 0.0972354412078857 0.183891355991364 0.265445172786713 0.298703372478485 0.310574769973755 0.186193093657494 0.336377084255219 0.362160325050354 0.235899239778519 0.226987674832344 0.485883891582489 0.48405447602272 0.404455751180649 0.604692697525024
0.650926887989044 0.517768204212189 0.263271808624268 0.915464282035828 0.829564034938812 0.468480914831161 0.272628575563431 0.223321571946144 0.286529004573822 0.299927592277527 0.564689218997955 0.86375892162323 0.632674634456635 0.442428529262543 0.40213006734848 0.312006503343582 0.245788022875786 0.232064589858055 0.0992048680782318 0.0505146719515324 0.110988207161427 0.191546678543091 0.129107803106308 0.102015487849712 0.0812827125191689 0.134044766426086 0.16154907643795 0.0795561224222183 0.125577002763748 0.140675067901611 0.0926724299788475 0.126542270183563 0.112707063555717 0.201901778578758 0.272832691669464 0.268694341182709 0.120980352163315 0.229916781187057 0.282657206058502 0.247487455606461 0.245424628257751 0.289716690778732 0.476272255182266 0.370564669370651 0.446333408355713
0.551564276218414 0.248269379138947 0.303621143102646 0.870562374591827 0.82941085100174 0.44388872385025 0.609232246875763 0.305586963891983 0.240806043148041 0.368396878242493 0.315011143684387 0.872466683387756 0.565906584262848 0.744166612625122 0.351699382066727 0.230082109570503 0.199823349714279 0.235531896352768 0.082942470908165 0.0545472651720047 0.212053582072258 0.140038445591927 0.121816046535969 0.0883312746882439 0.0849866271018982 0.159100741147995 0.0984620079398155 0.056379821151495 0.125272780656815 0.108821429312229 0.0814185813069344 0.154178306460381 0.102436870336533 0.137043535709381 0.17739699780941 0.216396689414978 0.161316379904747 0.146369799971581 0.185575947165489 0.191429704427719 0.148777782917023 0.321657776832581 0.34168666601181 0.358211785554886 0.275466412305832
0.311364769935608 0.399082869291306 0.55594265460968 0.674056887626648 0.624448657035828 0.530032813549042 0.660241603851318 0.410830736160278 0.3210569024086 0.233022794127464 0.200803652405739 0.621110320091248 0.749358177185059 0.581665217876434 0.253140926361084 0.148929476737976 0.169466286897659 0.221451938152313 0.0591899342834949 0.123620443046093 0.104215577244759 0.145994290709496 0.126387879252434 0.0967203453183174 0.105509854853153 0.104590259492397 0.0639000758528709 0.0697725936770439 0.108771659433842 0.0763874873518944 0.0794992297887802 0.0781070813536644 0.0714180991053581 0.0791950523853302 0.191357970237732 0.211644127964973 0.174465730786324 0.123297967016697 0.172619089484215 0.199065297842026 0.108649343252182 0.287172019481659 0.356270104646683 0.323356717824936 0.185648173093796
0.241860851645470 0.509334802627563 0.77955824136734 0.860999941825867 0.620811641216278 0.697992503643036 0.591448307037354 0.334014147520065 0.496376365423203 0.223370090126991 0.145769536495209 0.459885209798813 0.905762076377869 0.916481792926788 0.591088891029358 0.221585959196091 0.160079777240753 0.108403071761131 0.0586172863841057 0.070197120308876 0.0685225650668144 0.138044819235802 0.0941290631890297 0.102709859609604 0.117916584014893 0.0925639793276787 0.0698517486453056 0.0619844757020473 0.0614284537732601 0.0559508763253689 0.0477898009121418 0.0740645304322243 0.033536322414875 0.255088090896606 0.362634867429733 0.444614887237549 0.138828828930855 0.147851973772049 0.164329886436462 0.133902415633202 0.112587988376617 0.251442432403564 0.252653270959854 0.18641571700573 0.106523372232914
0.233195930719376 0.572603583335876 0.863710880279541 0.670148253440857 0.728069186210632 0.577311277389526 0.418567776679993 0.303696066141129 0.192644655704498 0.193502858281136 0.240477904677391 0.621078073978424 0.89814281463623 0.897623777389526 0.684416770935059 0.545827388763428 0.191574245691299 0.0775661394000053 0.0716728419065475 0.0623647980391979 0.0682020038366318 0.0955297872424126 0.0812342315912247 0.114011853933334 0.056681327521801 0.097542516887188 0.0586842335760593 0.0481704883277416 0.0355887375771999 0.0317021906375885 0.0282362774014473 0.135669499635696 0.0867128372192383 0.135070338845253 0.389866054058075 0.447240859270096 0.205147743225098 0.160994410514832 0.0919334813952446 0.150446742773056 0.20169372856617 0.140160411596298 0.15793576836586 0.0814233422279358 0.118851877748966
0.736464738845825 0.803378224372864 0.680126488208771 0.533205151557922 0.498558938503265 0.42097544670105 0.450428783893585 0.267206788063049 0.141042545437813 0.183907821774483 0.427226394414902 0.504969716072083 0.656751871109009 0.729540646076202 0.687071859836578 0.427431970834732 0.113086111843586 0.0570384040474892 0.0653897896409035 0.0696389302611351 0.0549083165824413 0.118188954889774 0.100675955414772 0.075034461915493 0.0553357340395451 0.0513934306800365 0.0389743745326996 0.0491919778287411 0.0282343160361052 0.0579428970813751 0.0707619935274124 0.0688630044460297 0.107387080788612 0.351211875677109 0.544314205646515 0.235094293951988 0.242282643914223 0.0783826410770416 0.104638941586018 0.150539666414261 0.17215321958065 0.124559640884399 0.0901892855763435 0.065350167453289 0.0987534448504448
0.896560668945312 0.846588492393494 0.502872169017792 0.280430138111115 0.224471926689148 0.778606414794922 0.725279688835144 0.227904289960861 0.129579037427902 0.0980273708701134 0.295448362827301 0.625887215137482 0.353036373853683 0.406979709863663 0.466482609510422 0.177959412336349 0.0744703486561775 0.0604493021965027 0.048751350492239 0.0744349732995033 0.0562430061399937 0.104779288172722 0.0787671878933907 0.0552407689392567 0.0417116917669773 0.0514897964894772 0.0203063637018204 0.0796911120414734 0.0301583614200354 0.0333794131875038 0.0635128319263458 0.0536959655582905 0.193940937519073 0.294648498296738 0.259230136871338 0.37081703543663 0.181482270359993 0.0923336148262024 0.0733189508318901 0.0566759780049324 0.114311017096043 0.0813098251819611 0.0504429154098034 0.0657970532774925 0.0878764614462852
