output/projections/06_BA/Sclerurus cearensis.asc
NCOLS 168 
NROWS 144 
XLLCORNER -41.0000000002598 
YLLCORNER -7.99999999976785 
CELLSIZE 0.0416666666664048 
NODATA_value -3.4e+38 
[rows 60 to 79 of 144, columns 0 to 45 of 168]
0.759079456329346 0.675803661346436 0.755453646183014 0.885315597057343 0.965262651443481 0.742613196372986 0.533920884132385 0.54277229309082 0.515440285205841 0.485601216554642 0.471809774637222 0.571844577789307 0.509528398513794 0.45414212346077 0.626661598682404 0.649035274982452 0.607292950153351 0.629678785800934 0.577785849571228 0.442999422550201 0.4311543405056 0.511485636234283 0.513878762722015 0.508444666862488 0.456293106079102 0.458961069583893 0.520356237888336 0.749987661838531 0.661574244499207 0.879039168357849 0.903166472911835 0.850410580635071 0.893057107925415 0.916284084320068 0.88662725687027 0.694512188434601 0.869685053825378 0.637126326560974 0.539303839206696 0.474277257919312 0.511704921722412 0.480364203453064 0.418187171220779 0.464973121881485 0.420049488544464 0.427727192640305
0.660585701465607 0.785615384578705 0.796599149703979 0.913914918899536 0.946492850780487 0.637673735618591 0.478487551212311 0.600089251995087 0.506925046443939 0.455318510532379 0.481859296560287 0.576387286186218 0.549740493297577 0.448224574327469 0.508931696414948 0.682414710521698 0.826883018016815 0.74223792552948 0.736252129077911 0.488417357206345 0.468627691268921 0.532897353172302 0.516524076461792 0.559121906757355 0.492152750492096 0.457426607608795 0.519527792930603 0.598490655422211 0.601218044757843 0.72678929567337 0.872839391231537 0.911754250526428 0.829498648643494 0.891874670982361 0.739843487739563 0.67232871055603 0.806341946125031 0.663030505180359 0.630206942558289 0.450181156396866 0.578480541706085 0.51965194940567 0.426434010267258 0.401499390602112 0.441826224327087 0.449805468320847
0.693752527236938 0.841530382633209 0.924645900726318 0.920509338378906 0.955220580101013 0.651781499385834 0.592931687831879 0.649931669235229 0.582037270069122 0.493274480104446 0.428158551454544 0.452141374349594 0.519143998622894 0.474546700716019 0.517216265201569 0.54257345199585 0.666627585887909 0.799546539783478 0.837969124317169 0.49151149392128 0.431004583835602 0.529459893703461 0.678958475589752 0.688710808753967 0.701089560985565 0.464289009571075 0.499498188495636 0.540828049182892 0.617286443710327 0.78783392906189 0.746106207370758 0.784108400344849 0.661963641643524 0.637337207794189 0.72525280714035 0.640082597732544 0.715757369995117 0.707517147064209 0.545672059059143 0.442119687795639 0.416874796152115 0.399932950735092 0.418068528175354 0.418653666973114 0.354185789823532 0.38306188583374
0.778355658054352 0.870078861713409 0.922053754329681 0.948277115821838 0.902907848358154 0.65490186214447 0.697558164596558 0.703552305698395 0.632884979248047 0.539799928665161 0.45283579826355 0.425616562366486 0.472980201244354 0.482784986495972 0.505186557769775 0.681388318538666 0.764287412166595 0.727886855602264 0.574849665164948 0.49201375246048 0.452165633440018 0.712847113609314 0.488258987665176 0.593986988067627 0.783187627792358 0.853354573249817 0.504326701164246 0.601854503154755 0.798723876476288 0.863244354724884 0.817292392253876 0.701325178146362 0.58131217956543 0.596226215362549 0.722671508789062 0.57777351140976 0.650343358516693 0.680521011352539 0.504571259021759 0.582669854164124 0.48949122428894 0.414100825786591 0.362586289644241 0.380366563796997 0.370608747005463 0.346252799034119
0.817384004592896 0.887368500232697 0.951346814632416 0.964765548706055 0.746596217155457 0.601247012615204 0.577447891235352 0.715656757354736 0.690502762794495 0.526043355464935 0.470923960208893 0.476269960403442 0.456039160490036 0.490168631076813 0.545775055885315 0.593228280544281 0.749492466449738 0.656895697116852 0.574489057064056 0.486798763275146 0.71498441696167 0.926642835140228 0.814025640487671 0.61042720079422 0.813263654708862 0.898041188716888 0.700096726417542 0.562369346618652 0.624297261238098 0.665467858314514 0.73074346780777 0.700852930545807 0.665983736515045 0.555002987384796 0.611744403839111 0.535168707370758 0.632896602153778 0.602039039134979 0.636985123157501 0.576785326004028 0.42412468791008 0.404428601264954 0.386946588754654 0.372098922729492 0.379988193511963 0.387560367584229
0.800431907176971 0.872425615787506 0.943752408027649 0.931457698345184 0.669393420219421 0.572568118572235 0.51895397901535 0.591982841491699 0.698932647705078 0.565983593463898 0.454437017440796 0.557456493377686 0.459556937217712 0.47492191195488 0.506747782230377 0.530352532863617 0.696820557117462 0.711564660072327 0.577597916126251 0.549137055873871 0.862634241580963 0.912124454975128 0.901599645614624 0.880554497241974 0.867415249347687 0.917037427425385 0.81507134437561 0.659481048583984 0.613266408443451 0.603016138076782 0.716327548027039 0.74076247215271 0.668279230594635 0.567568719387054 0.552700877189636 0.504796862602234 0.533811509609222 0.530967950820923 0.57718151807785 0.623431205749512 0.69485330581665 0.633696377277374 0.618826627731323 0.412231236696243 0.422578632831573 0.435629546642303
0.734330177307129 0.846587538719177 0.951397240161896 0.846587002277374 0.61279171705246 0.533344447612762 0.489382922649384 0.513807952404022 0.692591190338135 0.629527151584625 0.540356755256653 0.612630724906921 0.530133783817291 0.539990246295929 0.530598759651184 0.543117523193359 0.596903264522552 0.730904400348663 0.796240925788879 0.885456144809723 0.928083777427673 0.942516922950745 0.878827691078186 0.875106692314148 0.902594566345215 0.919960498809814 0.845995903015137 0.697910726070404 0.567244231700897 0.598301947116852 0.769657790660858 0.65928852558136 0.598078489303589 0.564885318279266 0.510745406150818 0.493621796369553 0.493474364280701 0.50951886177063 0.529882609844208 0.606010794639587 0.724045872688293 0.648038327693939 0.513604700565338 0.60430783033371 0.529960036277771 0.521596133708954
0.752883493900299 0.879445791244507 0.952495634555817 0.772696793079376 0.557761549949646 0.527875065803528 0.451496183872223 0.502663850784302 0.546305298805237 0.655801296234131 0.610799074172974 0.661416113376617 0.661713361740112 0.593098163604736 0.506097435951233 0.505281031131744 0.517286241054535 0.688583374023438 0.755360066890717 0.91356235742569 0.942970216274261 0.942898809909821 0.903750240802765 0.852425038814545 0.861266613006592 0.903700947761536 0.881669700145721 0.720695555210114 0.558144807815552 0.619698226451874 0.711413860321045 0.608280777931213 0.598065674304962 0.497811645269394 0.472031623125076 0.50887793302536 0.501252233982086 0.483321517705917 0.48365306854248 0.577957332134247 0.534396469593048 0.45426082611084 0.411078870296478 0.437245070934296 0.480423927307129 0.412905961275101
0.737115442752838 0.85783451795578 0.956654489040375 0.735236287117004 0.568867444992065 0.495724827051163 0.457750648260117 0.478622138500214 0.518903791904449 0.609643995761871 0.578419208526611 0.570667445659637 0.602782845497131 0.617813766002655 0.617778897285461 0.553609549999237 0.491229683160782 0.49401918053627 0.725419938564301 0.905798316001892 0.951583743095398 0.809118509292603 0.88839989900589 0.768277168273926 0.801386713981628 0.871399402618408 0.791275680065155 0.790619552135468 0.646753430366516 0.551919937133789 0.514115631580353 0.508480668067932 0.656664431095123 0.484197676181793 0.450870096683502 0.523483097553253 0.466842770576477 0.447499811649323 0.492670714855194 0.449243187904358 0.515105307102203 0.541541397571564 0.471441119909286 0.365840405225754 0.408226817846298 0.541287541389465
0.753518998622894 0.864316582679749 0.95561283826828 0.797775089740753 0.5560702085495 0.507123172283173 0.441376596689224 0.446469783782959 0.540763974189758 0.546249032020569 0.573318004608154 0.511161863803864 0.540655493736267 0.551578342914581 0.532364010810852 0.522102952003479 0.599753499031067 0.501645505428314 0.608258008956909 0.78156054019928 0.688962399959564 0.656519114971161 0.758459150791168 0.633891582489014 0.74838000535965 0.845991253852844 0.64690625667572 0.748659312725067 0.819738447666168 0.748031318187714 0.614630401134491 0.483952820301056 0.546640396118164 0.419491708278656 0.450299084186554 0.530548870563507 0.458750218153 0.405414164066315 0.424404829740524 0.406179815530777 0.449305891990662 0.580083847045898 0.408761978149414 0.423307210206985 0.79641991853714 0.737044334411621
0.753272354602814 0.866854012012482 0.93117755651474 0.795778393745422 0.495825082063675 0.534793436527252 0.420818388462067 0.46824848651886 0.581745624542236 0.503596007823944 0.498162806034088 0.516518712043762 0.494855940341949 0.495451837778091 0.4907186627388 0.530498862266541 0.522741854190826 0.602510750293732 0.56667160987854 0.678617715835571 0.806674897670746 0.8026003241539 0.728178679943085 0.613111555576324 0.606132507324219 0.668825566768646 0.696974039077759 0.674701869487762 0.712493598461151 0.687964618206024 0.525089144706726 0.509971439838409 0.504100501537323 0.414484143257141 0.458071172237396 0.491279810667038 0.504879951477051 0.461037933826447 0.388102889060974 0.385813146829605 0.428979098796844 0.483056992292404 0.402725040912628 0.547503471374512 0.699300169944763 0.438639968633652
0.754143893718719 0.906188130378723 0.794512569904327 0.49686187505722 0.423937022686005 0.488353133201599 0.415278494358063 0.48683688044548 0.595325291156769 0.487055033445358 0.555175721645355 0.505232334136963 0.497431129217148 0.48766165971756 0.48066908121109 0.467895358800888 0.512199103832245 0.53340607881546 0.572022140026093 0.619313538074493 0.779975891113281 0.861641764640808 0.780085742473602 0.7316854596138 0.645994126796722 0.673693776130676 0.642718195915222 0.56345146894455 0.583147525787354 0.506111860275269 0.488683342933655 0.447304219007492 0.447468310594559 0.414806395769119 0.484155505895615 0.466429203748703 0.510073781013489 0.491714000701904 0.447205185890198 0.372663885354996 0.37179696559906 0.396054774522781 0.432912141084671 0.509770691394806 0.430121660232544 0.368472427129745
0.533567488193512 0.606761336326599 0.571937620639801 0.403444439172745 0.403284668922424 0.437161445617676 0.402868747711182 0.46637287735939 0.468896418809891 0.471375852823257 0.473460346460342 0.531051993370056 0.489367336034775 0.474348872900009 0.459342360496521 0.444245338439941 0.463398814201355 0.476566702127457 0.511812031269073 0.595964848995209 0.746229708194733 0.781434595584869 0.777052402496338 0.728441417217255 0.719417035579681 0.665696382522583 0.627234816551208 0.537790358066559 0.517343819141388 0.522364914417267 0.449281126260757 0.431495279073715 0.374965935945511 0.440052598714828 0.44763246178627 0.44786137342453 0.453005284070969 0.501605451107025 0.427069991827011 0.370272517204285 0.365779787302017 0.547638773918152 0.589734673500061 0.586086094379425 0.383311241865158 0.38340824842453
0.677777051925659 0.670927762985229 0.476404517889023 0.438018769025803 0.435246139764786 0.43796518445015 0.426690012216568 0.427048742771149 0.460223734378815 0.523054659366608 0.465238064527512 0.470705509185791 0.476480275392532 0.476990342140198 0.472764849662781 0.470685184001923 0.455724805593491 0.471585601568222 0.512309610843658 0.57462865114212 0.705454707145691 0.737798631191254 0.721097946166992 0.731261253356934 0.826006591320038 0.754299104213715 0.715051174163818 0.574787259101868 0.522875010967255 0.524966418743134 0.504027664661407 0.418651908636093 0.374208390712738 0.434318840503693 0.381379246711731 0.427259176969528 0.408769369125366 0.450090199708939 0.432035058736801 0.346014559268951 0.385235697031021 0.657717168331146 0.664853155612946 0.369747996330261 0.44286921620369 0.604748964309692
0.775735080242157 0.900572180747986 0.776463210582733 0.508233606815338 0.456617206335068 0.481333374977112 0.434720396995544 0.414227396249771 0.467860698699951 0.52602607011795 0.543673038482666 0.515336096286774 0.541565179824829 0.482010930776596 0.546471953392029 0.49239107966423 0.500493764877319 0.477148085832596 0.513968050479889 0.553691267967224 0.688848257064819 0.726588189601898 0.697891891002655 0.683871209621429 0.68091356754303 0.75563782453537 0.704114317893982 0.572093904018402 0.51249486207962 0.483254760503769 0.45477569103241 0.418993324041367 0.388794988393784 0.381523311138153 0.364515632390976 0.350456804037094 0.428931534290314 0.410993367433548 0.336480349302292 0.341670662164688 0.361077010631561 0.659038662910461 0.550684928894043 0.349067628383636 0.403862833976746 0.341831386089325
0.778973042964935 0.891802191734314 0.900781273841858 0.609222769737244 0.478740006685257 0.44220957159996 0.499686598777771 0.439775466918945 0.445002794265747 0.460681796073914 0.483996897935867 0.520524442195892 0.497243076562881 0.471758902072906 0.477781593799591 0.507361471652985 0.518336236476898 0.477810561656952 0.513470530509949 0.601060390472412 0.803244471549988 0.762199878692627 0.71300220489502 0.69265878200531 0.673813879489899 0.632920205593109 0.587826013565063 0.476315885782242 0.499841749668121 0.450295060873032 0.425493627786636 0.397538512945175 0.443526208400726 0.407645165920258 0.429917931556702 0.389089912176132 0.391394972801208 0.38377857208252 0.315359205007553 0.340253323316574 0.343038231134415 0.4374640583992 0.407833516597748 0.352737039327621 0.365395367145538 0.353955119848251
0.787629306316376 0.88552063703537 0.882641971111298 0.624443531036377 0.486295938491821 0.484027057886124 0.523367047309875 0.518407940864563 0.442252635955811 0.502896785736084 0.473943561315536 0.49974250793457 0.510510742664337 0.484094858169556 0.471643537282944 0.468047350645065 0.50011157989502 0.466313749551773 0.475573241710663 0.533210098743439 0.561134874820709 0.569216728210449 0.653530418872833 0.745961427688599 0.592281520366669 0.619898200035095 0.496341347694397 0.470681428909302 0.611501216888428 0.418102771043777 0.452066600322723 0.428084641695023 0.45319014787674 0.422457695007324 0.409836143255234 0.414367437362671 0.352721691131592 0.357014089822769 0.33077472448349 0.331710249185562 0.353315979242325 0.325116664171219 0.317146360874176 0.340599685907364 0.348794311285019 0.323840409517288
0.895225584506989 0.923988342285156 0.733146667480469 0.601067423820496 0.529044210910797 0.499545454978943 0.523312747478485 0.523643910884857 0.487019658088684 0.502874791622162 0.542033135890961 0.517917454242706 0.5749751329422 0.539018869400024 0.48963126540184 0.514473378658295 0.507558345794678 0.465885758399963 0.46564057469368 0.454955071210861 0.49067747592926 0.532005369663239 0.598056077957153 0.647487699985504 0.479267984628677 0.464355617761612 0.50495833158493 0.665036559104919 0.49632054567337 0.447305947542191 0.509464859962463 0.532283902168274 0.484887659549713 0.456522852182388 0.385577291250229 0.405446708202362 0.377738922834396 0.399955779314041 0.332671165466309 0.351553916931152 0.399895638227463 0.346882283687592 0.334793984889984 0.284165769815445 0.278738856315613 0.299056082963943
0.826436579227448 0.914511561393738 0.874879777431488 0.6239173412323 0.536604344844818 0.53656792640686 0.526289224624634 0.492607563734055 0.513434171676636 0.469039708375931 0.477031499147415 0.497642874717712 0.502174019813538 0.499956279993057 0.489746928215027 0.498215198516846 0.475270807743073 0.457714915275574 0.465462148189545 0.480683207511902 0.471101224422455 0.492114454507828 0.555710852146149 0.562770843505859 0.484603524208069 0.620990633964539 0.779047191143036 0.617364168167114 0.457564800977707 0.623069167137146 0.622501313686371 0.496810376644135 0.571529746055603 0.45929092168808 0.436135977506638 0.378531932830811 0.423084855079651 0.373751014471054 0.341998547315598 0.394504308700562 0.407447159290314 0.358642607927322 0.339744210243225 0.335784822702408 0.310663878917694 0.280634820461273
0.907243490219116 0.895778357982635 0.893232583999634 0.626507461071014 0.552407085895538 0.580467283725739 0.554888904094696 0.510838210582733 0.487464874982834 0.542863488197327 0.493098765611649 0.507737338542938 0.575011253356934 0.491703540086746 0.505662262439728 0.519232988357544 0.46742308139801 0.50479531288147 0.486190736293793 0.459801107645035 0.454607516527176 0.470337420701981 0.591793596744537 0.773108899593353 0.667702317237854 0.85226571559906 0.793131709098816 0.665627777576447 0.54449051618576 0.575879335403442 0.684742212295532 0.673725247383118 0.729427695274353 0.621202290058136 0.402649492025375 0.400328636169434 0.425444036722183 0.389859706163406 0.376923114061356 0.358197718858719 0.351150065660477 0.335612624883652 0.337669342756271 0.335838407278061 0.322348326444626 0.295825451612473
