output/projections/06_BA/Sclerurus cearensis.asc
NCOLS 168 
NROWS 144 
XLLCORNER -41.0000000002598 
YLLCORNER -7.99999999976785 
CELLSIZE 0.0416666666664048 
NODATA_value -3.4e+38 
[rows 40 to 59 of 144, columns 0 to 45 of 168]
0.982398211956024 0.909433007240295 0.608766734600067 0.509579539299011 0.63666695356369 0.744998276233673 0.607519686222076 0.503114879131317 0.464986592531204 0.461916536092758 0.537934839725494 0.968096613883972 0.973361372947693 0.85665500164032 0.545501172542572 0.40830472111702 0.350590586662292 0.366110146045685 0.371037513017654 0.386026173830032 0.418348520994186 0.537615299224854 0.477300137281418 0.414038777351379 0.451032638549805 0.459858238697052 0.362438023090363 0.388562858104706 0.604647219181061 0.896615207195282 0.759305417537689 0.774532914161682 0.927288949489594 0.752947926521301 0.789197862148285 0.947356581687927 0.716472625732422 0.546647310256958 0.525102078914642 0.487751334905624 0.51541531085968 0.467131912708282 0.439743965864182 0.497501224279404 0.528658747673035 0.578587055206299
0.971991419792175 0.982895731925964 0.85831356048584 0.62485682964325 0.52248203754425 0.488457381725311 0.646841168403625 0.592856526374817 0.46865102648735 0.460927248001099 0.4372598528862 0.759665369987488 0.662378191947937 0.536937654018402 0.421721994876862 0.376777201890945 0.376777201890945 0.338453233242035 0.396715939044952 0.362187087535858 0.483953326940536 0.714622020721436 0.44757753610611 0.387611269950867 0.474015474319458 0.468126207590103 0.373337090015411 0.384532153606415 0.444912135601044 0.499583691358566 0.470793545246124 0.511357009410858 0.564305543899536 0.745334088802338 0.646143615245819 0.813628196716309 0.779664039611816 0.535847127437592 0.581167578697205 0.488248914480209 0.451194286346436 0.390397816896439 0.485616266727448 0.47093191742897 0.503028094768524 0.578910768032074
0.968632757663727 0.979495108127594 0.974981844425201 0.666406989097595 0.49088791012764 0.47793447971344 0.622203707695007 0.62671834230423 0.562125205993652 0.582857668399811 0.50587922334671 0.49515762925148 0.469142764806747 0.405377954244614 0.350926548242569 0.396261990070343 0.463597565889359 0.338304609060287 0.384682953357697 0.423804312944412 0.448883503675461 0.482550203800201 0.378979563713074 0.356942415237427 0.755455374717712 0.525622189044952 0.453583151102066 0.414448618888855 0.432328224182129 0.410052567720413 0.428398996591568 0.428656846284866 0.470617294311523 0.651935458183289 0.724475204944611 0.638459265232086 0.543046355247498 0.494111657142639 0.450714409351349 0.46894246339798 0.46894246339798 0.399548709392548 0.453122228384018 0.49799907207489 0.526596903800964 0.54257994890213
0.970035672187805 0.979882180690765 0.951913774013519 0.651103913784027 0.533039212226868 0.453931868076324 0.73733651638031 0.748208940029144 0.674468457698822 0.611648440361023 0.545430481433868 0.48916357755661 0.450749188661575 0.438948094844818 0.33560436964035 0.453930288553238 0.431262940168381 0.365311503410339 0.349959909915924 0.405509263277054 0.464895367622375 0.488296091556549 0.378456592559814 0.336284279823303 0.45800706744194 0.6228346824646 0.461217314004898 0.433482080698013 0.539749979972839 0.526235342025757 0.465456962585449 0.415665984153748 0.410467088222504 0.427580773830414 0.487720966339111 0.451164186000824 0.442633599042892 0.504111528396606 0.458162784576416 0.490895509719849 0.418607294559479 0.397570878267288 0.360028833150864 0.413143455982208 0.51931768655777 0.495633989572525
0.967712223529816 0.980247259140015 0.982341825962067 0.739220380783081 0.528065383434296 0.530885219573975 0.701816916465759 0.676671385765076 0.603023409843445 0.519939243793488 0.482869654893875 0.495684683322906 0.461984932422638 0.469575643539429 0.338370740413666 0.399387121200562 0.460819095373154 0.386170893907547 0.393036782741547 0.398017704486847 0.461651623249054 0.456935703754425 0.412169098854065 0.383526384830475 0.401783019304276 0.392461657524109 0.390703946352005 0.412512689828873 0.466183125972748 0.489020526409149 0.427779674530029 0.40224689245224 0.423369824886322 0.512267529964447 0.50144100189209 0.427120476961136 0.621398985385895 0.701043009757996 0.486085206270218 0.39932107925415 0.414368450641632 0.424857169389725 0.39355480670929 0.393168479204178 0.423966109752655 0.501787722110748
0.964296936988831 0.97636741399765 0.984604477882385 0.905720591545105 0.640112578868866 0.577194213867188 0.596377551555634 0.626217186450958 0.530812203884125 0.469142585992813 0.47602117061615 0.507467448711395 0.525462627410889 0.516805768013 0.354133069515228 0.348908603191376 0.436869859695435 0.428043037652969 0.403633177280426 0.405669301748276 0.504643261432648 0.429500877857208 0.426482737064362 0.403095632791519 0.386155873537064 0.439489662647247 0.375543743371964 0.38802844285965 0.436901181936264 0.502069890499115 0.445846199989319 0.413268059492111 0.420455485582352 0.517372071743011 0.506311476230621 0.475429773330688 0.481861799955368 0.465605348348618 0.437017530202866 0.381903320550919 0.402423292398453 0.487988233566284 0.439068853855133 0.381201833486557 0.444893300533295 0.424481332302094
0.958766996860504 0.972497582435608 0.980262100696564 0.984751224517822 0.748485624790192 0.609038710594177 0.583471119403839 0.528120756149292 0.447450965642929 0.541021108627319 0.460170298814774 0.532344281673431 0.577215254306793 0.493471711874008 0.364846765995026 0.34405305981636 0.435740143060684 0.481835067272186 0.413367033004761 0.504311382770538 0.521492660045624 0.415852934122086 0.40767303109169 0.413827121257782 0.37934809923172 0.460120230913162 0.397934317588806 0.409075975418091 0.44971027970314 0.537568628787994 0.502773582935333 0.442878127098083 0.513075947761536 0.461202085018158 0.39502939581871 0.459445476531982 0.466364085674286 0.394604384899139 0.381903320550919 0.333879619836807 0.421051234006882 0.495557814836502 0.39308962225914 0.354209929704666 0.462476879358292 0.422099173069
0.93853372335434 0.956719577312469 0.975684702396393 0.983525216579437 0.807246506214142 0.592663824558258 0.509392082691193 0.431731283664703 0.605433821678162 0.592036247253418 0.471006244421005 0.57575386762619 0.59209156036377 0.421166896820068 0.411550879478455 0.381749093532562 0.360354036092758 0.375012964010239 0.402687609195709 0.464895367622375 0.503489196300507 0.451911836862564 0.385132074356079 0.40532648563385 0.381241947412491 0.447244822978973 0.395717561244965 0.411904245615005 0.492555439472198 0.766105473041534 0.500634074211121 0.533301711082458 0.505747258663177 0.418924808502197 0.365962892770767 0.385143905878067 0.457519382238388 0.350461512804031 0.39867952466011 0.370395839214325 0.361954689025879 0.436786592006683 0.446408867835999 0.366345316171646 0.454810202121735 0.451921552419662
0.936513721942902 0.962655782699585 0.974016070365906 0.982229232788086 0.794849216938019 0.565527379512787 0.431780576705933 0.562177658081055 0.716622710227966 0.536076009273529 0.583185374736786 0.570315718650818 0.499387979507446 0.387619882822037 0.494026243686676 0.422911018133163 0.39792388677597 0.364170640707016 0.358377397060394 0.39296767115593 0.70004802942276 0.519973695278168 0.419911742210388 0.413695186376572 0.394633144140244 0.454992443323135 0.448908716440201 0.428250730037689 0.512748658657074 0.767970621585846 0.615021586418152 0.59419173002243 0.558042883872986 0.437556266784668 0.415801435709 0.385782808065414 0.457734018564224 0.341436624526978 0.436434268951416 0.41432511806488 0.417005360126495 0.46028271317482 0.472320854663849 0.375757694244385 0.441813260316849 0.446848690509796
0.93731951713562 0.953661024570465 0.97089296579361 0.980662107467651 0.737134337425232 0.565736830234528 0.492866665124893 0.811135768890381 0.747734427452087 0.579082906246185 0.558309614658356 0.493421316146851 0.48959094285965 0.398643374443054 0.431887865066528 0.499566227197647 0.444724053144455 0.394608795642853 0.380464911460876 0.384916067123413 0.453944504261017 0.431206911802292 0.422457695007324 0.470138072967529 0.507757842540741 0.489532917737961 0.437638610601425 0.544119894504547 0.469212055206299 0.682760894298553 0.646525979042053 0.699501752853394 0.730921149253845 0.514570593833923 0.448466092348099 0.364123940467834 0.474983066320419 0.362032741308212 0.398545920848846 0.502580881118774 0.448362350463867 0.497393935918808 0.408547967672348 0.366606324911118 0.449028849601746 0.44822371006012
0.941499769687653 0.95540851354599 0.97227281332016 0.978742480278015 0.92861407995224 0.818546652793884 0.922746241092682 0.850553750991821 0.674048602581024 0.604926109313965 0.479175508022308 0.457081735134125 0.588909506797791 0.425703674554825 0.392734855413437 0.461452096700668 0.483371257781982 0.444976061582565 0.41217890381813 0.411452680826187 0.442888528108597 0.370851337909698 0.378405421972275 0.491313308477402 0.855305016040802 0.541658937931061 0.451537907123566 0.496521204710007 0.492846250534058 0.572581350803375 0.735175430774689 0.651428282260895 0.610187292098999 0.457564353942871 0.458526253700256 0.386122524738312 0.345692455768585 0.33851170539856 0.382375001907349 0.474735707044601 0.500668585300446 0.447861075401306 0.389256983995438 0.411541104316711 0.413082629442215 0.4797103703022
0.949399650096893 0.928979694843292 0.951759159564972 0.96182507276535 0.971238434314728 0.975294291973114 0.978980302810669 0.947149991989136 0.6942999958992 0.524397969245911 0.434219896793365 0.550126850605011 0.564538955688477 0.408667355775833 0.42915478348732 0.419882297515869 0.451189160346985 0.478031605482101 0.472097486257553 0.388016402721405 0.520967781543732 0.464925199747086 0.377493888139725 0.386581748723984 0.425134122371674 0.550033986568451 0.724086403846741 0.479466557502747 0.536855041980743 0.794015645980835 0.690337955951691 0.491243988275528 0.44371822476387 0.431899398565292 0.376070469617844 0.364185899496078 0.398524820804596 0.364590108394623 0.444329798221588 0.449068874120712 0.40346571803093 0.373090595006943 0.404634684324265 0.447702765464783 0.403219431638718 0.486132621765137
0.923225104808807 0.90250962972641 0.929618716239929 0.934617757797241 0.956953525543213 0.962439775466919 0.976649463176727 0.906384885311127 0.619490921497345 0.491117209196091 0.495942562818527 0.577928960323334 0.543169558048248 0.386200249195099 0.466842949390411 0.452870011329651 0.427181303501129 0.442097157239914 0.512459754943848 0.430472850799561 0.422650068998337 0.42486298084259 0.394096821546555 0.448504269123077 0.433095127344131 0.596546113491058 0.454562067985535 0.47665074467659 0.600663542747498 0.827368557453156 0.753333568572998 0.54002970457077 0.522071242332458 0.427067458629608 0.363110601902008 0.408622980117798 0.393237590789795 0.38673210144043 0.460594803094864 0.406310886144638 0.401193290948868 0.387649536132812 0.370011448860168 0.432881355285645 0.409392118453979 0.426891058683395
0.894225180149078 0.886112451553345 0.92390912771225 0.927838146686554 0.939753472805023 0.958239138126373 0.97752046585083 0.780994057655334 0.582496345043182 0.521298706531525 0.475003898143768 0.510574758052826 0.453102797269821 0.417040437459946 0.437473595142365 0.504916965961456 0.449767410755157 0.437141448259354 0.505001544952393 0.440092623233795 0.407091051340103 0.465205550193787 0.396421670913696 0.466732174158096 0.597651183605194 0.441524624824524 0.44262683391571 0.474174708127975 0.517225444316864 0.603379905223846 0.711995720863342 0.640628039836884 0.440925508737564 0.428648918867111 0.363971740007401 0.494512945413589 0.409112185239792 0.436219692230225 0.442912220954895 0.394454628229141 0.457645148038864 0.368730127811432 0.368793785572052 0.415604501962662 0.389745682477951 0.487052530050278
0.854623079299927 0.861221373081207 0.900044918060303 0.9022216796875 0.9178706407547 0.966259658336639 0.972479224205017 0.734084725379944 0.587849140167236 0.52703583240509 0.502451837062836 0.456172704696655 0.474394023418427 0.403348624706268 0.485326290130615 0.539806425571442 0.447197467088699 0.448607951402664 0.556474804878235 0.423658341169357 0.414306074380875 0.488318383693695 0.433977097272873 0.453978598117828 0.440586566925049 0.444907695055008 0.468080639839172 0.475167900323868 0.516562342643738 0.666719377040863 0.773599863052368 0.608965754508972 0.428323805332184 0.446395367383957 0.384942352771759 0.428449362516403 0.566457509994507 0.460540920495987 0.403789192438126 0.434853971004486 0.406526148319244 0.357465982437134 0.366425096988678 0.47490981221199 0.415037661790848 0.440763354301453
0.871013760566711 0.819957971572876 0.863609850406647 0.906335651874542 0.926392495632172 0.969274282455444 0.921035468578339 0.581637859344482 0.534349679946899 0.548311054706573 0.480391025543213 0.458751410245895 0.417308032512665 0.422101020812988 0.423353552818298 0.531146883964539 0.438360750675201 0.432035386562347 0.542629778385162 0.43907505273819 0.448691606521606 0.464062929153442 0.490914762020111 0.417234539985657 0.475598603487015 0.464052617549896 0.46274533867836 0.4753577709198 0.515567660331726 0.679373562335968 0.798246681690216 0.675743758678436 0.514964461326599 0.582615077495575 0.431526899337769 0.449748337268829 0.559646189212799 0.414376139640808 0.384054064750671 0.424399346113205 0.369838148355484 0.362145930528641 0.401570528745651 0.409258365631104 0.426568627357483 0.410166084766388
0.784881055355072 0.777871668338776 0.889492928981781 0.866993367671967 0.938947796821594 0.971238434314728 0.721326231956482 0.514768838882446 0.510181725025177 0.466778576374054 0.471788614988327 0.46100240945816 0.438520848751068 0.483465850353241 0.469349026679993 0.481655865907669 0.469929307699203 0.493526130914688 0.54213547706604 0.508907079696655 0.448363214731216 0.461149871349335 0.517773389816284 0.422295749187469 0.426411896944046 0.446667820215225 0.480402767658234 0.600189626216888 0.605336844921112 0.575867474079132 0.842118442058563 0.897815465927124 0.895237326622009 0.840167224407196 0.60529351234436 0.430262327194214 0.523204386234283 0.401828050613403 0.427151590585709 0.453348338603973 0.372154712677002 0.346098721027374 0.438127636909485 0.397185117006302 0.406752943992615 0.435297459363937
0.738767504692078 0.743871510028839 0.781598091125488 0.867375671863556 0.953940153121948 0.939864635467529 0.614562451839447 0.517400562763214 0.458369761705399 0.469034820795059 0.449593335390091 0.514505326747894 0.49503618478775 0.458518177270889 0.496078670024872 0.48667985200882 0.486145466566086 0.487669408321381 0.484373718500137 0.601568222045898 0.494224160909653 0.496170997619629 0.517160534858704 0.462978065013885 0.445071637630463 0.476382106542587 0.455295443534851 0.495542198419571 0.534914672374725 0.760072827339172 0.921988725662231 0.902120172977448 0.825075566768646 0.691906094551086 0.639102160930634 0.566850185394287 0.569711923599243 0.489620745182037 0.502398133277893 0.430101722478867 0.353317260742188 0.363761335611343 0.578917145729065 0.430268496274948 0.424839586019516 0.618284106254578
0.700210928916931 0.787487387657166 0.729055941104889 0.879567682743073 0.958985149860382 0.898625254631042 0.543452143669128 0.470900475978851 0.454968214035034 0.503328442573547 0.438080042600632 0.51908153295517 0.519197106361389 0.460933953523636 0.495299190282822 0.535047352313995 0.553378343582153 0.487337708473206 0.438143819570541 0.531606256961823 0.533696949481964 0.591302335262299 0.541408717632294 0.484041005373001 0.431302964687347 0.503447711467743 0.493511497974396 0.632588803768158 0.477302551269531 0.539749264717102 0.816704392433167 0.769221067428589 0.849610865116119 0.696588933467865 0.822228729724884 0.823763787746429 0.792289555072784 0.610329568386078 0.439349114894867 0.404520511627197 0.370005041360855 0.36785876750946 0.472731232643127 0.556641638278961 0.523965418338776 0.514872670173645
0.729657351970673 0.729433417320251 0.729187071323395 0.897019803524017 0.962621808052063 0.802699625492096 0.521556615829468 0.486019939184189 0.494651943445206 0.489229083061218 0.474989801645279 0.556226313114166 0.507206678390503 0.463071405887604 0.529874265193939 0.577541351318359 0.553214311599731 0.538375198841095 0.505480468273163 0.433867454528809 0.574235200881958 0.664049208164215 0.506076157093048 0.527340471744537 0.442670732736588 0.438716650009155 0.524732232093811 0.550859451293945 0.536679446697235 0.581677615642548 0.769019365310669 0.832724928855896 0.913008689880371 0.915762186050415 0.920835256576538 0.851968169212341 0.875894129276276 0.663187682628632 0.447451740503311 0.394630461931229 0.394576728343964 0.389620631933212 0.403550297021866 0.510592639446259 0.505530714988708 0.459262311458588
