output/projections/06_BA/Sclerurus cearensis.asc
NCOLS 168 
NROWS 144 
XLLCORNER -41.0000000002598 
YLLCORNER -7.99999999976785 
CELLSIZE 0.0416666666664048 
NODATA_value -3.4e+38 
[rows 80 to 99 of 144, columns 46 to 91 of 168]
0.260351568460464 0.287620455026627 0.2242830991745 0.267291456460953 0.283641904592514 0.243534937500954 0.301304668188095 0.261333793401718 0.290293037891388 0.278935730457306 0.268839061260223 0.267061442136765 0.264505356550217 0.254485070705414 0.270442962646484 0.227606475353241 0.252606242895126 0.304727792739868 0.212500780820847 0.172695979475975 0.224594086408615 0.240568697452545 0.229292392730713 0.190994188189507 0.156386956572533 0.215786889195442 0.27132585644722 0.253576755523682 0.265713512897491 0.265454560518265 0.25485622882843 0.24163806438446 0.212442561984062 0.245137080550194 0.231278225779533 0.227837890386581 0.213149026036263 0.204973623156548 0.164970844984055 0.177399322390556 0.20127184689045 0.201592177152634 0.165118515491486 0.183744937181473 0.204473093152046 0.204258069396019
0.278902322053909 0.318594664335251 0.279225915670395 0.261013925075531 0.323878586292267 0.30781951546669 0.265072405338287 0.258989334106445 0.316789984703064 0.300971746444702 0.2833631336689 0.281268090009689 0.289840877056122 0.270312011241913 0.220075443387032 0.26410311460495 0.30868598818779 0.234355017542839 0.202148333191872 0.185707107186317 0.183792471885681 0.229364231228828 0.245372429490089 0.192173629999161 0.202550262212753 0.176280811429024 0.271194636821747 0.251544654369354 0.253254681825638 0.260771840810776 0.248163267970085 0.208353295922279 0.18607784807682 0.187656581401825 0.224318251013756 0.229788422584534 0.21999354660511 0.185322269797325 0.155787855386734 0.182092621922493 0.201378583908081 0.198268294334412 0.165301620960236 0.173739835619926 0.193671941757202 0.215225577354431
0.287608712911606 0.334624320268631 0.272900402545929 0.267301887273788 0.358951568603516 0.31397145986557 0.26887920498848 0.292449295520782 0.318754643201828 0.281268745660782 0.304939389228821 0.289402723312378 0.262064814567566 0.255955308675766 0.269983410835266 0.279989838600159 0.241529434919357 0.212858140468597 0.222660064697266 0.179363057017326 0.17877160012722 0.226382851600647 0.298253774642944 0.203288346529007 0.195920199155807 0.177697569131851 0.269032716751099 0.255224645137787 0.242097407579422 0.260643899440765 0.248246520757675 0.220033928751945 0.211579158902168 0.188352420926094 0.190048113465309 0.197646126151085 0.181437373161316 0.148653045296669 0.156238421797752 0.203054755926132 0.195090040564537 0.19829723238945 0.175535902380943 0.183484390377998 0.193607851862907 0.214888513088226
0.327883183956146 0.353404313325882 0.25870943069458 0.312373399734497 0.325468868017197 0.291901856660843 0.293916285037994 0.289430052042007 0.302601546049118 0.242379516363144 0.231125250458717 0.276371866464615 0.288875073194504 0.288507223129272 0.263358414173126 0.22639462351799 0.222660973668098 0.253918051719666 0.255745410919189 0.188114076852798 0.173327773809433 0.207321181893349 0.297908067703247 0.227435484528542 0.210248112678528 0.177459374070168 0.272743582725525 0.248590275645256 0.225015744566917 0.228353753685951 0.237156048417091 0.240489467978477 0.218140944838524 0.197646960616112 0.202528551220894 0.200884848833084 0.183831006288528 0.147587820887566 0.191847592592239 0.195118620991707 0.1999541670084 0.203084200620651 0.165026292204857 0.18338418006897 0.193815216422081 0.215149343013763
0.363117277622223 0.334797590970993 0.302776664495468 0.301064997911453 0.298315912485123 0.272455036640167 0.270455747842789 0.284998923540115 0.284436643123627 0.275870651006699 0.219418421387672 0.215831145644188 0.236176460981369 0.271329045295715 0.218989104032516 0.200069829821587 0.24329474568367 0.314268976449966 0.259465545415878 0.186532363295555 0.179909989237785 0.190480127930641 0.265376210212708 0.288145899772644 0.259240388870239 0.184669628739357 0.266734629869461 0.274637073278427 0.237350448966026 0.215142548084259 0.211542844772339 0.213236719369888 0.216317176818848 0.223445668816566 0.21228352189064 0.175441697239876 0.149814248085022 0.157312765717506 0.18483504652977 0.188775911927223 0.201301097869873 0.213781505823135 0.178250432014465 0.183346226811409 0.204323932528496 0.218360662460327
0.356487244367599 0.302785724401474 0.277094602584839 0.289849281311035 0.274416387081146 0.257633477449417 0.26181036233902 0.236148282885551 0.243435740470886 0.262463182210922 0.249097973108292 0.220581248402596 0.217165678739548 0.201524138450623 0.247414156794548 0.182387962937355 0.266990691423416 0.302294254302979 0.229673758149147 0.191001266241074 0.182997152209282 0.200557708740234 0.224577650427818 0.309786885976791 0.329074651002884 0.227834895253181 0.237350448966026 0.228309109807014 0.248163267970085 0.227132841944695 0.221821337938309 0.20711886882782 0.205526173114777 0.193511918187141 0.174012959003448 0.180831983685493 0.160961106419563 0.178790375590324 0.196517050266266 0.207067221403122 0.224183782935143 0.236639559268951 0.186958730220795 0.173453375697136 0.193607032299042 0.234144732356071
0.35131424665451 0.306939363479614 0.272436857223511 0.276622831821442 0.278069645166397 0.273716330528259 0.262857109308243 0.246617197990417 0.233934059739113 0.243213161826134 0.23951518535614 0.214708834886551 0.241291284561157 0.228228077292442 0.219571635127068 0.207521945238113 0.272871553897858 0.270633637905121 0.232471913099289 0.180406987667084 0.20057424902916 0.231661409139633 0.236071705818176 0.340002506971359 0.332222998142242 0.345493227243423 0.234233781695366 0.200198099017143 0.232565999031067 0.223620936274529 0.235601857304573 0.244594007730484 0.199549213051796 0.15520615875721 0.149829477071762 0.173326835036278 0.160871475934982 0.185553789138794 0.215390965342522 0.250153481960297 0.245906636118889 0.224861830472946 0.178625926375389 0.164294391870499 0.173643797636032 0.2119991928339
0.353382289409637 0.320463448762894 0.308968603610992 0.297421991825104 0.269764363765717 0.241650387644768 0.26877498626709 0.266526192426682 0.259955853223801 0.248623982071877 0.239084452390671 0.205753743648529 0.218866273760796 0.26168766617775 0.189149469137192 0.387908309698105 0.300626993179321 0.25145959854126 0.290902018547058 0.188940107822418 0.176847755908966 0.221156045794487 0.215062439441681 0.36160808801651 0.441552460193634 0.363907665014267 0.256446033716202 0.227700427174568 0.198266088962555 0.179760918021202 0.194739833474159 0.187553226947784 0.168576702475548 0.151214987039566 0.152377262711525 0.18373142182827 0.174756273627281 0.172959387302399 0.214325860142708 0.215854942798615 0.22114622592926 0.197131842374802 0.205784767866135 0.191400110721588 0.16416922211647 0.18338418006897
0.300146102905273 0.272174477577209 0.261730790138245 0.257915496826172 0.269502907991409 0.261080086231232 0.320806115865707 0.313358157873154 0.257707953453064 0.281775295734406 0.238638237118721 0.220533654093742 0.203299894928932 0.256187796592712 0.183928593993187 0.602745234966278 0.329841822385788 0.314732760190964 0.359752744436264 0.176964178681374 0.192686632275581 0.280877649784088 0.223361641168594 0.354720056056976 0.381491541862488 0.278353720903397 0.389363020658493 0.349813669919968 0.279502272605896 0.235074609518051 0.210721716284752 0.185706779360771 0.171257421374321 0.161539599299431 0.145869955420494 0.201714932918549 0.192068010568619 0.191671699285507 0.220134124159813 0.245279774069786 0.29281809926033 0.232517331838608 0.232517331838608 0.21482789516449 0.173393785953522 0.192984312772751
0.321877747774124 0.295532524585724 0.251678317785263 0.294955492019653 0.319234222173691 0.305384010076523 0.29568338394165 0.288654416799545 0.263277798891068 0.231096416711807 0.240024596452713 0.245633408427238 0.214452132582664 0.202668696641922 0.273836851119995 0.634389877319336 0.366488963365555 0.450546503067017 0.272704243659973 0.186026364564896 0.174036860466003 0.228154823184013 0.220312774181366 0.271574974060059 0.336528301239014 0.432691514492035 0.382055580615997 0.364410609006882 0.321659088134766 0.283067971467972 0.238260954618454 0.192960292100906 0.177874982357025 0.182362973690033 0.158427953720093 0.182817041873932 0.188409999012947 0.230895429849625 0.305567651987076 0.313915371894836 0.306283533573151 0.278119593858719 0.251577585935593 0.203101336956024 0.183085337281227 0.228851392865181
0.274105489253998 0.29960885643959 0.310756236314774 0.332708179950714 0.298859566450119 0.270897269248962 0.315521985292435 0.255675137042999 0.240407943725586 0.229255363345146 0.228720709681511 0.277426302433014 0.217973574995995 0.204685509204865 0.492482006549835 0.624638080596924 0.310530126094818 0.324918419122696 0.254393458366394 0.19371010363102 0.182883247733116 0.235243335366249 0.209452331066132 0.242256104946136 0.281663566827774 0.358408719301224 0.296730488538742 0.260953694581985 0.298046588897705 0.293369948863983 0.212324798107147 0.204197436571121 0.218269214034081 0.187843918800354 0.199592530727386 0.183789491653442 0.234248831868172 0.255782634019852 0.318409204483032 0.331205040216446 0.285997539758682 0.255385130643845 0.243833437561989 0.211232915520668 0.195842832326889 0.274964809417725
0.328847646713257 0.317341595888138 0.344794869422913 0.366330146789551 0.285537123680115 0.260365426540375 0.286661416292191 0.295054793357849 0.255296319723129 0.273213654756546 0.234192192554474 0.247783601284027 0.243967860937119 0.211722135543823 0.523522734642029 0.596694648265839 0.419773012399673 0.410278528928757 0.221989944577217 0.249559536576271 0.199840754270554 0.228419333696365 0.230678901076317 0.304453194141388 0.302105963230133 0.336654305458069 0.290320247411728 0.308800667524338 0.255663901567459 0.227148294448853 0.219424843788147 0.278115749359131 0.234856173396111 0.203006029129028 0.242639675736427 0.203138291835785 0.243362456560135 0.295520156621933 0.273989945650101 0.295380860567093 0.293198972940445 0.293061405420303 0.275639563798904 0.209427207708359 0.226835429668427 0.270476251840591
0.335615426301956 0.398223847150803 0.351404041051865 0.307640343904495 0.318518042564392 0.270766168832779 0.338659763336182 0.290857791900635 0.280316710472107 0.312134712934494 0.265223383903503 0.248031139373779 0.258238255977631 0.25093674659729 0.608222842216492 0.794078946113586 0.724206924438477 0.306664258241653 0.234830141067505 0.289648681879044 0.242840781807899 0.237201422452927 0.243471056222916 0.309834718704224 0.324869900941849 0.29580146074295 0.291216135025024 0.248392552137375 0.218883037567139 0.218028649687767 0.263483047485352 0.315890252590179 0.249046504497528 0.242545560002327 0.26451364159584 0.243739977478981 0.283634305000305 0.275796324014664 0.285613626241684 0.275530159473419 0.289872378110886 0.25325334072113 0.230641201138496 0.212015688419342 0.270710438489914 0.232230201363564
0.401391834020615 0.426066845655441 0.36407533288002 0.383057624101639 0.314270585775375 0.298395335674286 0.352502167224884 0.322192132472992 0.286454677581787 0.330204039812088 0.279770612716675 0.240024596452713 0.248623117804527 0.294866621494293 0.750962793827057 0.836980521678925 0.714008569717407 0.327856928110123 0.276384681463242 0.309413373470306 0.247432813048363 0.382416874170303 0.362348318099976 0.369224637746811 0.340527921915054 0.300008893013 0.252543836832047 0.261209815740585 0.275758892297745 0.269606232643127 0.292801916599274 0.311701625585556 0.275146692991257 0.22291724383831 0.310581266880035 0.302031815052032 0.310596197843552 0.270491003990173 0.277319610118866 0.277319610118866 0.261549293994904 0.235477536916733 0.234731659293175 0.364403039216995 0.264953017234802 0.217190057039261
0.431657493114471 0.406078159809113 0.423407852649689 0.380605190992355 0.330453932285309 0.337073057889938 0.365165919065475 0.345630198717117 0.32887801527977 0.321299403905869 0.284257769584656 0.284942716360092 0.311804234981537 0.285787373781204 0.561656057834625 0.712173402309418 0.437701940536499 0.344691842794418 0.339610517024994 0.266206830739975 0.247860997915268 0.372372150421143 0.526634216308594 0.3409423828125 0.268722504377365 0.257685631513596 0.298742562532425 0.305986344814301 0.311238437891006 0.330657035112381 0.33296063542366 0.30961874127388 0.244432464241982 0.259585529565811 0.33150640130043 0.351501405239105 0.312380164861679 0.289576411247253 0.281504482030869 0.288638532161713 0.260669887065887 0.229223594069481 0.367429494857788 0.346707314252853 0.235779941082001 0.237169563770294
0.470925688743591 0.463183999061584 0.462278783321381 0.386414796113968 0.397892683744431 0.334903120994568 0.402344733476639 0.396820515394211 0.359131842851639 0.299213975667953 0.299806952476501 0.304858922958374 0.474512696266174 0.326568275690079 0.779949843883514 0.611580789089203 0.609017372131348 0.390320032835007 0.321067988872528 0.267083317041397 0.390559554100037 0.344386607408524 0.310285955667496 0.404762864112854 0.298269927501678 0.554351389408112 0.701656758785248 0.3683902323246 0.370857954025269 0.39182436466217 0.30768495798111 0.2845399081707 0.254910290241241 0.294806629419327 0.331358134746552 0.349270522594452 0.313634246587753 0.320238322019577 0.29480442404747 0.321628719568253 0.297770410776138 0.252340078353882 0.326384842395782 0.251355171203613 0.275194108486176 0.326266556978226
0.503268301486969 0.569980025291443 0.512762308120728 0.396384209394455 0.48008519411087 0.365965455770493 0.402195423841476 0.399319499731064 0.352427035570145 0.28685075044632 0.287943124771118 0.373336583375931 0.36381921172142 0.474247008562088 0.89776474237442 0.84638375043869 0.554123997688293 0.381354868412018 0.324031323194504 0.316293478012085 0.406782180070877 0.292018264532089 0.33655509352684 0.642824649810791 0.73692911863327 0.850965797901154 0.845774471759796 0.466357856988907 0.574042737483978 0.418562233448029 0.328628808259964 0.291719615459442 0.259585529565811 0.326181650161743 0.374880731105804 0.409385323524475 0.352813631296158 0.361899167299271 0.34089258313179 0.298973023891449 0.279194056987762 0.251964569091797 0.241827875375748 0.36405822634697 0.642262041568756 0.734033346176147
0.444206357002258 0.487519890069962 0.53156590461731 0.448301374912262 0.538266181945801 0.412758588790894 0.397355675697327 0.352604627609253 0.322784513235092 0.264409512281418 0.28599750995636 0.420966148376465 0.31310698390007 0.82032984495163 0.913952529430389 0.85641622543335 0.825937569141388 0.684418737888336 0.495839387178421 0.363281428813934 0.313039302825928 0.267834722995758 0.281556904315948 0.319123029708862 0.485886693000793 0.792849361896515 0.798049211502075 0.872268259525299 0.756074130535126 0.422391504049301 0.379353046417236 0.331059187650681 0.324047565460205 0.352226078510284 0.385733366012573 0.414267480373383 0.400922983884811 0.348358422517776 0.321596801280975 0.360692918300629 0.283396154642105 0.282372683286667 0.28474223613739 0.292200595140457 0.459053188562393 0.00918012950569391
0.39333587884903 0.390422940254211 0.560722529888153 0.455908507108688 0.559060513973236 0.47239562869072 0.44349279999733 0.384923130273819 0.28329211473465 0.307475686073303 0.321899861097336 0.473640292882919 0.415615022182465 0.877640962600708 0.843034088611603 0.9222172498703 0.743276000022888 0.689754903316498 0.442337900400162 0.402389347553253 0.358913034200668 0.307760715484619 0.338379770517349 0.332479238510132 0.337861090898514 0.387197971343994 0.68334025144577 0.883767247200012 0.90599536895752 0.634877860546112 0.417475759983063 0.359523147344589 0.386095613241196 0.355749249458313 0.45237272977829 0.49601137638092 0.414394021034241 0.395010083913803 0.369268625974655 0.378217756748199 0.350403845310211 0.343341141939163 0.310354351997375 0.00242298166267574 0.00186273246072233 0.00263758189976215
0.333318799734116 0.396455585956573 0.594300150871277 0.443823784589767 0.572124600410461 0.501899063587189 0.459126114845276 0.392322063446045 0.260927587747574 0.34037983417511 0.352588176727295 0.316005885601044 0.775677800178528 0.9063441157341 0.902811706066132 0.901587963104248 0.793382287025452 0.670471668243408 0.419431775808334 0.483637094497681 0.383323073387146 0.33726555109024 0.347230583429337 0.352789163589478 0.331467241048813 0.525500357151031 0.715375661849976 0.713339865207672 0.756258726119995 0.470841884613037 0.370101064443588 0.422363877296448 0.402572125196457 0.391552120447159 0.693138837814331 0.507409870624542 0.465215921401978 0.382027983665466 0.354270547628403 0.349228352308273 0.339959323406219 0.322142988443375 0.0017756256274879 0.00172465178184211 0.00204492500051856 0.00215230649337173
