output/projections/06_BA/Sclerurus cearensis.asc
NCOLS 168 
NROWS 144 
XLLCORNER -41.0000000002598 
YLLCORNER -7.99999999976785 
CELLSIZE 0.0416666666664048 
NODATA_value -3.4e+38 
[rows 60 to 79 of 144, columns 46 to 91 of 168]
0.432022303342819 0.43023881316185 0.478070437908173 0.625924289226532 0.526775896549225 0.448796600103378 0.440272390842438 0.389802008867264 0.346665531396866 0.348623096942902 0.435630291700363 0.427503228187561 0.444549232721329 0.406910687685013 0.388840109109879 0.386216461658478 0.337805181741714 0.324674040079117 0.33254685997963 0.304240047931671 0.324400037527084 0.466928005218506 0.468121230602264 0.380958050489426 0.408066242933273 0.424933314323425 0.383050054311752 0.427425056695938 0.460720777511597 0.526660680770874 0.556452810764313 0.483019262552261 0.506673216819763 0.572157204151154 0.529904246330261 0.527987360954285 0.519521772861481 0.516709327697754 0.511684358119965 0.524982154369354 0.522390484809875 0.51955258846283 0.521864473819733 0.514012336730957 0.511416494846344 0.513458967208862
0.418589144945145 0.428849995136261 0.410739690065384 0.42812642455101 0.415555357933044 0.40533834695816 0.39448669552803 0.32258278131485 0.385114073753357 0.39981871843338 0.401835769414902 0.440743237733841 0.473768144845963 0.388878554105759 0.398751646280289 0.374386668205261 0.35526505112648 0.309435307979584 0.322110086679459 0.291458487510681 0.319694012403488 0.504181861877441 0.402013450860977 0.387529790401459 0.392315059900284 0.390108853578568 0.352842420339584 0.412715017795563 0.467978239059448 0.500374436378479 0.527699708938599 0.449528723955154 0.446691900491714 0.528886139392853 0.538385987281799 0.546883106231689 0.510806918144226 0.51667457818985 0.509018421173096 0.503946483135223 0.50113046169281 0.496101438999176 0.493276745080948 0.490609437227249 0.50179123878479 0.499114334583282
0.373552650213242 0.423537790775299 0.472645372152328 0.403120040893555 0.389955341815948 0.348092198371887 0.358317196369171 0.38542851805687 0.407809883356094 0.430401831865311 0.356135010719299 0.374683409929276 0.38212376832962 0.374744772911072 0.359524935483932 0.340852946043015 0.302285432815552 0.301907926797867 0.317709416151047 0.284252852201462 0.405854910612106 0.390064388513565 0.3675836622715 0.347058594226837 0.362702637910843 0.329043626785278 0.35922783613205 0.412214249372482 0.42707222700119 0.512198805809021 0.469179779291153 0.394351601600647 0.42461422085762 0.477460592985153 0.53334254026413 0.530705630779266 0.548809587955475 0.555289745330811 0.51879745721817 0.482409089803696 0.476978629827499 0.46953946352005 0.480641663074493 0.478214204311371 0.472734451293945 0.475209504365921
0.341713398694992 0.344308763742447 0.370233178138733 0.341208428144455 0.341912835836411 0.377536475658417 0.339736551046371 0.430613845586777 0.36607551574707 0.400281339883804 0.365293264389038 0.311382323503494 0.362380921840668 0.324569016695023 0.3220055103302 0.293348014354706 0.292976975440979 0.293466329574585 0.302405804395676 0.365087270736694 0.382064551115036 0.347254574298859 0.358239084482193 0.36949497461319 0.369448155164719 0.333279460668564 0.365937560796738 0.415519595146179 0.42305999994278 0.462434351444244 0.378909200429916 0.377679824829102 0.391696751117706 0.419203847646713 0.464516550302505 0.492828011512756 0.475649207830429 0.498981386423111 0.545856654644012 0.53571605682373 0.49814185500145 0.46439528465271 0.456781655550003 0.456996232271194 0.467907160520554 0.462902188301086
0.407745748758316 0.372665673494339 0.334228157997131 0.32318851351738 0.353893965482712 0.383168876171112 0.358906656503677 0.353684067726135 0.323004126548767 0.327402085065842 0.341229647397995 0.302110135555267 0.313000351190567 0.308801233768463 0.317741721868515 0.320255190134048 0.29586386680603 0.341105490922928 0.34313291311264 0.295612990856171 0.34192368388176 0.34157982468605 0.3299939930439 0.329656094312668 0.331661820411682 0.361910223960876 0.373788684606552 0.371359884738922 0.42128774523735 0.361158460378647 0.329592823982239 0.337269842624664 0.421250075101852 0.397100359201431 0.429920494556427 0.393588423728943 0.404220670461655 0.470247626304626 0.577628016471863 0.607856154441833 0.532609403133392 0.452837586402893 0.437768131494522 0.449135154485703 0.441523194313049 0.436732202768326
0.485171794891357 0.402869582176208 0.312018275260925 0.378289937973022 0.365694344043732 0.337108612060547 0.334893822669983 0.315787345170975 0.325600504875183 0.325309038162231 0.32033109664917 0.350166738033295 0.347760587930679 0.291675895452499 0.31063973903656 0.322525352239609 0.346392124891281 0.355146855115891 0.308364659547806 0.268494486808777 0.337264657020569 0.324967175722122 0.285448312759399 0.301750898361206 0.281151413917542 0.335014700889587 0.346038967370987 0.29516863822937 0.325877815485001 0.367566555738449 0.304418683052063 0.330151319503784 0.37683966755867 0.406424254179001 0.387387543916702 0.386147767305374 0.374111175537109 0.484310001134872 0.56807154417038 0.570732474327087 0.511106789112091 0.493424206972122 0.457100749015808 0.44234824180603 0.415659487247467 0.431703388690948
0.395098567008972 0.332849085330963 0.359053790569305 0.431591808795929 0.378251403570175 0.348906606435776 0.325498878955841 0.309454143047333 0.370248794555664 0.327199339866638 0.340918689966202 0.352943450212479 0.286752283573151 0.278831958770752 0.315896034240723 0.392268180847168 0.384802669286728 0.329243242740631 0.295464873313904 0.263777405023575 0.275361627340317 0.315332412719727 0.278775185346603 0.270587742328644 0.262463629245758 0.279890894889832 0.265898555517197 0.301131904125214 0.376547485589981 0.365947276353836 0.278401285409927 0.289472430944443 0.34753081202507 0.356590002775192 0.357775419950485 0.377285897731781 0.360969334840775 0.514612257480621 0.505797564983368 0.503481924533844 0.460076808929443 0.440007776021957 0.469076633453369 0.456606596708298 0.420211941003799 0.40124648809433
0.361096143722534 0.391452193260193 0.406638443470001 0.42682620882988 0.373665779829025 0.368185013532639 0.305239289999008 0.488605856895447 0.482444614171982 0.353153139352798 0.362384796142578 0.297397315502167 0.288892954587936 0.30919536948204 0.433029353618622 0.384366273880005 0.329536497592926 0.297771126031876 0.259407430887222 0.274633258581161 0.262788236141205 0.264508605003357 0.271883428096771 0.259925842285156 0.250090330839157 0.260186344385147 0.309753805398941 0.320157170295715 0.355437934398651 0.297552824020386 0.281237035989761 0.282281845808029 0.295603394508362 0.301760941743851 0.315195053815842 0.335878729820251 0.35719096660614 0.436880856752396 0.451615482568741 0.424583107233047 0.36435005068779 0.419562458992004 0.428854584693909 0.435852706432343 0.409267365932465 0.390122711658478
0.414001613855362 0.409277498722076 0.376429170370102 0.374144464731216 0.361662566661835 0.375758975744247 0.305775910615921 0.595942616462708 0.469589114189148 0.370201945304871 0.306545704603195 0.313365638256073 0.360535740852356 0.377354830503464 0.394735127687454 0.315482139587402 0.288874506950378 0.27215188741684 0.277970045804977 0.281756669282913 0.282463878393173 0.255723834037781 0.251663833856583 0.229416325688362 0.261288374662399 0.281804144382477 0.329067289829254 0.355844408273697 0.284134596586227 0.270180106163025 0.271078526973724 0.263202369213104 0.26609992980957 0.318548023700714 0.299297749996185 0.381208091974258 0.374146908521652 0.357914298772812 0.367366403341293 0.338048309087753 0.35462811589241 0.41682493686676 0.448059290647507 0.417288839817047 0.379330039024353 0.360730648040771
0.416394501924515 0.367295116186142 0.333734124898911 0.312545835971832 0.296955198049545 0.3192498087883 0.351976454257965 0.433083683252335 0.396796435117722 0.284173339605331 0.317800939083099 0.412746906280518 0.382194042205811 0.338605880737305 0.322063446044922 0.319947183132172 0.308409929275513 0.275919049978256 0.259459257125854 0.226405143737793 0.252621829509735 0.263366430997849 0.255344986915588 0.252081871032715 0.272971600294113 0.300132691860199 0.341215044260025 0.265444159507751 0.249999329447746 0.244445696473122 0.243481561541557 0.24443382024765 0.283851534128189 0.294912755489349 0.395294368267059 0.394149869680405 0.352297186851501 0.345668107271194 0.332080841064453 0.346042275428772 0.336995005607605 0.384391665458679 0.429647296667099 0.3530013859272 0.352840811014175 0.332637280225754
0.381319284439087 0.35220742225647 0.330824226140976 0.328235328197479 0.32561269402504 0.305281907320023 0.316355049610138 0.370168030261993 0.372128218412399 0.352972120046616 0.447787404060364 0.381301432847977 0.366386741399765 0.354350388050079 0.308311194181442 0.271695226430893 0.265532255172729 0.26549306511879 0.231839030981064 0.287919193506241 0.309354364871979 0.27520027756691 0.227934956550598 0.256890028715134 0.28909233212471 0.352835685014725 0.260872572660446 0.236398637294769 0.223850190639496 0.23165999352932 0.204473689198494 0.246828734874725 0.444928199052811 0.406816005706787 0.438304245471954 0.362252920866013 0.313410341739655 0.350081026554108 0.345517963171005 0.383218199014664 0.342853456735611 0.336013525724411 0.333985924720764 0.314210683107376 0.341495394706726 0.323766976594925
0.347025752067566 0.33554396033287 0.36108386516571 0.365998983383179 0.369939804077148 0.32730171084404 0.284943461418152 0.32044392824173 0.306969374418259 0.360225856304169 0.416537433862686 0.386525899171829 0.333361923694611 0.317100286483765 0.323597609996796 0.279688566923141 0.263075411319733 0.294722050428391 0.301188975572586 0.314140886068344 0.265477329492569 0.239717051386833 0.253123313188553 0.264443069696426 0.329521328210831 0.288886576890945 0.223243340849876 0.20960134267807 0.198992550373077 0.223800510168076 0.260030180215836 0.371596485376358 0.438154280185699 0.410108268260956 0.377859830856323 0.343577474355698 0.300402373075485 0.380646973848343 0.327408701181412 0.401817888021469 0.354196131229401 0.347249507904053 0.296197563409805 0.322654008865356 0.331508755683899 0.26769170165062
0.45516449213028 0.44470152258873 0.366307109594345 0.287378132343292 0.35088923573494 0.336460530757904 0.280793398618698 0.276350498199463 0.302177518606186 0.407502263784409 0.340518712997437 0.324190735816956 0.303757071495056 0.305677056312561 0.277507334947586 0.281558603048325 0.26527339220047 0.29457300901413 0.288044393062592 0.266424834728241 0.241737455129623 0.263069987297058 0.280656188726425 0.300801604986191 0.303773015737534 0.21569499373436 0.194183856248856 0.179825201630592 0.247934848070145 0.33900985121727 0.36350616812706 0.388764381408691 0.388716608285904 0.366421014070511 0.357436776161194 0.319651663303375 0.316408485174179 0.345238238573074 0.347314715385437 0.39710322022438 0.347249507904053 0.354044318199158 0.315060049295425 0.318983256816864 0.262650281190872 0.222691565752029
0.540413737297058 0.395491600036621 0.283316791057587 0.260735422372818 0.293888598680496 0.270338118076324 0.253826171159744 0.311308354139328 0.322553962469101 0.381288856267929 0.283975809812546 0.292227059602737 0.294380664825439 0.285916596651077 0.263024508953094 0.248922795057297 0.24908609688282 0.261055827140808 0.279092222452164 0.250692933797836 0.264213621616364 0.266069531440735 0.258121699094772 0.304053902626038 0.231461480259895 0.187421798706055 0.167632237076759 0.229151830077171 0.327092289924622 0.333471357822418 0.353326886892319 0.352875798940659 0.350355714559555 0.347948968410492 0.329963475465775 0.291607886552811 0.338833153247833 0.410007506608963 0.452366173267365 0.413721680641174 0.367703169584274 0.339038014411926 0.309345692396164 0.251989454030991 0.214850425720215 0.203645914793015
0.367163777351379 0.327393919229507 0.300539523363113 0.262604236602783 0.254384219646454 0.252364009618759 0.304837137460709 0.311186283826828 0.275906890630722 0.294932544231415 0.246803298592567 0.21902172267437 0.28780072927475 0.269100606441498 0.231597900390625 0.185431122779846 0.185330882668495 0.215074688196182 0.220463022589684 0.189848080277443 0.216976016759872 0.250315576791763 0.227770075201988 0.218744277954102 0.190607085824013 0.168455824255943 0.214724853634834 0.308814734220505 0.319290339946747 0.335488706827164 0.337467104196548 0.327220618724823 0.345791012048721 0.332224249839783 0.302895545959473 0.295680373907089 0.319991677999496 0.409655928611755 0.415647834539413 0.372082233428955 0.307273417711258 0.316333472728729 0.256677240133286 0.207400038838387 0.193255126476288 0.214329063892365
0.317444890737534 0.302448034286499 0.272695571184158 0.268382728099823 0.291682809591293 0.287231117486954 0.249743491411209 0.261605530977249 0.259210675954819 0.229979783296585 0.211756363511086 0.208199143409729 0.222543731331825 0.215744152665138 0.225876972079277 0.240741282701492 0.21221536397934 0.222824335098267 0.212181761860847 0.210433006286621 0.208383187651634 0.218626916408539 0.212244182825089 0.187946066260338 0.157851547002792 0.230359196662903 0.317611575126648 0.315220654010773 0.319290339946747 0.308205425739288 0.301667898893356 0.339320242404938 0.352724224328995 0.303137481212616 0.288579136133194 0.276441723108292 0.308456063270569 0.333468198776245 0.386177629232407 0.299193322658539 0.316333472728729 0.262670338153839 0.205096051096916 0.198076874017715 0.193123281002045 0.214105576276779
0.32705369591713 0.295825511217117 0.280985891819 0.309301406145096 0.331815332174301 0.274129450321198 0.272027045488358 0.253609180450439 0.241447985172272 0.233570441603661 0.285342365503311 0.24072839319706 0.287058115005493 0.29138195514679 0.283187538385391 0.289652615785599 0.266555815935135 0.276852309703827 0.239015594124794 0.198451355099678 0.221457079052925 0.246190071105957 0.213874936103821 0.171875655651093 0.157836347818375 0.274447470903397 0.308202892541885 0.297271400690079 0.292948752641678 0.293535768985748 0.291248738765717 0.329218804836273 0.311988025903702 0.286915391683578 0.280751496553421 0.286575257778168 0.294893950223923 0.290960818529129 0.316354990005493 0.291904360055923 0.232018992304802 0.218298345804214 0.184037387371063 0.207837730646133 0.183086916804314 0.225452020764351
0.312713295221329 0.324726998806 0.29553809762001 0.372679084539413 0.336142241954803 0.308952182531357 0.225069403648376 0.251349836587906 0.233426913619041 0.256411999464035 0.294093906879425 0.260532021522522 0.270664304494858 0.246842086315155 0.241115227341652 0.231610015034676 0.231456145644188 0.221338659524918 0.203665792942047 0.237130895256996 0.209613934159279 0.211514472961426 0.188621520996094 0.163824170827866 0.148841962218285 0.270722061395645 0.30823689699173 0.299307227134705 0.282533496618271 0.280229777097702 0.281985461711884 0.28585684299469 0.271860301494598 0.264011919498444 0.268065750598907 0.268094450235367 0.255564272403717 0.269253462553024 0.244985565543175 0.222572088241577 0.184757083654404 0.175472110509872 0.208614215254784 0.183643788099289 0.182888433337212 0.239122197031975
0.24234838783741 0.247281342744827 0.301468580961227 0.352883636951447 0.317266464233398 0.215849861502647 0.226663291454315 0.281763464212418 0.258907198905945 0.265022903680801 0.253217339515686 0.248839035630226 0.250812143087387 0.240803271532059 0.240803271532059 0.24462266266346 0.242852658033371 0.212511271238327 0.266376376152039 0.21633642911911 0.205148324370384 0.222791761159897 0.204498752951622 0.169503703713417 0.151237323880196 0.243089973926544 0.296747833490372 0.277902036905289 0.269706279039383 0.284228920936584 0.269003689289093 0.267095416784286 0.270882487297058 0.246024414896965 0.242293074727058 0.232435122132301 0.239495053887367 0.24677512049675 0.227765396237373 0.190791502594948 0.187603041529655 0.179510772228241 0.191772907972336 0.173871546983719 0.183086916804314 0.214441761374474
0.283475011587143 0.281369388103485 0.262679308652878 0.301204979419708 0.227981999516487 0.188792496919632 0.273561477661133 0.275805473327637 0.269502460956573 0.309699416160583 0.248778328299522 0.250946909189224 0.30252930521965 0.274602502584457 0.272761136293411 0.24823497235775 0.200307264924049 0.27679443359375 0.284909188747406 0.199029117822647 0.22074481844902 0.2387515604496 0.226125136017799 0.16931688785553 0.156635463237762 0.290694862604141 0.29245525598526 0.274015367031097 0.265786617994308 0.263562381267548 0.263304769992828 0.271013617515564 0.277042299509048 0.239656940102577 0.213992476463318 0.215745285153389 0.215656846761703 0.209904730319977 0.201738491654396 0.181526437401772 0.167402654886246 0.194985821843147 0.179679572582245 0.18338418006897 0.193607032299042 0.203825980424881
