output/projections/02_LH/Cassia ferruginea.asc
NCOLS 168 
NROWS 144 
XLLCORNER -41.0001394455 
YLLCORNER -8.00013921734823 
CELLSIZE 0.0416666665 
NODATA_value -3.4e+38 
[rows 42 to 62 of 144, columns 0 to 45 of 168]
0.904475510120392 0.925225973129272 0.864685952663422 0.453255087137222 0.310900062322617 0.257820963859558 0.417911529541016 0.401689529418945 0.336475521326065 0.351698964834213 0.279347330331802 0.251590549945831 0.236047372221947 0.163940146565437 0.121898382902145 0.144103229045868 0.188286706805229 0.100655153393745 0.108896926045418 0.135735526680946 0.145410448312759 0.159004539251328 0.0963993668556213 0.0831159427762032 0.351287335157394 0.166336983442307 0.11228034645319 0.0915098711848259 0.094713881611824 0.0903215259313583 0.0974935591220856 0.0958459228277206 0.103978872299194 0.232962653040886 0.310123533010483 0.229369148612022 0.186863288283348 0.147781804203987 0.119216330349445 0.13169752061367 0.133638113737106 0.0887772813439369 0.127888023853302 0.164518862962723 0.193595170974731 0.212049394845963
0.910760998725891 0.92592978477478 0.802632093429565 0.449168235063553 0.344047218561172 0.241800636053085 0.521044194698334 0.492013484239578 0.444505989551544 0.397164762020111 0.327388256788254 0.252385258674622 0.200262635946274 0.18454621732235 0.108584716916084 0.17210166156292 0.16971193253994 0.119111903011799 0.0994590744376183 0.115525171160698 0.158809989690781 0.156205713748932 0.0981467366218567 0.075824536383152 0.117237456142902 0.229067668318748 0.12146482616663 0.0973174497485161 0.154339000582695 0.141662880778313 0.118119634687901 0.0954393967986107 0.089891292154789 0.109783448278904 0.13262751698494 0.117574103176594 0.110544323921204 0.152625039219856 0.128318697214127 0.152707099914551 0.103791549801826 0.095839612185955 0.0864185094833374 0.105760760605335 0.189029172062874 0.182075381278992
0.898419260978699 0.922570109367371 0.888716459274292 0.516950726509094 0.338034987449646 0.324137032032013 0.498487830162048 0.449751675128937 0.401311814785004 0.322763025760651 0.249216333031654 0.257994771003723 0.221907839179039 0.226306572556496 0.110642187297344 0.144103229045868 0.184314221143723 0.121791936457157 0.119459450244904 0.116702035069466 0.15325815975666 0.144887283444405 0.104281947016716 0.0895469486713409 0.098766028881073 0.0911599546670914 0.0872517824172974 0.0882643982768059 0.113595999777317 0.136116579174995 0.100277408957481 0.0897722765803337 0.0978651791810989 0.151935860514641 0.143972709774971 0.101809307932854 0.205425888299942 0.310308009386063 0.155925646424294 0.101453945040703 0.100314490497112 0.115289002656937 0.0954748764634132 0.102233223617077 0.119659766554832 0.18454621732235
0.895145833492279 0.917482912540436 0.928158640861511 0.702077329158783 0.441984623670578 0.400778979063034 0.414092808961868 0.423658013343811 0.351007401943207 0.245292723178864 0.258628576993942 0.252385258674622 0.281048059463501 0.257994771003723 0.12055092304945 0.113543637096882 0.162004292011261 0.14192496240139 0.12259903550148 0.119335189461708 0.17927485704422 0.123837880790234 0.117423169314861 0.10117307305336 0.0873896107077599 0.114651039242744 0.0805813074111938 0.0761930793523788 0.0988090932369232 0.135849073529243 0.104773126542568 0.0993642956018448 0.0934882089495659 0.160265579819679 0.147648513317108 0.137553408741951 0.145410448312759 0.135980889201164 0.119178473949432 0.0904903933405876 0.0936623811721802 0.145225137472153 0.120104633271694 0.102612853050232 0.137591868638992 0.124172978103161
0.89502477645874 0.918020784854889 0.930113732814789 0.915905177593231 0.519305467605591 0.422507017850876 0.399236470460892 0.358729302883148 0.244513019919395 0.322763025760651 0.240473821759224 0.292255043983459 0.325534075498581 0.252385258674622 0.136551797389984 0.110192619264126 0.146609276533127 0.178504049777985 0.122019551694393 0.176193967461586 0.198645874857903 0.114119455218315 0.106129430234432 0.110610291361809 0.0844102650880814 0.119233086705208 0.0899756997823715 0.0809302106499672 0.100878022611141 0.151786595582962 0.143446013331413 0.111908845603466 0.15114438533783 0.134579703211784 0.0992720425128937 0.13360059261322 0.140391513705254 0.103358544409275 0.0911868140101433 0.0742825493216515 0.103299774229527 0.181300595402718 0.120104633271694 0.0908451676368713 0.162213802337646 0.127418518066406
0.783414900302887 0.886493623256683 0.925047338008881 0.934333324432373 0.576816499233246 0.401311814785004 0.317258238792419 0.226147621870041 0.400778979063034 0.387034952640533 0.251419574022293 0.347863256931305 0.355824738740921 0.18454621732235 0.159934848546982 0.134575456380844 0.113904662430286 0.116389602422714 0.115404464304447 0.153806105256081 0.168621018528938 0.127544373273849 0.0970328077673912 0.102583013474941 0.0834378227591515 0.111490495502949 0.0820267498493195 0.0728566199541092 0.0955485925078392 0.315414160490036 0.135354861617088 0.162201404571533 0.16401144862175 0.111586801707745 0.0855992063879967 0.0889575630426407 0.133417949080467 0.0790305212140083 0.103749945759773 0.0864116623997688 0.0987627878785133 0.140577763319016 0.14215686917305 0.0984278246760368 0.158242702484131 0.156009152531624
0.767262935638428 0.90402740240097 0.923284828662872 0.932625293731689 0.552301943302155 0.36331981420517 0.218134239315987 0.330635994672775 0.486514568328857 0.32991835474968 0.364295661449432 0.356791764497757 0.268625944852829 0.156565114855766 0.227786466479301 0.15545479953289 0.138476818799973 0.106466248631477 0.0963993668556213 0.105730108916759 0.317385852336884 0.174365505576134 0.111860774457455 0.098766028881073 0.0938461422920227 0.11210173368454 0.105959437787533 0.0737156644463539 0.0960105806589127 0.308847337961197 0.202142342925072 0.176914483308792 0.18428198993206 0.114826701581478 0.105072237551212 0.0909314900636673 0.127207085490227 0.0722541809082031 0.112634226679802 0.110130444169044 0.111438974738121 0.155371531844139 0.18076953291893 0.110642187297344 0.144702538847923 0.152162358164787
0.751617312431335 0.857354402542114 0.911079823970795 0.913272261619568 0.512554585933685 0.309965282678604 0.243171066045761 0.608893275260925 0.519816696643829 0.367229968309402 0.348131418228149 0.267798393964767 0.257188469171524 0.166264861822128 0.170903474092484 0.223209768533707 0.165011808276176 0.122243620455265 0.108400665223598 0.106267593801022 0.134579703211784 0.117860823869705 0.107169784605503 0.124861419200897 0.142413020133972 0.124123856425285 0.094921849668026 0.145106852054596 0.0851627141237259 0.221734821796417 0.21480955183506 0.232983201742172 0.320326387882233 0.156077653169632 0.124137729406357 0.0792253613471985 0.129268959164619 0.0792916268110275 0.0945785939693451 0.160703286528587 0.1425501704216 0.192839041352272 0.135109394788742 0.108584716916084 0.164431691169739 0.167937025427818
0.786441564559937 0.865957796573639 0.915623545646667 0.907437443733215 0.748872041702271 0.549595594406128 0.73817503452301 0.62909334897995 0.457475244998932 0.412377685308456 0.258802741765976 0.216853648424149 0.351968467235565 0.175828009843826 0.142112895846367 0.184948951005936 0.189439415931702 0.154700249433517 0.12909135222435 0.122019551694393 0.141092345118523 0.0902368277311325 0.0805813074111938 0.122571595013142 0.48344224691391 0.1606774777174 0.103978872299194 0.109907068312168 0.0962798222899437 0.134565442800522 0.295902341604233 0.214045464992523 0.208008155226707 0.120964169502258 0.125519558787346 0.0949402675032616 0.0727786719799042 0.06571876257658 0.0865944623947144 0.160703286528587 0.183681175112724 0.170903474092484 0.130216971039772 0.139056518673897 0.138552501797676 0.17819245159626
0.81323903799057 0.708479166030884 0.827185213565826 0.885663747787476 0.917291343212128 0.925610423088074 0.926505446434021 0.78501832485199 0.474939793348312 0.290513902902603 0.211028769612312 0.313362091779709 0.345266491174698 0.164518862962723 0.170903474092484 0.148313596844673 0.162577509880066 0.179123163223267 0.171804085373878 0.109925791621208 0.176806792616844 0.135564863681793 0.0822668969631195 0.0869165882468224 0.101261086761951 0.153203770518303 0.282897919416428 0.104264073073864 0.120919607579708 0.339589297771454 0.266085863113403 0.138614609837532 0.107740022242069 0.113972380757332 0.086261548101902 0.0715883672237396 0.0889575630426407 0.0777010694146156 0.128958538174629 0.148198932409286 0.120960295200348 0.109815135598183 0.130216971039772 0.167937025427818 0.136055424809456 0.186863288283348
0.695834934711456 0.580737769603729 0.745872378349304 0.783816754817963 0.89231938123703 0.90375429391861 0.920125067234039 0.702553331851959 0.404419302940369 0.259210824966431 0.254382818937302 0.346907407045364 0.30461248755455 0.146275043487549 0.195998534560204 0.180541217327118 0.145033776760101 0.14593517780304 0.193600848317146 0.133769169449806 0.125519558787346 0.123680025339127 0.0932776555418968 0.116601891815662 0.103195853531361 0.200110003352165 0.102571271359921 0.0937422215938568 0.149991318583488 0.378916382789612 0.32107600569725 0.158230558037758 0.154672220349312 0.110610291361809 0.0680298358201981 0.0936348736286163 0.0912806242704391 0.0892037972807884 0.157127514481544 0.123151324689388 0.123607344925404 0.125515565276146 0.116548322141171 0.153718829154968 0.143066301941872 0.149802789092064
0.616255879402161 0.543837070465088 0.666511356830597 0.713949680328369 0.776907026767731 0.885642349720001 0.888989269733429 0.542743921279907 0.346577674150467 0.285946547985077 0.238171145319939 0.266794800758362 0.206305369734764 0.157038703560829 0.166051164269447 0.215784579515457 0.161432713270187 0.140758112072945 0.187745422124863 0.140758112072945 0.10707114636898 0.144493132829666 0.0939933136105537 0.114021241664886 0.193798303604126 0.100702255964279 0.0971176102757454 0.102699458599091 0.111261107027531 0.182008892297745 0.272015780210495 0.236598372459412 0.112108081579208 0.106365583837032 0.060368224978447 0.143446013331413 0.106932058930397 0.114826701581478 0.133281365036964 0.10880883783102 0.164306968450546 0.114395156502724 0.11604980379343 0.156361550092697 0.135379940271378 0.168378710746765
0.517739415168762 0.483746439218521 0.604574203491211 0.59749710559845 0.653792381286621 0.898974716663361 0.858925223350525 0.49860692024231 0.336150616407394 0.292883098125458 0.246688351035118 0.204241886734962 0.201514512300491 0.140501141548157 0.190555289387703 0.226679101586342 0.155252397060394 0.14593517780304 0.209191545844078 0.123837880790234 0.112701281905174 0.143453851342201 0.112701281905174 0.109203718602657 0.111073508858681 0.108379945158958 0.107727758586407 0.102699458599091 0.113447725772858 0.202926635742188 0.359861999750137 0.208008155226707 0.101651273667812 0.109009005129337 0.0686673298478127 0.09050352871418 0.183898881077766 0.140373349189758 0.115835584700108 0.133281365036964 0.140901118516922 0.102909877896309 0.112634226679802 0.181616425514221 0.153995648026466 0.159374058246613
0.568954288959503 0.412238955497742 0.491120159626007 0.608598828315735 0.681333959102631 0.906254172325134 0.727870941162109 0.333886742591858 0.273209899663925 0.288536190986633 0.220455229282379 0.201514512300491 0.150537714362144 0.151537641882896 0.146082535386086 0.210832059383392 0.139883458614349 0.132310271263123 0.192943453788757 0.121119037270546 0.12007038295269 0.123492710292339 0.140882894396782 0.0986121967434883 0.123485803604126 0.108788058161736 0.102960027754307 0.104264073073864 0.107240580022335 0.217399969696999 0.393742173910141 0.239147961139679 0.137538284063339 0.177529290318489 0.101084731519222 0.102418050169945 0.198900982737541 0.11312360316515 0.10117307305336 0.138227671384811 0.112543500959873 0.103690981864929 0.135874226689339 0.144887283444405 0.15018966794014 0.140582159161568
0.404812842607498 0.341950625181198 0.571245193481445 0.49720311164856 0.757086277008057 0.8786661028862 0.463072746992111 0.263815224170685 0.260833352804184 0.204241886734962 0.200161069631577 0.188286706805229 0.156481370329857 0.181165844202042 0.167222186923027 0.169417649507523 0.148049801588058 0.156569927930832 0.187481835484505 0.15325815975666 0.115255944430828 0.119443617761135 0.152774408459663 0.0993642956018448 0.098060742020607 0.0971176102757454 0.102311566472054 0.155404552817345 0.161062553524971 0.128309071063995 0.366647928953171 0.536656379699707 0.54179322719574 0.457189440727234 0.207637086510658 0.101853549480438 0.173145726323128 0.103361919522285 0.125983089208603 0.152167052030563 0.110455073416233 0.0938589498400688 0.155097469687462 0.131826967000961 0.138556852936745 0.151686131954193
0.335642546415329 0.311013400554657 0.355354309082031 0.475328147411346 0.813035845756531 0.78078705072403 0.346687227487564 0.257594883441925 0.200691223144531 0.204780086874962 0.17210166156292 0.207540184259415 0.204780086874962 0.154149681329727 0.166635856032372 0.165304988622665 0.153447151184082 0.145753845572472 0.14139398932457 0.206494465470314 0.134869605302811 0.124408379197121 0.144766926765442 0.110440276563168 0.0962119251489639 0.10919751226902 0.0976345911622047 0.101539678871632 0.0983036011457443 0.263900101184845 0.588215291500092 0.577240943908691 0.40960168838501 0.261298358440399 0.19622814655304 0.169548079371452 0.191176876425743 0.146055802702904 0.172868251800537 0.125679418444633 0.0953031778335571 0.0786123871803284 0.251692831516266 0.151082336902618 0.130025342106819 0.243063762784004
0.282309025526047 0.380459994077682 0.281154960393906 0.510904312133789 0.824676215648651 0.714136838912964 0.267103761434555 0.202047348022461 0.187504768371582 0.211028769612312 0.158037349581718 0.217214971780777 0.201368421316147 0.15034057199955 0.166471794247627 0.189681962132454 0.194259956479073 0.142117336392403 0.11312360316515 0.146867528557777 0.142176330089569 0.184532508254051 0.160265579819679 0.116168290376663 0.089811809360981 0.120503038167953 0.109495274722576 0.181964710354805 0.0963771492242813 0.100239597260952 0.35919314622879 0.283628165721893 0.407337248325348 0.202712744474411 0.361136376857758 0.393392771482468 0.391731023788452 0.238890618085861 0.130699381232262 0.114398844540119 0.0959301814436913 0.0825857818126678 0.159133955836296 0.251161217689514 0.212679088115692 0.197113364934921
0.323203802108765 0.317695021629333 0.279453814029694 0.55495423078537 0.826831579208374 0.527987778186798 0.237692907452583 0.201178431510925 0.210832059383392 0.192042663693428 0.159727722406387 0.221547186374664 0.180541217327118 0.144511744379997 0.180774912238121 0.214534759521484 0.185824111104012 0.167789146304131 0.149247467517853 0.0982380509376526 0.162542775273323 0.244298204779625 0.132421374320984 0.137841120362282 0.101645447313786 0.0914992690086365 0.121667571365833 0.124030165374279 0.114356391131878 0.122731268405914 0.234729036688805 0.316901713609695 0.535833239555359 0.55078512430191 0.591441988945007 0.406846225261688 0.524597346782684 0.282135605812073 0.129074424505234 0.105730108916759 0.111860774457455 0.110610291361809 0.098766028881073 0.215948343276978 0.234328672289848 0.208574742078781
0.364059805870056 0.239375084638596 0.305821090936661 0.518516659736633 0.844448983669281 0.435399085283279 0.230578780174255 0.231635302305222 0.205963358283043 0.168991073966026 0.165304988622665 0.228647232055664 0.173611342906952 0.131826967000961 0.230223596096039 0.245506510138512 0.203061535954475 0.231316313147545 0.19967132806778 0.112950213253498 0.0963862538337708 0.132906526327133 0.135549902915955 0.134074583649635 0.104923464357853 0.0930282846093178 0.106089673936367 0.267636954784393 0.165703594684601 0.416196256875992 0.485852628946304 0.35053613781929 0.463537573814392 0.664053499698639 0.520898997783661 0.198270216584206 0.497211337089539 0.239147961139679 0.164697721600533 0.131455585360527 0.16485720872879 0.184624508023262 0.139566421508789 0.192674309015274 0.180151343345642 0.180151343345642
0.24126024544239 0.35616472363472 0.35825714468956 0.6152583360672 0.776766121387482 0.321238875389099 0.174973323941231 0.273414731025696 0.194487884640694 0.15454575419426 0.165686249732971 0.238143816590309 0.200268462300301 0.125216856598854 0.138853952288628 0.247425213456154 0.434576004743576 0.331990718841553 0.328944683074951 0.119000867009163 0.107381731271744 0.135549902915955 0.126433998346329 0.146965354681015 0.117554254829884 0.09091567248106 0.0964507013559341 0.140539854764938 0.122221738100052 0.190774753689766 0.398891746997833 0.537189066410065 0.352306813001633 0.498808801174164 0.273783355951309 0.186686143279076 0.397943645715714 0.251698136329651 0.234628587961197 0.119436904788017 0.229813098907471 0.205116167664528 0.168621018528938 0.144887283444405 0.192287757992744 0.197811856865883
0.236687883734703 0.401015043258667 0.658803641796112 0.622220575809479 0.799021482467651 0.309703826904297 0.227589085698128 0.305460870265961 0.252185553312302 0.179743960499763 0.124424777925014 0.132310271263123 0.165686249732971 0.132143244147301 0.150065675377846 0.150313198566437 0.236750900745392 0.387666493654251 0.461623340845108 0.121228858828545 0.0901570692658424 0.124396987259388 0.229329809546471 0.231479674577713 0.267035216093063 0.0977572873234749 0.0979305058717728 0.10062051564455 0.125423580408096 0.303254961967468 0.263157814741135 0.314134925603867 0.201353281736374 0.167209073901176 0.261650085449219 0.178780779242516 0.266776382923126 0.294257402420044 0.166837483644485 0.118559546768665 0.127659171819687 0.131179183721542 0.150542363524437 0.173007249832153 0.126840248703957 0.150996327400208
