output/projections/02_LH/Cassia ferruginea.asc
NCOLS 168 
NROWS 144 
XLLCORNER -41.0001394455 
YLLCORNER -8.00013921734823 
CELLSIZE 0.0416666665 
NODATA_value -3.4e+38 
[rows 105 to 125 of 144, columns 92 to 137 of 168]
0.0503456704318523 0.0552278682589531 0.0561488009989262 0.0539512671530247 0.148459494113922 0.0974028557538986 0.123949818313122 0.115509785711765 0.0849297717213631 0.0665713846683502 0.0702945962548256 0.0911252349615097 0.131469309329987 0.196677178144455 0.0818133801221848 0.224033609032631 0.169923320412636 0.140420526266098 0.121270515024662 0.123433366417885 0.194348886609077 0.332566916942596 0.3214330971241 0.519943952560425 0.41602897644043 0.235219687223434 0.181827902793884 0.159759983420372 0.164919823408127 0.251698791980743 0.190774753689766 0.148503094911575 0.159432604908943 0.188685819506645 0.497443675994873 0.398209601640701 0.239719986915588 0.323703855276108 0.375779211521149 0.366254389286041 0.441194981336594 0.457106411457062 0.468636751174927 0.641136884689331 0.715431153774261 0.715682923793793
0.066265270113945 0.0520192421972752 0.0557035766541958 0.0906809642910957 0.113269723951817 0.0895469486713409 0.112701281905174 0.077211320400238 0.0718590617179871 0.0717255771160126 0.0825712904334068 0.088255986571312 0.0683351457118988 0.133127778768539 0.179593816399574 0.303286135196686 0.142984464764595 0.149177849292755 0.155321776866913 0.128677368164062 0.239569738507271 0.395049095153809 0.467562437057495 0.564330577850342 0.526100754737854 0.226597681641579 0.262398183345795 0.291914612054825 0.194563567638397 0.22863033413887 0.235979005694389 0.163633167743683 0.291912913322449 0.558438658714294 0.629132747650146 0.510267317295074 0.395406901836395 0.424478083848953 0.420824736356735 0.454415023326874 0.494343131780624 0.4957335293293 0.488624900579453 0.569336950778961 0.629824221134186 0.640568614006042
0.0581585392355919 0.0634800568223 0.0575046390295029 0.0619984306395054 0.0694373250007629 0.110339000821114 0.0732078477740288 0.0807657539844513 0.105560682713985 0.102571271359921 0.089531347155571 0.0687482282519341 0.0705515220761299 0.150351390242577 0.123975358903408 0.220554053783417 0.168301939964294 0.165673017501831 0.201038479804993 0.133589506149292 0.308616101741791 0.32557424902916 0.515733063220978 0.49537655711174 0.574214041233063 0.281565964221954 0.39950704574585 0.36702373623848 0.232563406229019 0.221467077732086 0.241739809513092 0.244039922952652 0.448588997125626 0.343972325325012 0.467198520898819 0.507106065750122 0.395406901836395 0.425508439540863 0.416719734668732 0.440863221883774 0.440155744552612 0.406207054853439 0.533294260501862 0.510488927364349 0.550373792648315 0.535993874073029
0.0595856532454491 0.0668293237686157 0.0700489655137062 0.0673290342092514 0.0719297006726265 0.0770989060401917 0.0752357318997383 0.0766126438975334 0.0891248658299446 0.073848195374012 0.0692003592848778 0.0780461430549622 0.0863782316446304 0.164058744907379 0.216074228286743 0.192272886633873 0.232587113976479 0.2164426445961 0.232587113976479 0.14530223608017 0.182740554213524 0.370996028184891 0.436335951089859 0.383146017789841 0.33590903878212 0.294448137283325 0.229565486311913 0.283190697431564 0.201803416013718 0.472394853830338 0.24708753824234 0.381882160902023 0.550020396709442 0.515578746795654 0.722736239433289 0.617740392684937 0.388373464345932 0.343905746936798 0.399965703487396 0.424940705299377 0.424306273460388 0.401132345199585 0.527640163898468 0.599460422992706 0.538871884346008 0.4957335293293
0.0639944300055504 0.0695016384124756 0.0799560844898224 0.0634645819664001 0.0823561698198318 0.0677630007266998 0.0805813074111938 0.0807657539844513 0.080305203795433 0.0732735171914101 0.0810715407133102 0.0805502608418465 0.13475114107132 0.135243490338326 0.102207019925117 0.152576014399529 0.174757495522499 0.311006367206573 0.264611482620239 0.162371531128883 0.221623405814171 0.363159596920013 0.39943191409111 0.329084455966949 0.27859902381897 0.28888076543808 0.20444330573082 0.4280164539814 0.271626114845276 0.409090369939804 0.341505110263824 0.571572721004486 0.686927378177643 0.77576470375061 0.762180864810944 0.517774641513824 0.284020692110062 0.418878972530365 0.576710402965546 0.539221346378326 0.494992226362228 0.418138921260834 0.660456895828247 0.567709565162659 0.426696628332138 0.696738719940186
0.0622440800070763 0.0850120782852173 0.0824248269200325 0.0715883672237396 0.111860774457455 0.0838726088404655 0.0719744935631752 0.071578361093998 0.100265897810459 0.0857128649950027 0.0770012512803078 0.0866862311959267 0.135368928313255 0.146295264363289 0.103223524987698 0.241637960076332 0.251512974500656 0.346261620521545 0.306244403123856 0.197561874985695 0.218008056282997 0.381332069635391 0.375422418117523 0.317097961902618 0.239794999361038 0.232725232839584 0.396745949983597 0.544083476066589 0.38487234711647 0.50519734621048 0.600017189979553 0.667166531085968 0.720312595367432 0.76017439365387 0.515530049800873 0.404091030359268 0.71078896522522 0.795614778995514 0.619954824447632 0.517159819602966 0.469259768724442 0.469259768724442 0.639356553554535 0.512908458709717 0.477088868618011 0.759798765182495
0.0591204576194286 0.0713688060641289 0.0937584787607193 0.0791391879320145 0.124868385493755 0.0799587592482567 0.0770881921052933 0.0807610154151917 0.0908007025718689 0.112518019974232 0.0832976698875427 0.109771490097046 0.0987571775913239 0.115406058728695 0.14580824971199 0.166936486959457 0.249139249324799 0.297045052051544 0.290050387382507 0.218727707862854 0.261096566915512 0.409935861825943 0.417726933956146 0.312226235866547 0.25498041510582 0.390323758125305 0.538849413394928 0.414105027914047 0.469243407249451 0.494502514600754 0.669969320297241 0.629563331604004 0.649434626102448 0.689552485942841 0.420400887727737 0.435884058475494 0.623211145401001 0.694464147090912 0.583600103855133 0.381897658109665 0.407564014196396 0.640583753585815 0.682683229446411 0.657614648342133 0.703128516674042 0.770530164241791
0.0736368745565414 0.0750248804688454 0.088744044303894 0.0889453589916229 0.141662880778313 0.0813940241932869 0.0775468647480011 0.0817050486803055 0.0905677974224091 0.0994305089116096 0.101386204361916 0.0925566181540489 0.110161863267422 0.0850370228290558 0.0813982412219048 0.110653281211853 0.181546166539192 0.197409361600876 0.279819011688232 0.270568758249283 0.34277805685997 0.388318926095963 0.333960890769958 0.288317024707794 0.319127321243286 0.419320344924927 0.361473441123962 0.365375101566315 0.416519314050674 0.363708019256592 0.399210572242737 0.396476477384567 0.465635120868683 0.394854843616486 0.36702373623848 0.43330442905426 0.740434587001801 0.779905200004578 0.518284618854523 0.434046477079391 0.664174258708954 0.777135074138641 0.706562101840973 0.689657509326935 0.678203105926514 0.654414355754852
0.0807769298553467 0.080065906047821 0.0824755653738976 0.108192682266235 0.126715987920761 0.0790683850646019 0.0836233198642731 0.0828912481665611 0.0960838869214058 0.0900830402970314 0.109362386167049 0.0939634963870049 0.254989773035049 0.0827287882566452 0.102659329771996 0.122655943036079 0.17837393283844 0.193431869149208 0.264783442020416 0.354265213012695 0.347542941570282 0.387700349092484 0.326975643634796 0.301090359687805 0.32557424902916 0.339611351490021 0.308938354253769 0.385782063007355 0.36664029955864 0.288212776184082 0.352417141199112 0.474497050046921 0.587407767772675 0.403262317180634 0.492394745349884 0.572461307048798 0.87775069475174 0.893885135650635 0.801978468894958 0.779023170471191 0.786252439022064 0.63593327999115 0.579225480556488 0.563167572021484 0.564204514026642 0.615544259548187
0.075824536383152 0.0899756997823715 0.106175325810909 0.100321061909199 0.117409944534302 0.0883933901786804 0.0926731452345848 0.081765353679657 0.0883938074111938 0.139365643262863 0.113884083926678 0.153913989663124 0.239303767681122 0.0820309966802597 0.0869352519512177 0.124127313494682 0.188370823860168 0.248625934123993 0.28237509727478 0.318174540996552 0.278501480817795 0.345935851335526 0.351377010345459 0.338627815246582 0.309596687555313 0.326048463582993 0.32557424902916 0.418794751167297 0.35855907201767 0.305611610412598 0.369925171136856 0.519207835197449 0.667166531085968 0.592962563037872 0.817327857017517 0.812237858772278 0.910956621170044 0.880580127239227 0.815993428230286 0.573549091815948 0.548127055168152 0.587920248508453 0.705256760120392 0.69518107175827 0.693513095378876 0.701472520828247
0.0700278580188751 0.143822088837624 0.13703890144825 0.145911321043968 0.103350095450878 0.0905677974224091 0.0873107090592384 0.0831066146492958 0.146383121609688 0.320475280284882 0.144522204995155 0.258313030004501 0.205108538269997 0.0873996093869209 0.0982726961374283 0.187252819538116 0.200925260782242 0.237273007631302 0.265184134244919 0.230637952685356 0.245126634836197 0.30256399512291 0.376323401927948 0.316696584224701 0.359102517366409 0.297123432159424 0.42841100692749 0.415219485759735 0.357243180274963 0.306244403123856 0.370492339134216 0.472864717245102 0.680142223834991 0.71881777048111 0.749248385429382 0.79069322347641 0.896320223808289 0.849532902240753 0.703197836875916 0.637950003147125 0.741244971752167 0.672638475894928 0.693680107593536 0.698997974395752 0.689080893993378 0.71238124370575
0.0896310657262802 0.0844476595520973 0.164387881755829 0.167892456054688 0.121217720210552 0.088255986571312 0.0897622779011726 0.0994408056139946 0.219830080866814 0.232490852475166 0.172649070620537 0.363422036170959 0.176726996898651 0.0982726961374283 0.124942660331726 0.116977021098137 0.156644955277443 0.176900938153267 0.208558887243271 0.20687760412693 0.25893971323967 0.32641813158989 0.332940310239792 0.339527100324631 0.392283827066422 0.3600734770298 0.398379653692245 0.374940127134323 0.366567581892014 0.311321526765823 0.408526957035065 0.533606767654419 0.685111045837402 0.766699552536011 0.830510854721069 0.868925034999847 0.853330552577972 0.840418934822083 0.833568096160889 0.762326180934906 0.667979657649994 0.656140744686127 0.568744003772736 0.580081462860107 0.575266659259796 0.575266659259796
0.13123431801796 0.0834748223423958 0.0837510377168655 0.183899655938148 0.111762493848801 0.115243472158909 0.0844008103013039 0.100410223007202 0.187834575772285 0.277238070964813 0.199077963829041 0.385782063007355 0.179675474762917 0.164678394794464 0.159505769610405 0.163928627967834 0.203729122877121 0.215302422642708 0.290848344564438 0.25701704621315 0.285931318998337 0.342369347810745 0.322720885276794 0.393601208925247 0.415819823741913 0.346587479114532 0.341466397047043 0.315029889345169 0.323275119066238 0.331631690263748 0.433909475803375 0.621374309062958 0.768480181694031 0.785865545272827 0.753436803817749 0.852417290210724 0.846673786640167 0.841365277767181 0.767180919647217 0.625129282474518 0.546506881713867 0.552768886089325 0.553811013698578 0.499613255262375 0.490127891302109 0.593371272087097
0.107567757368088 0.0987546741962433 0.0916150361299515 0.0845945701003075 0.121826231479645 0.147655621170998 0.0866916924715042 0.144947126507759 0.199077963829041 0.361125022172928 0.198340594768524 0.332087874412537 0.274975627660751 0.24498775601387 0.185023739933968 0.217447116971016 0.281050235033035 0.281050235033035 0.321567893028259 0.326184242963791 0.316073954105377 0.338582247495651 0.275713831186295 0.358985543251038 0.354995667934418 0.277400970458984 0.342369347810745 0.435401111841202 0.377739995718002 0.351377010345459 0.600388884544373 0.756255269050598 0.692451953887939 0.808461904525757 0.883514761924744 0.893735945224762 0.88310295343399 0.870419800281525 0.757161796092987 0.693859994411469 0.671231329441071 0.539182662963867 0.468681275844574 0.476037114858627 0.487616091966629 0.625636994838715
0.103350095450878 0.0988786146044731 0.0920599400997162 0.0859760865569115 0.0976149886846542 0.146910756826401 0.182012841105461 0.211455598473549 0.321351230144501 0.353379964828491 0.263365119695663 0.342940211296082 0.297926217317581 0.227972686290741 0.234399959445 0.294880449771881 0.351377010345459 0.28361314535141 0.322196215391159 0.319440126419067 0.294339120388031 0.31789967417717 0.274872630834579 0.293087989091873 0.302955359220505 0.387637257575989 0.462703108787537 0.407650232315063 0.335518181324005 0.415945261716843 0.694102108478546 0.78020715713501 0.824256241321564 0.906748831272125 0.912349224090576 0.899276733398438 0.870597004890442 0.837777018547058 0.751938581466675 0.721748054027557 0.636908888816833 0.478720486164093 0.453544229269028 0.493977218866348 0.60919189453125 0.721915245056152
0.0993549376726151 0.103714361786842 0.13795031607151 0.109286889433861 0.144239902496338 0.249448195099831 0.342855662107468 0.279198378324509 0.357762396335602 0.416393786668777 0.408526957035065 0.25550240278244 0.210410043597221 0.2294602394104 0.274319529533386 0.295365393161774 0.299771815538406 0.277277112007141 0.318174540996552 0.265605032444 0.26106333732605 0.262189120054245 0.295715510845184 0.270900815725327 0.342718183994293 0.392645716667175 0.366840094327927 0.327519834041595 0.382645070552826 0.646195590496063 0.759597897529602 0.809628188610077 0.805841624736786 0.880860388278961 0.854973137378693 0.839150011539459 0.692530632019043 0.694120705127716 0.60256826877594 0.59505158662796 0.54863452911377 0.502409517765045 0.593446433544159 0.698319673538208 0.719700992107391 0.724118769168854
0.0924838036298752 0.239719986915588 0.169824153184891 0.154181033372879 0.199687421321869 0.381793558597565 0.481279373168945 0.455618679523468 0.40044379234314 0.370908439159393 0.294105291366577 0.234628930687904 0.200770810246468 0.231222867965698 0.216317817568779 0.264783442020416 0.30819895863533 0.28926008939743 0.259888023138046 0.211762145161629 0.228370785713196 0.295493990182877 0.271523922681808 0.265110939741135 0.297747880220413 0.346520215272903 0.362853974103928 0.436189830303192 0.639682471752167 0.760575115680695 0.803176999092102 0.798875749111176 0.871175050735474 0.868326961994171 0.858311235904694 0.639393985271454 0.629363000392914 0.514444172382355 0.500745236873627 0.548030018806458 0.573983252048492 0.631451904773712 0.644672632217407 0.658075869083405 0.723333060741425 0.711103796958923
0.11009918898344 0.106490187346935 0.150867894291878 0.167821988463402 0.244442984461784 0.268872648477554 0.199426352977753 0.150947734713554 0.17294080555439 0.238560900092125 0.250109255313873 0.222002863883972 0.185805901885033 0.222351595759392 0.277689605951309 0.303323864936829 0.277689605951309 0.266830563545227 0.242050930857658 0.206186652183533 0.275446772575378 0.315163224935532 0.255716651678085 0.275926321744919 0.320246756076813 0.354197263717651 0.445754140615463 0.450757175683975 0.673877000808716 0.746482968330383 0.768715441226959 0.798334777355194 0.846782445907593 0.838231444358826 0.750559985637665 0.715363085269928 0.587364494800568 0.5507932305336 0.538987994194031 0.534794688224792 0.583235144615173 0.54445481300354 0.517700970172882 0.55854743719101 0.636434853076935 0.689320981502533
0.0801341906189919 0.103329472243786 0.221065685153008 0.0866916924715042 0.101820774376392 0.233340531587601 0.289220035076141 0.263925582170486 0.269699037075043 0.240096062421799 0.228747442364693 0.227142259478569 0.193582057952881 0.236510813236237 0.241109326481819 0.233478963375092 0.242378294467926 0.230206564068794 0.22501802444458 0.210358008742332 0.268449693918228 0.28137594461441 0.270426750183105 0.266549050807953 0.302955359220505 0.387629866600037 0.413949400186539 0.515662908554077 0.660203754901886 0.707536578178406 0.783844769001007 0.816546499729156 0.824256241321564 0.798232674598694 0.683199346065521 0.736901164054871 0.819010674953461 0.628537833690643 0.582245826721191 0.664174258708954 0.599895715713501 0.465571522712708 0.667290329933167 0.637883365154266 0.584354817867279 0.616158604621887
0.461363464593887 0.567293882369995 0.460086584091187 0.328639090061188 0.4332275390625 0.456129014492035 0.401234745979309 0.324004679918289 0.251902014017105 0.215704590082169 0.219943970441818 0.21634840965271 0.17837393283844 0.210410043597221 0.2388024777174 0.216573879122734 0.227231472730637 0.236238285899162 0.212060019373894 0.229890644550323 0.247909098863602 0.26106333732605 0.251421600580215 0.294617027044296 0.345222920179367 0.384581625461578 0.442857056856155 0.441809296607971 0.666167140007019 0.707186758518219 0.780684351921082 0.784571349620819 0.726423442363739 0.776175379753113 0.852020263671875 0.835700690746307 0.802189469337463 0.606635272502899 0.507751405239105 0.565350115299225 0.46638697385788 0.544526338577271 0.690265834331512 0.616195440292358 0.659970760345459 0.692007541656494
0.504503190517426 0.60969203710556 0.41091650724411 0.351496607065201 0.371549367904663 0.353263884782791 0.273953884840012 0.222193479537964 0.237032502889633 0.217781499028206 0.220668211579323 0.198340594768524 0.18337108194828 0.195412963628769 0.234234377741814 0.214643746614456 0.208808213472366 0.232455745339394 0.204413965344429 0.244379088282585 0.237831190228462 0.242447227239609 0.252215981483459 0.306746482849121 0.31215226650238 0.294339120388031 0.363548636436462 0.466838091611862 0.554125189781189 0.61346423625946 0.691605091094971 0.722695469856262 0.670764446258545 0.716400384902954 0.768588721752167 0.670813024044037 0.698118269443512 0.47129961848259 0.464053303003311 0.559659540653229 0.690063238143921 0.740538597106934 0.644113302230835 0.572517514228821 0.649486899375916 0.624648988246918
