output/projections/02_LH/Cassia ferruginea.asc
NCOLS 168 
NROWS 144 
XLLCORNER -41.0001394455 
YLLCORNER -8.00013921734823 
CELLSIZE 0.0416666665 
NODATA_value -3.4e+38 
[rows 84 to 104 of 144, columns 46 to 91 of 168]
0.101829789578915 0.0900979861617088 0.0762464553117752 0.0721240267157555 0.0728884339332581 0.0660783499479294 0.0607309006154537 0.0606266185641289 0.0645843893289566 0.0657404363155365 0.0426879897713661 0.0416660532355309 0.0501369312405586 0.0561356134712696 0.0331569202244282 0.0279261246323586 0.0423971191048622 0.0660294592380524 0.046967938542366 0.026056757196784 0.0256204158067703 0.0281355977058411 0.0468314401805401 0.0526020377874374 0.0476486310362816 0.0264568980783224 0.0462700426578522 0.0519752353429794 0.0420560799539089 0.0369802862405777 0.0368304252624512 0.0389826036989689 0.040757741779089 0.0409521199762821 0.0406222082674503 0.0262766443192959 0.0196932926774025 0.0231165438890457 0.0304109062999487 0.0290727466344833 0.0366452001035213 0.0387869887053967 0.0281355977058411 0.0217828452587128 0.0261816177517176 0.0357459783554077
0.0946935787796974 0.0715617388486862 0.0610609948635101 0.0676567703485489 0.0617000907659531 0.0559983924031258 0.0541339926421642 0.046574030071497 0.0480949394404888 0.0589527413249016 0.0521833784878254 0.0378918386995792 0.0359434522688389 0.0280408095568419 0.0468891300261021 0.0243872106075287 0.0491424314677715 0.0668138042092323 0.0398085303604603 0.0263796895742416 0.0257258825004101 0.0276780873537064 0.034154549241066 0.0553196743130684 0.0687646865844727 0.0378547497093678 0.0407179668545723 0.0364966429769993 0.0450404360890388 0.0401034578680992 0.0399414636194706 0.0383831262588501 0.035694170743227 0.0339929908514023 0.0248078387230635 0.0259499698877335 0.0212090387940407 0.025306535884738 0.0297954119741917 0.0332356877624989 0.0432078950107098 0.0470779202878475 0.0319387428462505 0.0204956214874983 0.0275030061602592 0.0411959514021873
0.0946935787796974 0.0761754736304283 0.0620351061224937 0.058138582855463 0.0641866251826286 0.0582694113254547 0.0552236400544643 0.0490693375468254 0.0439105145633221 0.0477815233170986 0.0429136417806149 0.032200500369072 0.0405535958707333 0.0373967364430428 0.0336776301264763 0.0309121515601873 0.0501369312405586 0.0494482666254044 0.0409521199762821 0.0239015966653824 0.0272278096526861 0.0351416617631912 0.033329788595438 0.0620834678411484 0.0618230849504471 0.072358675301075 0.0409229062497616 0.0318086370825768 0.0468891300261021 0.0404293313622475 0.0465588755905628 0.047920648008585 0.0345577336847782 0.0207782201468945 0.0209520738571882 0.0253181401640177 0.0222852025181055 0.0274520516395569 0.0395315736532211 0.0493398234248161 0.049400445073843 0.0420971028506756 0.0279261246323586 0.0205105636268854 0.0203270148485899 0.0317375920712948
0.0886655226349831 0.0726903975009918 0.0706416592001915 0.0728884339332581 0.0564458332955837 0.0406065173447132 0.0490693375468254 0.0490693375468254 0.0491424314677715 0.0481666587293148 0.0417176596820354 0.0294319279491901 0.0331004820764065 0.045348584651947 0.0254968758672476 0.0843638107180595 0.0573365353047848 0.0437878929078579 0.0615004859864712 0.0255270674824715 0.0225521046668291 0.0307557377964258 0.0286534707993269 0.0652071386575699 0.0998435989022255 0.0749474614858627 0.0419274121522903 0.0388527326285839 0.033037044107914 0.0287572015076876 0.0337235778570175 0.0287550464272499 0.0211168993264437 0.0189724750816822 0.0200215335935354 0.028387613594532 0.0249052718281746 0.023597426712513 0.0377014838159084 0.0345106907188892 0.0356523916125298 0.0328639931976795 0.0332684107124805 0.029917536303401 0.0188832301646471 0.0237516108900309
0.0732608586549759 0.0569948889315128 0.0558723583817482 0.0473405942320824 0.0498748198151588 0.042893934994936 0.0645843893289566 0.0647121518850327 0.049862302839756 0.0543085820972919 0.0384738184511662 0.032200500369072 0.0291631668806076 0.0405033715069294 0.0240466799587011 0.180199220776558 0.0598953664302826 0.0514847971498966 0.0835542380809784 0.0230321027338505 0.0282231867313385 0.0475191511213779 0.0304671786725521 0.0649506002664566 0.0804013982415199 0.0433176197111607 0.0788564234972 0.0746556669473648 0.052717249840498 0.041303213685751 0.0338612422347069 0.0254253521561623 0.0229400955140591 0.0210371464490891 0.0187398940324783 0.0300618354231119 0.027471924200654 0.0257072392851114 0.0329658053815365 0.0399545580148697 0.0610934905707836 0.0397412367165089 0.0405535958707333 0.0328639931976795 0.0212714448571205 0.0259674768894911
0.0735476389527321 0.0604908354580402 0.0464798733592033 0.0617902241647243 0.0621900893747807 0.0652071386575699 0.0640768110752106 0.0619611069560051 0.0533697418868542 0.0370943620800972 0.0375488139688969 0.0373967364430428 0.0291631668806076 0.0268681552261114 0.0367025546729565 0.207100749015808 0.068512037396431 0.121065713465214 0.058411855250597 0.0292130932211876 0.023597426712513 0.0353288948535919 0.0291631668806076 0.0425490736961365 0.0609718561172485 0.103569395840168 0.0865271016955376 0.0811845660209656 0.0680583268404007 0.0557440407574177 0.0428322292864323 0.0259529873728752 0.0232253223657608 0.0245036631822586 0.0199389737099409 0.0240880660712719 0.0249782763421535 0.0345220640301704 0.0545673966407776 0.0627003684639931 0.062068086117506 0.0521833784878254 0.0470200106501579 0.0294319279491901 0.0241458285599947 0.0397931411862373
0.050162099301815 0.0541991852223873 0.0613031722605228 0.0795041397213936 0.0646950080990791 0.0531704276800156 0.0652244091033936 0.0464564599096775 0.0426879897713661 0.0353288948535919 0.0335077047348022 0.0437338463962078 0.0323918648064137 0.0268344040960073 0.0984201207756996 0.210643872618675 0.0555404312908649 0.07762111723423 0.0467463992536068 0.0300618354231119 0.0257258825004101 0.0378547497093678 0.0303809065371752 0.0382130034267902 0.0505790114402771 0.0762924924492836 0.0556226000189781 0.0450404360890388 0.0537282265722752 0.0596392452716827 0.0299585144966841 0.0303225163370371 0.0325024984776974 0.0250078700482845 0.0280408095568419 0.024875795468688 0.0374456979334354 0.0459349006414413 0.0715317651629448 0.0764408558607101 0.057109072804451 0.0458993390202522 0.0430339239537716 0.0339197665452957 0.0266485512256622 0.051898155361414
0.0603398159146309 0.0626027807593346 0.077974945306778 0.086562767624855 0.0555542893707752 0.0463058762252331 0.05391850695014 0.0548806414008141 0.0423447117209435 0.0485547408461571 0.0349003374576569 0.0365996286273003 0.0354287065565586 0.0283035114407539 0.111892983317375 0.1795624345541 0.0875681564211845 0.0970617160201073 0.0338394306600094 0.042955469340086 0.028387613594532 0.0319387428462505 0.0326980389654636 0.0540124028921127 0.057109072804451 0.0726421922445297 0.0565151758491993 0.0639022141695023 0.0414518006145954 0.035245344042778 0.0299391392618418 0.0475037023425102 0.0361157357692719 0.030786095187068 0.0392613299190998 0.027005348354578 0.038270577788353 0.0607470646500587 0.0540124028921127 0.0573365353047848 0.0557620115578175 0.0557620115578175 0.0513554960489273 0.0325649417936802 0.0336025506258011 0.0479022786021233
0.065123163163662 0.0957199037075043 0.0763822197914124 0.0588351003825665 0.058967400342226 0.042893934994936 0.0666523203253746 0.0514847971498966 0.0457150489091873 0.0551813058555126 0.0434361733496189 0.0364512503147125 0.0348568558692932 0.0315603986382484 0.14192496240139 0.318619817495346 0.301690757274628 0.0588773787021637 0.0363843403756618 0.0512131974101067 0.0349346362054348 0.0364966429769993 0.039691973477602 0.0648235604166985 0.0662100538611412 0.0563594326376915 0.0502470321953297 0.0356779843568802 0.0306826587766409 0.0314213931560516 0.0420560799539089 0.0629007518291473 0.0405932180583477 0.0375488139688969 0.0449849143624306 0.0398529954254627 0.0566566921770573 0.0540124028921127 0.0580240376293659 0.0503381080925465 0.053448885679245 0.0405535958707333 0.0339197665452957 0.0312233902513981 0.0449177101254463 0.0358094237744808
0.0808220505714417 0.10249362885952 0.0679232180118561 0.0781861618161201 0.0533830896019936 0.047531109303236 0.0693236812949181 0.0607470646500587 0.0488729700446129 0.0666358917951584 0.0450404360890388 0.0337818711996078 0.0334659032523632 0.0393917858600616 0.279070973396301 0.404394119977951 0.273751199245453 0.0551813058555126 0.0444446206092834 0.0556226000189781 0.0354287065565586 0.0746739208698273 0.0783985927700996 0.0806940943002701 0.0705049559473991 0.0543749593198299 0.0375856161117554 0.0400642901659012 0.0430871471762657 0.0432613231241703 0.0515612959861755 0.0619139447808266 0.0490059517323971 0.0321687944233418 0.0613357909023762 0.0596583969891071 0.0604608170688152 0.049936518073082 0.0481666587293148 0.0462700426578522 0.0395315736532211 0.0297660008072853 0.031431782990694 0.0720382779836655 0.0406065173447132 0.0279151946306229
0.0957835018634796 0.0830419436097145 0.0953555703163147 0.0746165290474892 0.0563188530504704 0.0588351003825665 0.0638244226574898 0.0622066184878349 0.0582549162209034 0.0558444932103157 0.0394206792116165 0.039691973477602 0.0466797016561031 0.0398840680718422 0.13709232211113 0.275123178958893 0.103919483721256 0.0584866590797901 0.0596583969891071 0.0435578525066376 0.0342939123511314 0.0688988864421844 0.147617027163506 0.0667333155870438 0.0452221371233463 0.0372452549636364 0.0497368648648262 0.0507427528500557 0.0548806414008141 0.0668986067175865 0.0706788748502731 0.062405526638031 0.0386300981044769 0.0384260639548302 0.0675765499472618 0.0726421922445297 0.0556226000189781 0.0473993122577667 0.0448041260242462 0.0430339239537716 0.0399545580148697 0.0306706838309765 0.0726040229201317 0.0678247883915901 0.0315042324364185 0.028617275878787
0.104166954755783 0.0991619601845741 0.108939044177532 0.0672071129083633 0.0757894366979599 0.0512921400368214 0.0742189437150955 0.0773386359214783 0.0661133304238319 0.0462700426578522 0.0433176197111607 0.0450198017060757 0.0927549451589584 0.0421215295791626 0.292223900556564 0.162760302424431 0.182689160108566 0.0827710554003716 0.0566566921770573 0.0373502671718597 0.0758476555347443 0.0594223029911518 0.0455314666032791 0.0669150948524475 0.0414358042180538 0.116160809993744 0.269580006599426 0.0686470046639442 0.0733737647533417 0.0895523056387901 0.0590396448969841 0.049537967890501 0.039691973477602 0.0467616133391857 0.0652244091033936 0.0687646865844727 0.0531571283936501 0.0573365353047848 0.049862302839756 0.0612299889326096 0.047138936817646 0.0322111397981644 0.0494767352938652 0.0304911658167839 0.0350694395601749 0.0457741357386112
0.106963016092777 0.149999335408211 0.116141617298126 0.0644180402159691 0.108052365481853 0.0593037828803062 0.0756805315613747 0.0794711261987686 0.062068086117506 0.0425160191953182 0.0377508290112019 0.0560951866209507 0.0494767352938652 0.0748705118894577 0.532188773155212 0.449131071567535 0.146158337593079 0.0742384195327759 0.0525240786373615 0.0516010038554668 0.0858629047870636 0.0424523390829563 0.0480690039694309 0.17120498418808 0.206812426447868 0.378622740507126 0.433129996061325 0.0962528809905052 0.166720226407051 0.104905590415001 0.0574212037026882 0.0449849143624306 0.0363034531474113 0.0543502867221832 0.0718122944235802 0.0782460644841194 0.0670471414923668 0.071672223508358 0.0575648471713066 0.0482883378863335 0.0379042848944664 0.0346013829112053 0.0311840549111366 0.0502103455364704 0.144691243767738 0.22487735748291
0.0821880549192429 0.0951113775372505 0.111047856509686 0.0742439851164818 0.123654365539551 0.0806520655751228 0.0743831023573875 0.0647121518850327 0.0468314401805401 0.0326980389654636 0.0353752486407757 0.0658186301589012 0.0392325520515442 0.270222991704941 0.542607843875885 0.388255774974823 0.396306484937668 0.223477318882942 0.11884032189846 0.0683779269456863 0.0535831563174725 0.0388376973569393 0.0383004657924175 0.0490428991615772 0.0922102928161621 0.286135822534561 0.309406369924545 0.463702589273453 0.324609011411667 0.0899182856082916 0.071953259408474 0.0545673966407776 0.0524326264858246 0.0611086487770081 0.0701442211866379 0.0845483615994453 0.076888881623745 0.0607470646500587 0.0509854890406132 0.0679758414626122 0.042893934994936 0.0452922843396664 0.0439327023923397 0.051933366805315 0.0969021543860435 0.26735132932663
0.0632025748491287 0.058622170239687 0.130736216902733 0.0805978998541832 0.132116079330444 0.0969889163970947 0.088355228304863 0.0633067488670349 0.0388961732387543 0.0382130034267902 0.0414462983608246 0.0747748240828514 0.0537079535424709 0.403736144304276 0.30047145485878 0.56849867105484 0.273758441209793 0.242183998227119 0.0897231623530388 0.0779425129294395 0.0636988580226898 0.0466797016561031 0.0527474991977215 0.04916712641716 0.0484563373029232 0.0576983503997326 0.184916645288467 0.495278239250183 0.583638429641724 0.219902113080025 0.0840386897325516 0.0606266185641289 0.0623294338583946 0.0519111566245556 0.0816910564899445 0.115784287452698 0.0816572159528732 0.0773386359214783 0.0669150948524475 0.07125224173069 0.0613510012626648 0.0596732161939144 0.0494767352938652 0.050162099301815 0.0620351061224937 0.105309799313545
0.0464188195765018 0.0545715801417828 0.150537714362144 0.0708405077457428 0.135537102818489 0.100744903087616 0.0907616093754768 0.0711131766438484 0.0312624834477901 0.0471508055925369 0.0495628491044044 0.0370018593966961 0.208331629633904 0.434195011854172 0.456060290336609 0.500611126422882 0.28528368473053 0.191031560301781 0.0734603255987167 0.113219410181046 0.07125224173069 0.05391850695014 0.0544584952294827 0.0563188530504704 0.0441101379692554 0.116483025252819 0.2533999979496 0.265456229448318 0.305841416120529 0.0984760820865631 0.0583698898553848 0.0749081820249557 0.071756936609745 0.0643572956323624 0.241028487682343 0.126695349812508 0.109313517808914 0.0708351731300354 0.0609880797564983 0.0602677054703236 0.0570101179182529 0.0526425056159496 0.0564458332955837 0.059539433568716 0.0759759992361069 0.0824300795793533
0.0498962067067623 0.0602722950279713 0.175217851996422 0.0587588176131248 0.129717543721199 0.0962528809905052 0.106874659657478 0.0615789890289307 0.033329788595438 0.0571232996881008 0.0301732327789068 0.0710898712277412 0.233737498521805 0.541853904724121 0.519181668758392 0.364838123321533 0.378289937973022 0.180052295327187 0.138583585619926 0.146685302257538 0.0850174874067307 0.0671788305044174 0.0542417913675308 0.0510873571038246 0.0507682077586651 0.0707258731126785 0.0626027807593346 0.0607097893953323 0.163940146565437 0.104956477880478 0.0999177843332291 0.194254249334335 0.143547028303146 0.0950243026018143 0.102527678012848 0.0816572159528732 0.0705581679940224 0.0657404363155365 0.0636988580226898 0.0579235926270485 0.0532769002020359 0.0554440319538116 0.058733869343996 0.0592017993330956 0.0628240928053856 0.058967400342226
0.0550702512264252 0.0611345395445824 0.0776723474264145 0.0601011961698532 0.0844840705394745 0.0724993348121643 0.114337950944901 0.0519752353429794 0.0379042848944664 0.0482038855552673 0.0313116870820522 0.315586566925049 0.311783879995346 0.553811013698578 0.39771580696106 0.292843461036682 0.203385904431343 0.295206606388092 0.106743156909943 0.0851385965943336 0.0843638107180595 0.0821117460727692 0.0645843893289566 0.0607309006154537 0.0588351003825665 0.054415725171566 0.0590484365820885 0.059559840708971 0.0827924236655235 0.245096787810326 0.241800636053085 0.276571542024612 0.128101497888565 0.0975928753614426 0.0826107859611511 0.0816572159528732 0.0732302367687225 0.0657404363155365 0.0579235926270485 0.0615942552685738 0.063572958111763 0.0633224174380302 0.0736416131258011 0.0690521523356438 0.042893934994936 0.0451103150844574
0.0687284022569656 0.0849103257060051 0.0590690076351166 0.0695424228906631 0.119726195931435 0.0826107859611511 0.0700071603059769 0.0439105145633221 0.0359552837908268 0.0311760753393173 0.0694783255457878 0.569418966770172 0.561490774154663 0.244091853499413 0.173145726323128 0.196227326989174 0.389594078063965 0.130246460437775 0.105707719922066 0.100098945200443 0.0660783499479294 0.153227433562279 0.0631810054183006 0.0641866251826286 0.0640270039439201 0.0604125447571278 0.0551895536482334 0.0520192421972752 0.125216856598854 0.194649502635002 0.260646015405655 0.31449231505394 0.220564261078835 0.15095779299736 0.0943016186356544 0.0738046020269394 0.0715317651629448 0.0679758414626122 0.07125224173069 0.074093334376812 0.064330130815506 0.0640768110752106 0.0594370700418949 0.0611086487770081 0.0406168103218079 0.0442882589995861
0.0956326648592949 0.089610643684864 0.0681906342506409 0.0953555703163147 0.164390400052071 0.131769642233849 0.0793173909187317 0.0418347381055355 0.0324750542640686 0.0377302467823029 0.3174107670784 0.405641317367554 0.314774841070175 0.242230176925659 0.313027620315552 0.39468988776207 0.125515565276146 0.129566118121147 0.254607021808624 0.0782786086201668 0.0840102061629295 0.117759875953197 0.071756936609745 0.081375315785408 0.0712821036577225 0.0630994662642479 0.0543167106807232 0.0686936154961586 0.090114414691925 0.171665847301483 0.43139773607254 0.31033530831337 0.207159966230392 0.137438222765923 0.0898503139615059 0.0837147012352943 0.0759759992361069 0.0666523203253746 0.0704197287559509 0.0824300795793533 0.0693236812949181 0.0596732161939144 0.0422068648040295 0.0421215295791626 0.0446465574204922 0.0406881645321846
0.0982158854603767 0.0967322364449501 0.054770652204752 0.108459390699863 0.131288021802902 0.0937865152955055 0.0490693375468254 0.0380583442747593 0.0367025546729565 0.0577335804700851 0.172137513756752 0.439425140619278 0.551726341247559 0.426122844219208 0.43458166718483 0.156205713748932 0.139865338802338 0.396498739719391 0.205719456076622 0.0873121693730354 0.0735476389527321 0.134605780243874 0.0721240267157555 0.0820838510990143 0.0936147719621658 0.0705153271555901 0.0609927214682102 0.0711613371968269 0.100655153393745 0.191529884934425 0.161131516098976 0.131152182817459 0.115231804549694 0.102789103984833 0.0881411656737328 0.0672935768961906 0.0509717799723148 0.0935524702072144 0.11853339523077 0.0729445964097977 0.0522235445678234 0.0390845723450184 0.0416141264140606 0.0505654066801071 0.0550702512264252 0.0510470941662788
