output/projections/02_LH/Cassia ferruginea.asc
NCOLS 168 
NROWS 144 
XLLCORNER -41.0001394455 
YLLCORNER -8.00013921734823 
CELLSIZE 0.0416666665 
NODATA_value -3.4e+38 
[rows 84 to 104 of 144, columns 92 to 137 of 168]
0.0557759255170822 0.0565584748983383 0.041941124945879 0.0375021621584892 0.0283390562981367 0.0256494581699371 0.0254395548254251 0.022358164191246 0.0229711532592773 0.0223639383912086 0.0229647941887379 0.026159955188632 0.0329530909657478 0.0370965711772442 0.0484312772750854 0.0418965294957161 0.0325727835297585 0.0360475517809391 0.0373667702078819 0.0397906303405762 0.0397350527346134 0.0477513372898102 0.053784292191267 0.0900830402970314 0.101386204361916 0.0893942192196846 0.111848622560501 0.127840802073479 0.169163703918457 0.162779033184052 0.161629974842072 0.163351312279701 0.173990190029144 0.214095398783684 0.215467497706413 0.2359898686409 0.238890618085861 0.232811808586121 0.232811808586121 0.244298204779625 0.320132583379745 0.46041676402092 0.469646722078323 0.510318577289581 0.501357674598694 0.526286780834198
0.0613510012626648 0.0352849029004574 0.0231720339506865 0.0250247567892075 0.0363318622112274 0.0455667562782764 0.0241154134273529 0.0211909227073193 0.0320141203701496 0.0414642244577408 0.0318411998450756 0.0323968268930912 0.0378570035099983 0.0502062067389488 0.0617327988147736 0.0474649965763092 0.0366509221494198 0.0408503338694572 0.0393548086285591 0.0425620265305042 0.0424916073679924 0.0514043346047401 0.071571409702301 0.106089673936367 0.0968187674880028 0.0924838036298752 0.0914276316761971 0.109742492437363 0.130173623561859 0.130173623561859 0.138506829738617 0.126804932951927 0.159317910671234 0.190266281366348 0.218332082033157 0.304028213024139 0.302064001560211 0.301175862550735 0.381468534469604 0.445790648460388 0.491956681013107 0.531998157501221 0.543133974075317 0.519867300987244 0.521828711032867 0.547244071960449
0.0339643359184265 0.0294416826218367 0.0344608165323734 0.0447484701871872 0.0617000907659531 0.0564458332955837 0.0249220915138721 0.0263101197779179 0.0278081502765417 0.0266287606209517 0.0304420795291662 0.0323968268930912 0.0370965711772442 0.0422363355755806 0.0505925267934799 0.0600094497203827 0.0413739755749702 0.040685448795557 0.0421082228422165 0.0417111814022064 0.0487191304564476 0.0770807564258575 0.0889368876814842 0.0842686370015144 0.0842686370015144 0.082336887717247 0.0832976698875427 0.0946290567517281 0.0998086929321289 0.0945567488670349 0.112602353096008 0.109193548560143 0.133974522352219 0.160942301154137 0.195427596569061 0.248368725180626 0.309222191572189 0.319948852062225 0.364510297775269 0.294592767953873 0.328944683074951 0.439341455698013 0.46726855635643 0.494453847408295 0.505680084228516 0.546270251274109
0.0284929890185595 0.0473405942320824 0.0612137019634247 0.0564458332955837 0.0557759255170822 0.0408641621470451 0.0263572763651609 0.025459686294198 0.0318837203085423 0.0346439145505428 0.0311976876109838 0.0390876159071922 0.0397435985505581 0.0413917228579521 0.0446860454976559 0.0507648587226868 0.0459194369614124 0.0455119460821152 0.0417694039642811 0.0466169267892838 0.0493087060749531 0.0804455354809761 0.0832976698875427 0.0729849711060524 0.0625457391142845 0.0696348622441292 0.0758894979953766 0.0721337795257568 0.081765353679657 0.0846599712967873 0.0873107090592384 0.127335891127586 0.119078442454338 0.129632577300072 0.149877846240997 0.17205622792244 0.20419006049633 0.264442384243011 0.254558622837067 0.293075054883957 0.396498739719391 0.428158074617386 0.425888270139694 0.411251723766327 0.462024599313736 0.513536334037781
0.0389265306293964 0.0630728006362915 0.0522235445678234 0.0436684228479862 0.0328748449683189 0.0441220887005329 0.0334921665489674 0.0289709977805614 0.0404205918312073 0.042481429874897 0.0371685326099396 0.0373823828995228 0.0383204258978367 0.0494080558419228 0.0472584925591946 0.0442853160202503 0.045147031545639 0.0469469763338566 0.0461340174078941 0.0416421107947826 0.0613209940493107 0.0804455354809761 0.0680136606097221 0.05900052562356 0.0611913837492466 0.100647374987602 0.0843338072299957 0.0805080160498619 0.0795766189694405 0.0811770111322403 0.109771490097046 0.155443504452705 0.130651772022247 0.144134268164635 0.17093913257122 0.199527084827423 0.265432387590408 0.349419891834259 0.367843240499496 0.371704339981079 0.366794437170029 0.419032514095306 0.544287741184235 0.53669148683548 0.549951195716858 0.563720345497131
0.0452808625996113 0.046574030071497 0.0383682660758495 0.0320799611508846 0.0449290461838245 0.0520152449607849 0.0333559513092041 0.032883245497942 0.0317538306117058 0.0470270998775959 0.0607516877353191 0.0394055768847466 0.0384761095046997 0.0445063970983028 0.0543321557343006 0.0511286742985249 0.0436656810343266 0.0560354813933372 0.051434151828289 0.0475599840283394 0.0575509034097195 0.0786550715565681 0.0629089996218681 0.0592821165919304 0.0730807557702065 0.0870442092418671 0.0783912762999535 0.0751053988933563 0.0672691985964775 0.095430813729763 0.172072604298592 0.169792458415031 0.159357666969299 0.165046468377113 0.183223307132721 0.239970102906227 0.298702001571655 0.383670687675476 0.411937028169632 0.476385027170181 0.513251185417175 0.531133234500885 0.567731499671936 0.53434556722641 0.53923100233078 0.558300793170929
0.0441997200250626 0.0322599746286869 0.0299274455755949 0.0374552235007286 0.0989652946591377 0.058733869343996 0.0350264050066471 0.0432297438383102 0.0428823046386242 0.0440520569682121 0.0455383434891701 0.0422101430594921 0.0439752340316772 0.0499884076416492 0.0541159249842167 0.0538542196154594 0.0436656810343266 0.0518471263349056 0.0721337795257568 0.0548673085868359 0.0604687631130219 0.0736758559942245 0.0733886212110519 0.114656768739223 0.0694742575287819 0.115085460245609 0.0968747064471245 0.0705709904432297 0.0821306705474854 0.143847584724426 0.208914920687675 0.136045321822166 0.129221796989441 0.143614932894707 0.173947542905807 0.202915474772453 0.26209968328476 0.298639863729477 0.348394632339478 0.38759058713913 0.5279820561409 0.570429801940918 0.582517981529236 0.594128847122192 0.57941597700119 0.566424489021301
0.0366932153701782 0.0323428362607956 0.0328164212405682 0.0771421417593956 0.127743616700172 0.0505790114402771 0.0343208014965057 0.0425375327467918 0.0641038790345192 0.0504992716014385 0.0404703468084335 0.041199155151844 0.0480441302061081 0.054581917822361 0.0545491948723793 0.0542248710989952 0.0497902780771255 0.0476632304489613 0.0578409172594547 0.0918317958712578 0.0694742575287819 0.119195461273193 0.127396419644356 0.0823490545153618 0.128155723214149 0.180576786398888 0.138229534029961 0.0863170698285103 0.20586085319519 0.21639259159565 0.238480493426323 0.142102420330048 0.14573860168457 0.175205424427986 0.164466261863708 0.175772562623024 0.205656930804253 0.274573117494583 0.295119404792786 0.282020092010498 0.30473729968071 0.391465365886688 0.406426817178726 0.484371483325958 0.463350772857666 0.484371483325958
0.0339643359184265 0.045658316463232 0.0436794571578503 0.0967322364449501 0.0898503139615059 0.0432414673268795 0.0393226146697998 0.0415190458297729 0.0696907714009285 0.0621685050427914 0.0466506294906139 0.0457741357386112 0.0591204576194286 0.0514087788760662 0.0542855150997639 0.0512760914862156 0.0511213690042496 0.0495067313313484 0.0567027255892754 0.0956591814756393 0.151431798934937 0.195050835609436 0.122782476246357 0.187398314476013 0.241341590881348 0.263373106718063 0.131560489535332 0.139743193984032 0.18648187816143 0.199829176068306 0.181896910071373 0.143133535981178 0.143133535981178 0.147283166646957 0.165628328919411 0.206395179033279 0.228625655174255 0.222680240869522 0.198183670639992 0.304921090602875 0.431476175785065 0.563510656356812 0.569659292697906 0.469857037067413 0.50671261548996 0.573659658432007
0.0406881645321846 0.0701736584305763 0.0960854738950729 0.0925164073705673 0.0402792729437351 0.0382227152585983 0.0573752112686634 0.0680044293403625 0.0525596924126148 0.0581183172762394 0.0570144765079021 0.0476514399051666 0.0520469099283218 0.0583660714328289 0.0555369853973389 0.0599497593939304 0.0553668215870857 0.0601186901330948 0.0711276158690453 0.19855859875679 0.273549735546112 0.217825904488564 0.157322466373444 0.143329098820686 0.243438899517059 0.154137402772903 0.137449681758881 0.120033390820026 0.140889719128609 0.163248524069786 0.119169451296329 0.11015509814024 0.107699736952782 0.11015509814024 0.137503698468208 0.144134268164635 0.136936977505684 0.173990190029144 0.25729763507843 0.438668489456177 0.482698798179626 0.522731006145477 0.483671844005585 0.471049547195435 0.581753253936768 0.590903043746948
0.0870510339736938 0.306840151548386 0.14208847284317 0.0797801241278648 0.0374456979334354 0.0385339222848415 0.0666803941130638 0.0580631494522095 0.0560755915939808 0.0662937834858894 0.0602983981370926 0.0516366809606552 0.0565734915435314 0.0880644768476486 0.0537940338253975 0.0443137139081955 0.0646715015172958 0.101272031664848 0.15551695227623 0.394953966140747 0.333463758230209 0.181178390979767 0.218545123934746 0.147756114602089 0.137511879205704 0.0980071499943733 0.111432746052742 0.113537296652794 0.0995082035660744 0.0976350530982018 0.118289537727833 0.0932673066854477 0.129733055830002 0.136541664600372 0.135550513863564 0.135057225823402 0.196231782436371 0.232368856668472 0.396526247262955 0.460575640201569 0.438730239868164 0.420131593942642 0.421159118413925 0.585547029972076 0.597131907939911 0.590142846107483
0.479597210884094 0.404394119977951 0.128573149442673 0.0545673966407776 0.0486895851790905 0.0406168103218079 0.0414132997393608 0.0501444675028324 0.0588808059692383 0.056362722069025 0.067883312702179 0.0492104068398476 0.0597210414707661 0.0525208115577698 0.0501083731651306 0.053286500275135 0.141954243183136 0.272307753562927 0.288468092679977 0.41722109913826 0.336129248142242 0.168048292398453 0.133987873792648 0.119977995753288 0.0976370796561241 0.0860442668199539 0.0700005665421486 0.0739625543355942 0.0763062760233879 0.106922566890717 0.0837514400482178 0.109773740172386 0.100647374987602 0.136048033833504 0.120057448744774 0.187692031264305 0.227842852473259 0.231617629528046 0.270398616790771 0.315754055976868 0.304925978183746 0.406845360994339 0.57069456577301 0.582109749317169 0.5870720744133 0.579265236854553
0.59602963924408 0.280809313058853 0.0968527421355247 0.0403712652623653 0.0446465574204922 0.0434691160917282 0.0356887429952621 0.0962964743375778 0.0595355406403542 0.173260793089867 0.0804532766342163 0.104767143726349 0.0624999888241291 0.0605177581310272 0.139160111546516 0.185172602534294 0.309202313423157 0.442567557096481 0.444726228713989 0.4030422270298 0.269969075918198 0.189161822199821 0.113379016518593 0.110755108296871 0.197712391614914 0.0799514502286911 0.066535159945488 0.100507102906704 0.101344712078571 0.128697007894516 0.089077539741993 0.0915016159415245 0.0987571775913239 0.158131077885628 0.124586045742035 0.158200919628143 0.178239405155182 0.216819003224373 0.288923531770706 0.33689671754837 0.442696154117584 0.536192417144775 0.599307358264923 0.610389530658722 0.588214755058289 0.61467969417572
0.298365473747253 0.210643872618675 0.0533830896019936 0.0411125756800175 0.0358817875385284 0.0440945364534855 0.0849414691329002 0.110020488500595 0.131165236234665 0.386440724134445 0.444197207689285 0.20586085319519 0.162331402301788 0.219224244356155 0.41242641210556 0.417177230119705 0.441527634859085 0.514525592327118 0.462181985378265 0.381967335939407 0.192735120654106 0.1663848310709 0.0981481149792671 0.308744847774506 0.111588351428509 0.0985219553112984 0.112292841076851 0.182720974087715 0.144522204995155 0.175616860389709 0.0887157320976257 0.109620057046413 0.171016320586205 0.176815003156662 0.143105611205101 0.160389229655266 0.232840567827225 0.305486351251602 0.374369412660599 0.427990794181824 0.459398031234741 0.522537589073181 0.522668480873108 0.510096430778503 0.567538619041443 0.633118748664856
0.107145838439465 0.0753861144185066 0.0371523909270763 0.0492399111390114 0.0354999974370003 0.0520511940121651 0.132428705692291 0.0766126438975334 0.112602353096008 0.149892494082451 0.247342586517334 0.405989229679108 0.488772392272949 0.489517092704773 0.538602590560913 0.382929861545563 0.443685263395309 0.4562067091465 0.213231176137924 0.30784398317337 0.348712980747223 0.149813562631607 0.196898207068443 0.341093868017197 0.255690187215805 0.312268495559692 0.244995340704918 0.185253009200096 0.248915776610374 0.195050835609436 0.108391560614109 0.164146885275841 0.187327161431313 0.172560080885887 0.158131077885628 0.197315871715546 0.242000102996826 0.281881749629974 0.311050951480865 0.357921749353409 0.422003835439682 0.408821314573288 0.349368095397949 0.542477667331696 0.463782101869583 0.509037017822266
0.0568966343998909 0.0373035110533237 0.041581004858017 0.0497443452477455 0.0452049188315868 0.06571876257658 0.177858620882034 0.171177834272385 0.0955485925078392 0.133499383926392 0.480588227510452 0.556402862071991 0.307411044836044 0.3764927983284 0.288327127695084 0.228050321340561 0.17500726878643 0.156123101711273 0.180215895175934 0.15794438123703 0.253419071435928 0.156071484088898 0.28244823217392 0.386924743652344 0.290369868278503 0.253391146659851 0.199053391814232 0.158920735120773 0.233217671513557 0.151974380016327 0.189161822199821 0.191402405500412 0.188408419489861 0.162564694881439 0.173162937164307 0.204079046845436 0.223193436861038 0.260230600833893 0.261197119951248 0.290659040212631 0.301310479640961 0.308458685874939 0.335015505552292 0.562086045742035 0.455342590808868 0.65934032201767
0.0368519127368927 0.0414132997393608 0.0453554354608059 0.10597974807024 0.0916309580206871 0.187083885073662 0.249788016080856 0.190961763262749 0.109770983457565 0.113447725772858 0.434582531452179 0.224472194910049 0.171207204461098 0.346062034368515 0.181618750095367 0.165889725089073 0.12022590637207 0.134405761957169 0.137394711375237 0.175071433186531 0.178276658058167 0.244065940380096 0.405823171138763 0.41732195019722 0.220645651221275 0.240517735481262 0.191402405500412 0.1476781219244 0.213182762265205 0.188805803656578 0.206551000475883 0.182674452662468 0.168236538767815 0.133407071232796 0.141913488507271 0.189908191561699 0.205452173948288 0.234350234270096 0.281881749629974 0.325513392686844 0.333139508962631 0.3502077460289 0.386292994022369 0.612546563148499 0.642842888832092 0.682663917541504
0.0386017635464668 0.0447677597403526 0.0416723750531673 0.110455073416233 0.0804644152522087 0.141150966286659 0.213385939598083 0.156333267688751 0.128122314810753 0.108133710920811 0.119432613253593 0.0920599400997162 0.0792683437466621 0.134969368577003 0.158586621284485 0.116896592080593 0.105869300663471 0.124894089996815 0.140930220484734 0.144239902496338 0.176431208848953 0.280742317438126 0.392940670251846 0.41732195019722 0.398993194103241 0.267667502164841 0.17221511900425 0.140597313642502 0.158048614859581 0.203424006700516 0.171016320586205 0.180169865489006 0.141782999038696 0.126610681414604 0.215998962521553 0.232408940792084 0.231897264719009 0.262673020362854 0.293108403682709 0.355803161859512 0.431090205907822 0.477044254541397 0.502325892448425 0.663141906261444 0.685233116149902 0.665316522121429
0.0360820032656193 0.0543544515967369 0.061753686517477 0.0675543174147606 0.103201754391193 0.240744143724442 0.30473729968071 0.145814090967178 0.123485803604126 0.087920568883419 0.0857128649950027 0.064552903175354 0.0796401649713516 0.157322466373444 0.189260393381119 0.0983137935400009 0.115699417889118 0.16725566983223 0.124911114573479 0.1414764970541 0.240942016243935 0.392677515745163 0.423384755849838 0.387925386428833 0.274684548377991 0.231782838702202 0.182674452662468 0.143329098820686 0.180273771286011 0.221038863062859 0.156764313578606 0.142296805977821 0.140250831842422 0.159956589341164 0.272249281406403 0.254930585622787 0.241803497076035 0.242000102996826 0.273425936698914 0.311955213546753 0.375544637441635 0.41994833946228 0.463589310646057 0.610115647315979 0.636214315891266 0.608518838882446
0.0487572327256203 0.0568129010498524 0.111169502139091 0.110339000821114 0.0787268206477165 0.386719405651093 0.378638982772827 0.175573572516441 0.107381731271744 0.0731419399380684 0.0611452423036098 0.0719084143638611 0.226162418723106 0.268092513084412 0.197814330458641 0.093560665845871 0.182779476046562 0.1319719851017 0.143202155828476 0.160494148731232 0.271227061748505 0.46180671453476 0.315989702939987 0.20673294365406 0.304033815860748 0.252259284257889 0.172817021608353 0.165121525526047 0.151640027761459 0.197344183921814 0.129434645175934 0.135086163878441 0.170786827802658 0.183062463998795 0.219868019223213 0.212241128087044 0.206656321883202 0.242577329277992 0.275104403495789 0.322742432355881 0.382302492856979 0.408694535493851 0.437501460313797 0.41597318649292 0.436593174934387 0.453252077102661
0.0454945378005505 0.0511938221752644 0.075450636446476 0.0615098439157009 0.126968160271645 0.150852501392365 0.240427225828171 0.143726006150246 0.101853549480438 0.0655310228466988 0.0637102127075195 0.0863764211535454 0.227641642093658 0.144598811864853 0.0957736819982529 0.107881538569927 0.213890850543976 0.135168358683586 0.114482827484608 0.139440402388573 0.188539564609528 0.396828353404999 0.298702418804169 0.324004679918289 0.408124625682831 0.194710806012154 0.193730264902115 0.13167479634285 0.140088632702827 0.134594306349754 0.144522204995155 0.180273771286011 0.147148206830025 0.198319748044014 0.186236307024956 0.223505392670631 0.205277219414711 0.242577329277992 0.316093504428864 0.369195282459259 0.391302615404129 0.429023325443268 0.377524256706238 0.382302492856979 0.551084041595459 0.688069701194763
