output/projections/02_LH/Myrcia silvatica.asc
NCOLS 168 
NROWS 144 
XLLCORNER -41.0001394455 
YLLCORNER -8.00013921734823 
CELLSIZE 0.0416666665 
NODATA_value -3.4e+38 
[rows 120 to 139 of 144, columns 46 to 91 of 168]
0.214470505714417 0.213397458195686 0.17781662940979 0.106151163578033 0.103732563555241 0.0466447323560715 0.0607031136751175 0.0612505562603474 0.0627207532525063 0.1353809684515 0.140899747610092 0.100758045911789 0.0703601464629173 0.0938297063112259 0.0532321073114872 0.0422872565686703 0.055166482925415 0.0671385303139687 0.137701228260994 0.308777689933777 0.31260484457016 0.212556049227715 0.147898182272911 0.0910843461751938 0.109133906662464 0.0830538719892502 0.0531160160899162 0.0427274331450462 0.0482421815395355 0.10059616714716 0.12879304587841 0.168501615524292 0.203538507223129 0.24189305305481 0.148704305291176 0.108201198279858 0.104190975427628 0.113505013287067 0.111469388008118 0.0855041444301605 0.07081638276577 0.0684668496251106 0.0566967129707336 0.035310935229063 0.03281294927001 0.034209106117487
0.263749897480011 0.227196127176285 0.143265455961227 0.103191055357456 0.148476839065552 0.115387946367264 0.0504205338656902 0.0533939488232136 0.056939534842968 0.072541780769825 0.0753479972481728 0.217867374420166 0.206830441951752 0.0594065822660923 0.0491667054593563 0.0560784973204136 0.0605228804051876 0.0829117894172668 0.202204033732414 0.126090511679649 0.134700581431389 0.11714506149292 0.0679917335510254 0.0633230730891228 0.0759467631578445 0.0512814782559872 0.0597412176430225 0.0608423464000225 0.0666489601135254 0.0862687006592751 0.0809106603264809 0.106426887214184 0.139935567975044 0.136351063847542 0.0951646640896797 0.0898520573973656 0.0820816606283188 0.0822915509343147 0.105211205780506 0.0986897870898247 0.0744819790124893 0.0653133690357208 0.0480353012681007 0.0369347706437111 0.0333513095974922 0.0323743112385273
0.259818643331528 0.149377435445786 0.142119199037552 0.123545952141285 0.241077557206154 0.149176627397537 0.168211668729782 0.150025129318237 0.154014348983765 0.151292264461517 0.151334270834923 0.200653180480003 0.0845884010195732 0.0666923075914383 0.0460611134767532 0.0718500688672066 0.0989267155528069 0.0915461108088493 0.0702869743108749 0.0510319210588932 0.0709682554006577 0.0607792586088181 0.0669329240918159 0.0486382432281971 0.0451216250658035 0.056024331599474 0.0769191458821297 0.107677184045315 0.0788605958223343 0.100709699094296 0.135397344827652 0.138411954045296 0.124278545379639 0.0876853615045547 0.0812276750802994 0.127766594290733 0.156563326716423 0.117897495627403 0.111229188740253 0.106578752398491 0.0733300521969795 0.0525991134345531 0.0468141660094261 0.0420333184301853 0.0370859615504742 0.0333627536892891
0.14131136238575 0.139495730400085 0.203039273619652 0.154113784432411 0.296122163534164 0.174463987350464 0.154689073562622 0.146467298269272 0.249152928590775 0.192166268825531 0.154145896434784 0.0912517160177231 0.171502023935318 0.147723034024239 0.124022237956524 0.0732467919588089 0.212133333086967 0.266749411821365 0.0921684578061104 0.0622031353414059 0.188734173774719 0.162820875644684 0.0656991228461266 0.0633530095219612 0.0511880032718182 0.0843973383307457 0.0968741551041603 0.131852388381958 0.0998764932155609 0.114252649247646 0.135550811886787 0.120339743793011 0.119016885757446 0.111297950148582 0.112346418201923 0.0816899612545967 0.070686399936676 0.0783923044800758 0.13867561519146 0.0846495404839516 0.0617313608527184 0.0489401593804359 0.0484084039926529 0.0413283742964268 0.0368727371096611 0.0320164933800697
0.121334604918957 0.157135456800461 0.16773322224617 0.185704275965691 0.257104367017746 0.185166537761688 0.160385012626648 0.120841138064861 0.177410438656807 0.0701197311282158 0.129897698760033 0.447918295860291 0.435970604419708 0.423782646656036 0.258940011262894 0.116538606584072 0.327581852674484 0.225445881485939 0.094238743185997 0.269246578216553 0.183382704854012 0.0729039907455444 0.0560431107878685 0.0882555395364761 0.0552169568836689 0.103908732533455 0.113555788993835 0.072203703224659 0.126267090439796 0.130837067961693 0.165298134088516 0.132294699549675 0.122335337102413 0.107261173427105 0.0925743207335472 0.0766957625746727 0.0660255700349808 0.10547611862421 0.236424505710602 0.119465343654156 0.0544212348759174 0.059374563395977 0.0655469596385956 0.0516985058784485 0.0642893835902214 0.0720632672309875
0.163636535406113 0.333494186401367 0.107546538114548 0.144151762127876 0.340273290872574 0.318737119436264 0.218469932675362 0.231805369257927 0.13449901342392 0.110950700938702 0.179857894778252 0.531526267528534 0.478979885578156 0.348968207836151 0.146916210651398 0.152108311653137 0.376987427473068 0.128618896007538 0.214254304766655 0.326460629701614 0.115831270813942 0.0844765156507492 0.215777993202209 0.174263074994087 0.0992676019668579 0.120930723845959 0.108553133904934 0.0637865513563156 0.188282519578934 0.158040374517441 0.19400443136692 0.141020461916924 0.11046701669693 0.120591834187508 0.0935609564185143 0.0876538306474686 0.124103747308254 0.23077218234539 0.311662614345551 0.115257032215595 0.121189251542091 0.439841747283936 0.439525902271271 0.300751537084579 0.4041428565979 0.262388646602631
0.306061297655106 0.209214672446251 0.115751877427101 0.263253062963486 0.404665589332581 0.133419930934906 0.119630709290504 0.145225286483765 0.124830737709999 0.279877007007599 0.332894384860992 0.197779014706612 0.288015484809875 0.306864351034164 0.123395472764969 0.255791187286377 0.337373703718185 0.356748789548874 0.35100182890892 0.28715854883194 0.0998509451746941 0.176591575145721 0.123646326363087 0.147081881761551 0.0749071836471558 0.0826983451843262 0.0685591697692871 0.0689433738589287 0.264286518096924 0.201900437474251 0.184413939714432 0.115083143115044 0.102116718888283 0.12666417658329 0.123021021485329 0.0701018646359444 0.0920955240726471 0.231031373143196 0.189554259181023 0.0801252424716949 0.383339136838913 0.46088895201683 0.430960416793823 0.456780940294266 0.411530911922455 0.294584155082703
0.43942254781723 0.192128047347069 0.133183568716049 0.164947405457497 0.164191737771034 0.161213397979736 0.0712855756282806 0.0688691362738609 0.0908454358577728 0.194627851247787 0.067138634622097 0.0958684086799622 0.218516543507576 0.289679616689682 0.134694516658783 0.320855498313904 0.439731985330582 0.349550992250443 0.270737498998642 0.152446255087852 0.0874762535095215 0.0809219032526016 0.061672180891037 0.0709772706031799 0.0806575268507004 0.062836229801178 0.071610301733017 0.0753260254859924 0.249192416667938 0.188082963228226 0.131168231368065 0.0898588001728058 0.094108372926712 0.0921274051070213 0.0976514741778374 0.0728874951601028 0.209354594349861 0.514845669269562 0.312649756669998 0.20958049595356 0.221075341105461 0.408396869897842 0.471118122339249 0.457583248615265 0.290353655815125 0.334817320108414
0.443512260913849 0.194200620055199 0.258247166872025 0.217783764004707 0.19569905102253 0.162841111421585 0.160232782363892 0.0709773749113083 0.100669212639332 0.061579991132021 0.0656532496213913 0.151876360177994 0.373723775148392 0.441609412431717 0.227009952068329 0.387966632843018 0.38147246837616 0.324480414390564 0.169334799051285 0.0941875353455544 0.072464644908905 0.062569335103035 0.0655210763216019 0.0981875658035278 0.0651446133852005 0.0755743607878685 0.0807425379753113 0.104697547852993 0.137519851326942 0.182264015078545 0.0922461003065109 0.108132906258106 0.128417193889618 0.349579662084579 0.239002615213394 0.192577287554741 0.23839308321476 0.420324563980103 0.518367767333984 0.478379398584366 0.38777881860733 0.455688208341599 0.489265024662018 0.39639014005661 0.231676831841469 0.297745853662491
0.492371827363968 0.279253393411636 0.407963663339615 0.212507739663124 0.303451895713806 0.175192162394524 0.176883608102798 0.0658475905656815 0.127572566270828 0.072012260556221 0.100309267640114 0.335060566663742 0.387118488550186 0.152772799134254 0.45960596203804 0.408888697624207 0.251659244298935 0.175083622336388 0.0979994162917137 0.0744811967015266 0.068838469684124 0.0550060756504536 0.101315505802631 0.114753127098083 0.0945909023284912 0.0723574534058571 0.0730018317699432 0.0838991925120354 0.0875830128788948 0.142042726278305 0.26177129149437 0.201005488634109 0.119827590882778 0.232695609331131 0.337315857410431 0.291037172079086 0.382395088672638 0.296586573123932 0.506826817989349 0.476150751113892 0.468118607997894 0.362604081630707 0.313726723194122 0.387659013271332 0.314634740352631 0.250518053770065
0.76717209815979 0.407039731740952 0.277333110570908 0.200279459357262 0.29046893119812 0.171570062637329 0.152772799134254 0.140184909105301 0.131444022059441 0.106231525540352 0.161040097475052 0.39416840672493 0.274874210357666 0.178513839840889 0.334869056940079 0.306027621030807 0.197612404823303 0.0898578390479088 0.0765521228313446 0.0676744654774666 0.0556483790278435 0.0732209160923958 0.150448143482208 0.105642281472683 0.0745611190795898 0.0766340792179108 0.0789340883493423 0.0802167430520058 0.104733482003212 0.263877511024475 0.362408399581909 0.15716078877449 0.183083012700081 0.194645047187805 0.250285148620605 0.359150260686874 0.355213910341263 0.52021324634552 0.464883804321289 0.346581071615219 0.381477504968643 0.297532081604004 0.259183824062347 0.245257094502449 0.192815110087395 0.282006859779358
0.62482100725174 0.404777318239212 0.258127242326736 0.201189771294594 0.26738429069519 0.168850123882294 0.156394585967064 0.128640457987785 0.0759967491030693 0.128542646765709 0.297027826309204 0.402409106492996 0.344029277563095 0.230685397982597 0.228622362017632 0.248347565531731 0.123538635671139 0.0572530664503574 0.0992263332009315 0.09556495398283 0.0705182701349258 0.0723565891385078 0.14941731095314 0.0952036008238792 0.104335099458694 0.0673498809337616 0.0730351135134697 0.097262866795063 0.140005767345428 0.34413555264473 0.297571867704391 0.148504599928856 0.231999978423119 0.358814388513565 0.415146231651306 0.291296362876892 0.375449419021606 0.515803396701813 0.456385374069214 0.327398896217346 0.200559318065643 0.271653831005096 0.227196753025055 0.175399273633957 0.207698032259941 0.193620920181274
0.42020857334137 0.352553725242615 0.167263641953468 0.209492474794388 0.305931121110916 0.212484940886497 0.123640686273575 0.153281956911087 0.198073640465736 0.14614026248455 0.299834758043289 0.299021542072296 0.19521227478981 0.148901671171188 0.166601628065109 0.125341191887856 0.0571486465632915 0.0558616854250431 0.0968481600284576 0.158075273036957 0.102843262255192 0.0608440563082695 0.106350667774677 0.194830998778343 0.166917979717255 0.141549870371819 0.114742167294025 0.144530788064003 0.182589903473854 0.235819876194 0.183368861675262 0.246800437569618 0.28122878074646 0.413455218076706 0.542625069618225 0.527758657932281 0.380467712879181 0.280644714832306 0.281170934438705 0.256599724292755 0.190045446157455 0.237418919801712 0.245009824633598 0.160141155123711 0.140257358551025 0.163885161280632
0.210218548774719 0.22618305683136 0.236055955290794 0.251184463500977 0.211430206894875 0.123973585665226 0.137114703655243 0.234235927462578 0.374234855175018 0.343332648277283 0.295906811952591 0.196410626173019 0.155593633651733 0.0983617678284645 0.0680031105875969 0.0683427602052689 0.10760285705328 0.0809220522642136 0.0712757036089897 0.126232087612152 0.119376681745052 0.0806708410382271 0.0977033227682114 0.141193941235542 0.128704607486725 0.134499073028564 0.14958918094635 0.220200553536415 0.16898612678051 0.199381038546562 0.202426820993423 0.35131573677063 0.462774246931076 0.55521422624588 0.397516906261444 0.367193818092346 0.245540097355843 0.168471619486809 0.240953251719475 0.245244577527046 0.190045446157455 0.217586576938629 0.188088178634644 0.158773809671402 0.161584600806236 0.126464039087296
0.355007886886597 0.295750826597214 0.401941329240799 0.300903916358948 0.164600253105164 0.155461221933365 0.261703342199326 0.231613770127296 0.426564782857895 0.383858203887939 0.304860651493073 0.224872693419456 0.145611718297005 0.122791886329651 0.0681069418787956 0.0936525836586952 0.0972042754292488 0.102412484586239 0.0794174894690514 0.0809586271643639 0.134966596961021 0.121732249855995 0.178347885608673 0.206472933292389 0.175284832715988 0.134273871779442 0.461434990167618 0.351452380418777 0.241297647356987 0.267240256071091 0.316989690065384 0.480251908302307 0.582814514636993 0.41864424943924 0.370931833982468 0.272826731204987 0.186057567596436 0.200423866510391 0.219795867800713 0.210606083273888 0.170136615633965 0.157132104039192 0.156128600239754 0.155852064490318 0.172767728567123 0.160091608762741
0.188081800937653 0.264294058084488 0.284213095903397 0.255415081977844 0.16594372689724 0.147855654358864 0.249712482094765 0.150624558329582 0.200205266475677 0.389236956834793 0.260808050632477 0.106785707175732 0.117604523897171 0.0986379384994507 0.0892673805356026 0.101895876228809 0.114003151655197 0.155022978782654 0.180202215909958 0.0934456363320351 0.101540744304657 0.210460990667343 0.325282156467438 0.542929708957672 0.469086825847626 0.203282579779625 0.454961329698563 0.371454000473022 0.454721301794052 0.467321068048477 0.407060116529465 0.459273427724838 0.624296844005585 0.324468493461609 0.322766810655594 0.285271555185318 0.165764570236206 0.207949638366699 0.168970927596092 0.15221594274044 0.140779599547386 0.165480017662048 0.187347888946533 0.2083340883255 0.228653907775879 0.205244511365891
0.114411517977715 0.234426781535149 0.174823999404907 0.254712760448456 0.204211860895157 0.177249416708946 0.132550373673439 0.157890364527702 0.159299075603485 0.191308230161667 0.308724284172058 0.233698010444641 0.191131010651588 0.129891619086266 0.120407246053219 0.245767548680305 0.338991969823837 0.266333192586899 0.170186683535576 0.117000259459019 0.239372923970222 0.28217288851738 0.497566759586334 0.640236914157867 0.554880917072296 0.303048849105835 0.463849455118179 0.479026526212692 0.611630499362946 0.427883237600327 0.27000305056572 0.680698752403259 0.477052599191666 0.242282882332802 0.263261139392853 0.217856094241142 0.17208656668663 0.174011006951332 0.141189247369766 0.150406718254089 0.16543485224247 0.219690769910812 0.238009810447693 0.246904626488686 0.223158925771713 0.273395508527756
0.223816648125648 0.193934142589569 0.165741875767708 0.244823187589645 0.313180893659592 0.122620142996311 0.130331575870514 0.12001197040081 0.116950854659081 0.137837588787079 0.154839023947716 0.1917834430933 0.220510005950928 0.19491258263588 0.407122641801834 0.398585647344589 0.370906442403793 0.156470343470573 0.21207469701767 0.191957041621208 0.310389161109924 0.256680637598038 0.384058982133865 0.601230442523956 0.59421569108963 0.357713937759399 0.400264173746109 0.596981644630432 0.567324697971344 0.364813894033432 0.196725368499756 0.379051119089127 0.247432380914688 0.174405366182327 0.142765954136848 0.142509087920189 0.145405009388924 0.145262733101845 0.148696333169937 0.165365189313889 0.261577039957047 0.235051840543747 0.177066653966904 0.20596644282341 0.245527669787407 0.23839844763279
0.167590662837029 0.153326198458672 0.158939614892006 0.29015725851059 0.315241098403931 0.103597022593021 0.125487849116325 0.146239042282104 0.0916802734136581 0.109648518264294 0.455607354640961 0.377895921468735 0.208100184798241 0.333003669977188 0.388841718435287 0.239564135670662 0.238002315163612 0.108054362237453 0.299091249704361 0.184653148055077 0.220482140779495 0.439392447471619 0.513074934482574 0.577918767929077 0.802826285362244 0.320347964763641 0.547302782535553 0.524742662906647 0.328123390674591 0.270218104124069 0.226467370986938 0.144114911556244 0.133942931890488 0.113329917192459 0.122648127377033 0.133778482675552 0.186235323548317 0.188799515366554 0.170138671994209 0.187414437532425 0.198950588703156 0.170850470662117 0.178180411458015 0.206578373908997 0.307134926319122 0.179315581917763
0.0672514885663986 0.19134621322155 0.180367514491081 0.0994350463151932 0.287931799888611 0.324262142181396 0.0901539325714111 0.13468499481678 0.0844882801175117 0.108074009418488 0.21630297601223 0.283578187227249 0.219417244195938 0.343618959188461 0.236159428954124 0.225715637207031 0.18233785033226 0.106809310615063 0.182100117206573 0.280656069517136 0.275944441556931 0.715483784675598 0.528799176216125 0.752899706363678 0.867290496826172 0.546934604644775 0.486740589141846 0.464846849441528 0.265893757343292 0.247722044587135 0.135392442345619 0.12334256619215 0.119986146688461 0.198203802108765 0.204564660787582 0.34376060962677 0.302455842494965 0.232756897807121 0.200999468564987 0.167074009776115 0.187121763825417 0.180393993854523 0.188881143927574 0.267195224761963 0.536451935768127 0.244974806904793
