output/projections/02_LH/Myrcia silvatica.asc
NCOLS 168 
NROWS 144 
XLLCORNER -41.0001394455 
YLLCORNER -8.00013921734823 
CELLSIZE 0.0416666665 
NODATA_value -3.4e+38 
[rows 100 to 119 of 144, columns 46 to 91 of 168]
0.0101953288540244 0.0131953349336982 0.0427849367260933 0.0139342825859785 0.0329113490879536 0.0232490953058004 0.0262020938098431 0.0156555771827698 0.0081031983718276 0.0138500034809113 0.00764536717906594 0.0183804612606764 0.0762278139591217 0.247574090957642 0.234734803438187 0.137022361159325 0.141484975814819 0.0546511560678482 0.0437577292323112 0.0468092523515224 0.0237887464463711 0.0202264506369829 0.0161737333983183 0.016383845359087 0.0175116546452045 0.0246351882815361 0.0218997653573751 0.0205448623746634 0.0589206218719482 0.0363909117877483 0.0371307730674744 0.084299348294735 0.0569196082651615 0.0400350093841553 0.0430791191756725 0.0332546830177307 0.0303156021982431 0.0283250100910664 0.0274815782904625 0.024631904438138 0.0223521254956722 0.0236252453178167 0.0246122516691685 0.0252343695610762 0.0272102318704128 0.025138933211565
0.0124112088233232 0.0128474105149508 0.0176508892327547 0.013235348276794 0.0208417158573866 0.0175805501639843 0.0285734441131353 0.0128002595156431 0.00915663968771696 0.012583558447659 0.00742376130074263 0.104250989854336 0.11048998683691 0.257753521203995 0.147410720586777 0.0968897268176079 0.0702967792749405 0.109384760260582 0.0338686965405941 0.0238833203911781 0.0257240384817123 0.0250821597874165 0.0208556167781353 0.0180719513446093 0.0188017189502716 0.0174896102398634 0.0186980906873941 0.0202632620930672 0.0282781440764666 0.100453086197376 0.101302959024906 0.125180944800377 0.0539368465542793 0.0396141149103642 0.0353304296731949 0.0326458178460598 0.0294146910309792 0.0283250100910664 0.0246627256274223 0.0262083597481251 0.0270138010382652 0.0268782638013363 0.0311463568359613 0.0292442291975021 0.0179037936031818 0.0201573874801397
0.0156159121543169 0.0179652981460094 0.0129652107134461 0.0166095681488514 0.0305005963891745 0.0202610939741135 0.0171930566430092 0.0111009972169995 0.0088758897036314 0.00816879887133837 0.0185535177588463 0.276270747184753 0.26466229557991 0.0799885615706444 0.0516784451901913 0.0623432844877243 0.148923814296722 0.0391107760369778 0.0304679274559021 0.0312279481440783 0.0196571163833141 0.0499639697372913 0.0187748111784458 0.0208061020821333 0.0208097193390131 0.0190787203609943 0.0187964476644993 0.0190920121967793 0.0479910783469677 0.0773950293660164 0.108214385807514 0.145993515849113 0.0965357720851898 0.0639104321599007 0.0402789153158665 0.0316833630204201 0.0307430941611528 0.0287701934576035 0.0301026273518801 0.0312584936618805 0.0272879526019096 0.0272188913077116 0.024893756955862 0.0255628582090139 0.0167435314506292 0.0185358710587025
0.0224815644323826 0.0214451961219311 0.0155164273455739 0.0240800119936466 0.0441710874438286 0.0348566137254238 0.0194261204451323 0.0106004411354661 0.00792934931814671 0.00972469430416822 0.10850053280592 0.158993974328041 0.107389353215694 0.0780943185091019 0.108542695641518 0.150615498423576 0.0382145829498768 0.0384423136711121 0.0915914177894592 0.0240960195660591 0.02593201585114 0.036844614893198 0.0232060737907887 0.024595882743597 0.0231511127203703 0.0220669098198414 0.0185118205845356 0.0239221770316362 0.0342064090073109 0.0683964863419533 0.210448950529099 0.145606234669685 0.0900552421808243 0.0571558140218258 0.0360050089657307 0.035870335996151 0.0299520716071129 0.0281969085335732 0.0297640170902014 0.0324170179665089 0.0293182749301195 0.0249258913099766 0.0172826964408159 0.0173075031489134 0.0183538813143969 0.0180327966809273
0.0248134713619947 0.0223998930305243 0.0125328293070197 0.0265182144939899 0.0354161001741886 0.0242320746183395 0.0117558632045984 0.00954664405435324 0.0091097429394722 0.0151123087853193 0.0505041927099228 0.182162627577782 0.26287454366684 0.182997152209282 0.172183245420456 0.046151053160429 0.0409994907677174 0.156356438994408 0.0707266926765442 0.0269321873784065 0.0238649006932974 0.0454210638999939 0.0230120979249477 0.0266081150621176 0.0304111763834953 0.0237672347575426 0.0207575429230928 0.0242349747568369 0.0349039025604725 0.078485943377018 0.0680314600467682 0.0538533926010132 0.0464732944965363 0.0412479043006897 0.0371639356017113 0.0285586807876825 0.0197239927947521 0.0395669341087341 0.0506547018885612 0.0307528432458639 0.0211528968065977 0.0160720515996218 0.0183307975530624 0.0220957659184933 0.0244773961603642 0.0212644673883915
0.0303617976605892 0.0182387605309486 0.0150747960433364 0.0252602379769087 0.0191687885671854 0.0123380273580551 0.0122359031811357 0.0102480398491025 0.010832516476512 0.0253187641501427 0.0867118090391159 0.24002368748188 0.32640814781189 0.0841343328356743 0.108193479478359 0.078078605234623 0.225796058773994 0.114057920873165 0.0282522793859243 0.0304341111332178 0.0188319440931082 0.0515168569982052 0.0222424156963825 0.0266969352960587 0.0866122841835022 0.032098151743412 0.0321889668703079 0.0536896660923958 0.0797489210963249 0.0891186147928238 0.0536556765437126 0.0428066998720169 0.0427000895142555 0.0400848239660263 0.0268148444592953 0.0262257736176252 0.0440589040517807 0.0407518483698368 0.0340458713471889 0.0279846601188183 0.0235843732953072 0.0156698785722256 0.0191196091473103 0.0269429124891758 0.031093729659915 0.0212482921779156
0.028918094933033 0.0293995589017868 0.0359743013978004 0.0215743649750948 0.0134743647649884 0.0173833016306162 0.0169161856174469 0.0110391927883029 0.0332867652177811 0.0140622993931174 0.057255994528532 0.204014405608177 0.136985406279564 0.13850000500679 0.0429719425737858 0.0773892849683762 0.171253994107246 0.0499788857996464 0.0299318842589855 0.0290470402687788 0.026112811639905 0.0279224123805761 0.0299330819398165 0.0516770780086517 0.109180301427841 0.0568771921098232 0.0498114451766014 0.0382266081869602 0.0329543501138687 0.052476242184639 0.0526609979569912 0.0391969792544842 0.0357079617679119 0.0340772904455662 0.0232506394386292 0.0296939946711063 0.0443256311118603 0.0299520716071129 0.0274000354111195 0.024006050080061 0.0184919945895672 0.0174879711121321 0.0175800751894712 0.0236674472689629 0.023281641304493 0.0327001512050629
0.0416386313736439 0.0407807305455208 0.0325469523668289 0.0200215447694063 0.0150822894647717 0.0232348777353764 0.0179568901658058 0.010193819180131 0.0347284153103828 0.0234129223972559 0.0869367197155952 0.038186077028513 0.208756819367409 0.0926351994276047 0.0318962521851063 0.100252464413643 0.0436551682651043 0.0323247723281384 0.0449884086847305 0.0445306487381458 0.0678570121526718 0.0328203141689301 0.0339607931673527 0.0854924768209457 0.0851613953709602 0.0690554976463318 0.0499264635145664 0.0383224971592426 0.0348148681223392 0.0331151038408279 0.0442090891301632 0.0351158417761326 0.0284144934266806 0.0311463568359613 0.0347672253847122 0.0256039910018444 0.0233726687729359 0.026861846446991 0.0193978156894445 0.017002122476697 0.0177347920835018 0.0187828652560711 0.0198159795254469 0.0195005685091019 0.0316662266850471 0.0384392663836479
0.0498554334044456 0.0369702465832233 0.0275535155087709 0.0217185076326132 0.0129713332280517 0.0434347912669182 0.0641238167881966 0.0250428784638643 0.0228091049939394 0.031599011272192 0.0373386479914188 0.183624058961868 0.0987299904227257 0.0476476959884167 0.0452093109488487 0.0456101335585117 0.0217402540147305 0.0258381515741348 0.0582654364407063 0.107193358242512 0.0344351343810558 0.0347544476389885 0.059523269534111 0.106730833649635 0.036915373057127 0.0414030067622662 0.064019076526165 0.0502353124320507 0.035375103354454 0.0314956195652485 0.0310731865465641 0.0360111705958843 0.0354692190885544 0.018886199221015 0.0237979497760534 0.0441825650632381 0.0266593713313341 0.0189685057848692 0.0165007431060076 0.0192633699625731 0.0222931895405054 0.0171086769551039 0.0268936138600111 0.0252884402871132 0.0368441417813301 0.024225290864706
0.033035334199667 0.0383859314024448 0.032348707318306 0.0245132762938738 0.014244613237679 0.0197063647210598 0.0714989081025124 0.0466374345123768 0.0737493112683296 0.12224780023098 0.071866512298584 0.0788003206253052 0.0468020550906658 0.031281691044569 0.0375519655644894 0.0193131826817989 0.0212869215756655 0.0907889828085899 0.0926603451371193 0.0455187894403934 0.0370698943734169 0.0383270420134068 0.0460209250450134 0.0316729359328747 0.0415646284818649 0.0314270593225956 0.0679027512669563 0.0617187134921551 0.0443597622215748 0.0301504619419575 0.0236104670912027 0.0220571924000978 0.0456772223114967 0.0341631434857845 0.0252504665404558 0.0231998898088932 0.0160852093249559 0.013800909742713 0.0303424764424562 0.0282384194433689 0.0269178878515959 0.0162793379276991 0.0232237074524164 0.0499400272965431 0.0337252914905548 0.0209788121283054
0.0390186943113804 0.0482604131102562 0.0423475205898285 0.0237805675715208 0.0186846069991589 0.0188546683639288 0.0206999834626913 0.050457775592804 0.0598210319876671 0.0463556498289108 0.0354454927146435 0.0449374988675117 0.0421984158456326 0.0280534140765667 0.0244253631681204 0.0223652757704258 0.0345427878201008 0.0831505805253983 0.0691046416759491 0.0398170240223408 0.0420421250164509 0.0334530360996723 0.0339326038956642 0.0361730009317398 0.025047866627574 0.047104150056839 0.209117367863655 0.140569671988487 0.0668826699256897 0.0331103168427944 0.0207777936011553 0.0986364632844925 0.0545849539339542 0.0408409871160984 0.0227920431643724 0.0170290376991034 0.0177716519683599 0.0191841665655375 0.041284054517746 0.0318355970084667 0.0265019815415144 0.018560940399766 0.0202234890311956 0.0297955479472876 0.0344677641987801 0.0231696274131536
0.111054271459579 0.0945758000016212 0.0319603346288204 0.0284797493368387 0.0240870825946331 0.0233555994927883 0.0219018328934908 0.0238147862255573 0.0415543355047703 0.0263021849095821 0.0397482626140118 0.0390130393207073 0.0341982990503311 0.0249438304454088 0.0225894283503294 0.0447715409100056 0.0406927764415741 0.0617250800132751 0.0509797446429729 0.0468239225447178 0.0384942814707756 0.0248068515211344 0.0743580162525177 0.0343332439661026 0.026084067299962 0.0300696399062872 0.117385178804398 0.195441246032715 0.111376315355301 0.0510768368840218 0.0217034369707108 0.0731097906827927 0.0299425683915615 0.0242114253342152 0.0170942265540361 0.0174269061535597 0.0171440336853266 0.0225355643779039 0.0266448762267828 0.0400706566870213 0.0502099134027958 0.0243870113044977 0.023759638890624 0.0401410087943077 0.0308102127164602 0.0229655411094427
0.0987166836857796 0.0952012985944748 0.0320808179676533 0.0337457954883575 0.0347425676882267 0.0316662602126598 0.0249435044825077 0.023470975458622 0.0287005584686995 0.0344242453575134 0.0479860864579678 0.0406608283519745 0.0303911063820124 0.0265020206570625 0.0404152236878872 0.0482459515333176 0.0439745858311653 0.0383501760661602 0.032988715916872 0.0374815203249454 0.0273078996688128 0.0582377314567566 0.0641417950391769 0.0496187843382359 0.0225542206317186 0.0327589027583599 0.0662167519330978 0.0585775189101696 0.0445242673158646 0.0381439551711082 0.0276515986770391 0.0310141034424305 0.0198650434613228 0.0198241882026196 0.016603322699666 0.0188877191394567 0.0180456023663282 0.0718436241149902 0.0867645293474197 0.0509394444525242 0.0226285792887211 0.0242449585348368 0.0309948399662971 0.0420821867883205 0.0296755265444517 0.0268027447164059
0.128243327140808 0.0935402736067772 0.0331177711486816 0.0292931068688631 0.0328134074807167 0.042685080319643 0.0441515296697617 0.025569686666131 0.0302151627838612 0.0371103249490261 0.0488608740270138 0.0514369793236256 0.0442408248782158 0.0347539857029915 0.0351473093032837 0.0348846204578876 0.0379761792719364 0.0319206565618515 0.0304482150822878 0.0298042427748442 0.0325783006846905 0.0338259115815163 0.0283821504563093 0.0266618896275759 0.0347984060645103 0.0374598801136017 0.0554772429168224 0.0479362569749355 0.0427330061793327 0.0324980020523071 0.0248666349798441 0.0199854355305433 0.0236334353685379 0.0277220867574215 0.0164715629070997 0.021808797493577 0.0365466810762882 0.0671811625361443 0.0681508630514145 0.0388303250074387 0.0217126868665218 0.0241229701787233 0.0298907179385424 0.0444071628153324 0.0338178537786007 0.0267015397548676
0.108348913490772 0.0879291519522667 0.0705084428191185 0.0303863044828176 0.0437435358762741 0.0314191915094852 0.0427057072520256 0.0443372428417206 0.0279079955071211 0.0307272784411907 0.0443996973335743 0.0902253165841103 0.05358025431633 0.0401152968406677 0.041329987347126 0.0387896597385406 0.0361045673489571 0.0379881300032139 0.0361839272081852 0.0351584032177925 0.0348956324160099 0.0339160524308681 0.0306838378310204 0.0233456324785948 0.039984755218029 0.0365534424781799 0.0583889968693256 0.0376353301107883 0.0249487869441509 0.0229909643530846 0.0232292916625738 0.0231012031435966 0.0392910949885845 0.0282066389918327 0.0215025022625923 0.0258938055485487 0.0458225272595882 0.0668783560395241 0.0514435693621635 0.0323238894343376 0.0240918472409248 0.0274425968527794 0.0285132993012667 0.0388522297143936 0.0406320579349995 0.0248477905988693
0.108380518853664 0.0960564464330673 0.0708910450339317 0.0631333366036415 0.085520327091217 0.0344891473650932 0.0341029316186905 0.0585940852761269 0.0393246077001095 0.0334526039659977 0.0470197238028049 0.0458297021687031 0.0543244555592537 0.0712294355034828 0.0741442367434502 0.0582287050783634 0.0394535884261131 0.0394050292670727 0.0357464998960495 0.0367479585111141 0.0344033800065517 0.0338905863463879 0.0300831440836191 0.0286340992897749 0.0359705053269863 0.036105539649725 0.0307232085615396 0.0253342129290104 0.0337751284241676 0.0349356196820736 0.0218936335295439 0.0262428559362888 0.0477845892310143 0.0341433510184288 0.03244399279356 0.0231279991567135 0.0218918770551682 0.0636482015252113 0.0676097720861435 0.0430852882564068 0.0338794067502022 0.0256677083671093 0.0286617800593376 0.0453318506479263 0.0556740313768387 0.0265594143420458
0.118321023881435 0.105580486357212 0.0827232822775841 0.0568231455981731 0.110268957912922 0.074725016951561 0.138778507709503 0.117904961109161 0.0452528744935989 0.052073560655117 0.0496033616364002 0.0530413314700127 0.0609695352613926 0.0524823516607285 0.0580957271158695 0.0507151037454605 0.0454003810882568 0.055341575294733 0.0344201475381851 0.0499348640441895 0.0396271124482155 0.0472979284822941 0.038796778768301 0.0416336841881275 0.0465731546282768 0.0301353204995394 0.0391610711812973 0.0378776453435421 0.0456403978168964 0.033785805106163 0.0268323011696339 0.0308750625699759 0.0415081456303596 0.0632591471076012 0.0370966456830502 0.0279209315776825 0.0271111242473125 0.0603694245219231 0.0439338460564613 0.0546842776238918 0.0377292707562447 0.033129945397377 0.0260722506791353 0.0367841720581055 0.0426627397537231 0.0316006243228912
0.156978294253349 0.191893130540848 0.107043512165546 0.0390739589929581 0.0430578365921974 0.0354954265058041 0.0412474386394024 0.139606207609177 0.0752102211117744 0.0738573744893074 0.0483820512890816 0.056477602571249 0.0511542372405529 0.0564267374575138 0.0617550574243069 0.0606571137905121 0.0617550574243069 0.0361905843019485 0.0393565446138382 0.0806686207652092 0.129993006587029 0.0845344737172127 0.0984027236700058 0.0925136730074883 0.0458374656736851 0.0458595380187035 0.0794152691960335 0.0633610934019089 0.0508097521960735 0.0325959175825119 0.0339352823793888 0.0353048890829086 0.0469305403530598 0.0559500530362129 0.0444181747734547 0.031227545812726 0.0315235070884228 0.0561246387660503 0.0418212562799454 0.0492463819682598 0.0363493226468563 0.0393194034695625 0.0297175832092762 0.0328423827886581 0.051055658608675 0.0560445040464401
0.216405764222145 0.167542815208435 0.10948196798563 0.0817095562815666 0.086386151611805 0.0355847179889679 0.04453070089221 0.0762882977724075 0.0812471359968185 0.059016827493906 0.052379384636879 0.0741583406925201 0.0601886957883835 0.0589010082185268 0.0734163075685501 0.0527836084365845 0.0419268868863583 0.0393390171229839 0.0435101799666882 0.0545526221394539 0.0533456169068813 0.0490583963692188 0.0471739582717419 0.0447872765362263 0.0485764481127262 0.053278848528862 0.068215899169445 0.0532217547297478 0.0380380190908909 0.0353653356432915 0.0463893711566925 0.0497765876352787 0.0437075458467007 0.0529495365917683 0.060921847820282 0.0452799424529076 0.0373665355145931 0.0567551031708717 0.0680314302444458 0.0599768087267876 0.0348809212446213 0.0474887937307358 0.0530597604811192 0.031813770532608 0.0365673452615738 0.058788426220417
0.259559452533722 0.203509464859962 0.149642825126648 0.0925871208310127 0.0549940094351768 0.131582513451576 0.0425876788794994 0.0714473128318787 0.0637377724051476 0.0858868509531021 0.062855564057827 0.114868171513081 0.0664879903197289 0.0692566111683846 0.133814364671707 0.0687876865267754 0.0782308280467987 0.083491139113903 0.058742418885231 0.0985794588923454 0.100699849426746 0.0536660850048065 0.0519007779657841 0.0614192746579647 0.0638240352272987 0.0607216730713844 0.0482484400272369 0.037019282579422 0.037397462874651 0.0444917716085911 0.0482954159379005 0.0652268305420876 0.0513797625899315 0.0695331245660782 0.180989906191826 0.0794710665941238 0.0706120431423187 0.0998605415225029 0.0881359204649925 0.0685582160949707 0.0484065003693104 0.0515188537538052 0.0530597604811192 0.0320697650313377 0.031795296818018 0.0348621159791946
