output/projections/02_LH/Myrcia silvatica.asc
NCOLS 168 
NROWS 144 
XLLCORNER -41.0001394455 
YLLCORNER -8.00013921734823 
CELLSIZE 0.0416666665 
NODATA_value -3.4e+38 
[rows 40 to 59 of 144, columns 0 to 45 of 168]
0.57238781452179 0.213076800107956 0.0606471598148346 0.0409553833305836 0.0651556998491287 0.0889292508363724 0.0546300038695335 0.0394736230373383 0.0286719556897879 0.0265935733914375 0.0357633717358112 0.418351799249649 0.419925838708878 0.145455345511436 0.0518060401082039 0.026656486093998 0.0182335712015629 0.0192432384938002 0.0185738261789083 0.0193485487252474 0.0243775565177202 0.0400244146585464 0.0296393502503633 0.0213161446154118 0.0234446637332439 0.0262644179165363 0.0159967225044966 0.0172681044787169 0.0372983850538731 0.181904315948486 0.066597193479538 0.0700839981436729 0.313808083534241 0.0787506550550461 0.103728517889977 0.405954539775848 0.127142980694771 0.0627678632736206 0.0538130514323711 0.0494382940232754 0.0572786293923855 0.0371634140610695 0.034528162330389 0.0491258017718792 0.0674474164843559 0.0920336991548538
0.523749709129333 0.629213094711304 0.150763437151909 0.0636953562498093 0.0471254102885723 0.0408088304102421 0.0597866736352444 0.0509926378726959 0.0302646420896053 0.032024409621954 0.0263636484742165 0.112375102937222 0.0767358765006065 0.046589333564043 0.0283185560256243 0.0210747718811035 0.0209683924913406 0.016081728041172 0.0207477901130915 0.016693277284503 0.0267781615257263 0.0822223573923111 0.0250967964529991 0.0176846999675035 0.0255855899304152 0.0256826784461737 0.0167477782815695 0.0161171834915876 0.0203748308122158 0.0282841119915247 0.0255051646381617 0.0253002028912306 0.0333420559763908 0.0774309858679771 0.0530775599181652 0.128906235098839 0.150386705994606 0.0532732456922531 0.0664480552077293 0.039307001978159 0.0360665693879128 0.0306959748268127 0.0385861992835999 0.0528886839747429 0.0540343336760998 0.103722080588341
0.526602804660797 0.660719633102417 0.447470933198929 0.0681737288832664 0.0444497726857662 0.0365436896681786 0.0606508180499077 0.0570494718849659 0.050560224801302 0.0551556833088398 0.0423971340060234 0.0397449769079685 0.0362090207636356 0.0239992868155241 0.0187178254127502 0.0220627319067717 0.0298985484987497 0.0159591771662235 0.0185770634561777 0.0219699386507273 0.025255125015974 0.0297183059155941 0.0176395010203123 0.014350101351738 0.0804139152169228 0.0316218622028828 0.0238454975187778 0.018172413110733 0.0205270126461983 0.0197129119187593 0.0228403899818659 0.0226138047873974 0.0215467251837254 0.0537991784512997 0.0945241302251816 0.056325800716877 0.0472536236047745 0.0419657565653324 0.0356868058443069 0.0351324491202831 0.0333279557526112 0.0289345216006041 0.0390759073197842 0.0562301985919476 0.0596569254994392 0.0879256501793861
0.56012761592865 0.648612856864929 0.328005105257034 0.0709793940186501 0.0478176884353161 0.0318435207009315 0.0897561013698578 0.0873904526233673 0.068747267127037 0.0592843480408192 0.0492328330874443 0.0372459068894386 0.0298499204218388 0.0272636339068413 0.016628248617053 0.0271362494677305 0.0266954433172941 0.0177616197615862 0.015820337459445 0.0198244154453278 0.0260320547968149 0.0272412337362766 0.0168703924864531 0.013069280423224 0.0221884734928608 0.0462693646550179 0.024459782987833 0.0195449311286211 0.0323490537703037 0.0312663204967976 0.0258487481623888 0.0168885085731745 0.0169745478779078 0.0265590474009514 0.0344110541045666 0.0264165997505188 0.0245429091155529 0.0433418415486813 0.0361349172890186 0.0377822518348694 0.0252420604228973 0.0254303440451622 0.0229835920035839 0.0301927458494902 0.0581486746668816 0.070155993103981
0.514811456203461 0.63660717010498 0.537442982196808 0.0903826877474785 0.0479143224656582 0.0473789982497692 0.0822421535849571 0.0723427981138229 0.0570501089096069 0.0466136634349823 0.0360674411058426 0.0375838503241539 0.0314668230712414 0.0321854390203953 0.0169490575790405 0.0220627319067717 0.0269403364509344 0.0181731190532446 0.0179008785635233 0.0187941435724497 0.0250644497573376 0.0251596104353666 0.0179561208933592 0.0165115799754858 0.0183084532618523 0.0168975666165352 0.0162871871143579 0.0176511015743017 0.0228732768446207 0.0280567016452551 0.021787254139781 0.0195344816893339 0.0229273047298193 0.0369755066931248 0.0370148606598377 0.0259096194058657 0.0464605763554573 0.0816704034805298 0.0443735793232918 0.0283975321799517 0.0299381893128157 0.0287020355463028 0.025365861132741 0.0301309134811163 0.041293241083622 0.0681335553526878
0.496002286672592 0.610250353813171 0.670104801654816 0.207994595170021 0.0657840296626091 0.0547588281333447 0.0556931048631668 0.0590743087232113 0.0492317005991936 0.0331202298402786 0.0353977903723717 0.0391198806464672 0.0418364368379116 0.0375375002622604 0.0172729343175888 0.016855001449585 0.0250747762620449 0.0214122347533703 0.0196704920381308 0.0192290972918272 0.0298677235841751 0.0213965326547623 0.0203416235744953 0.017393983900547 0.0151208024471998 0.0213808435946703 0.0149696255102754 0.0142449662089348 0.0198700744658709 0.0281677544116974 0.0228946302086115 0.0217355769127607 0.0166771840304136 0.0392534956336021 0.0356024168431759 0.0287511199712753 0.0307951252907515 0.0360442958772182 0.0335642956197262 0.0202821977436543 0.0262299347668886 0.037151712924242 0.0305158942937851 0.0279131419956684 0.0423562973737717 0.0388624370098114
0.48676198720932 0.585411489009857 0.665564596652985 0.620850026607513 0.0901763588190079 0.0597140528261662 0.0527507327497005 0.046500813215971 0.0335695296525955 0.0466136634349823 0.0324687398970127 0.0439635068178177 0.0524312183260918 0.0365667305886745 0.0184311550110579 0.0155466217547655 0.022575506940484 0.0279879383742809 0.0183656439185143 0.0273785479366779 0.0334383845329285 0.0183688439428806 0.0171518214046955 0.0191625971347094 0.0146085564047098 0.0224108938127756 0.0167718306183815 0.0151867615059018 0.0203849039971828 0.0320312306284904 0.0298456363379955 0.0230393949896097 0.0342491753399372 0.0300131365656853 0.021941851824522 0.0318831242620945 0.0332182683050632 0.0213714297860861 0.0204629395157099 0.0167379081249237 0.0277916453778744 0.0489058420062065 0.0361739173531532 0.0297782178968191 0.0496953576803207 0.0413813665509224
0.324676901102066 0.484840720891953 0.617509126663208 0.704349100589752 0.113152272999287 0.0542999394237995 0.0440735705196857 0.0288021489977837 0.0573226325213909 0.0538425147533417 0.0348597057163715 0.0538420043885708 0.0518637150526047 0.0254637729376554 0.0233408864587545 0.0194453094154596 0.0158547721803188 0.0162878222763538 0.0173653289675713 0.0251910760998726 0.0277610197663307 0.0220298077911139 0.0166780650615692 0.0177323911339045 0.0144416363909841 0.0195381287485361 0.0153201278299093 0.0137117179110646 0.0195797346532345 0.077689565718174 0.0275794118642807 0.0342234708368778 0.0348487570881844 0.0241962634027004 0.0184652674943209 0.0209365356713533 0.0314751900732517 0.0184329114854336 0.0263122636824846 0.0242843497544527 0.0264538209885359 0.0373135581612587 0.0382376089692116 0.0286564771085978 0.0461276173591614 0.05038782954216
0.306214451789856 0.523083925247192 0.607818424701691 0.679893612861633 0.108130015432835 0.0498306043446064 0.0286040548235178 0.0518456175923347 0.083310104906559 0.0492909997701645 0.0514890551567078 0.0519896596670151 0.0375192761421204 0.0213024765253067 0.0346601828932762 0.0222233776003122 0.0197537690401077 0.0147992186248302 0.0143945291638374 0.0159675423055887 0.0654832944273949 0.0289436671882868 0.0180709604173899 0.01706787571311 0.0163055490702391 0.0197662133723497 0.0199969056993723 0.0138703193515539 0.0198332034051418 0.0813192799687386 0.0441992543637753 0.040933508425951 0.0424448661506176 0.0254794005304575 0.0231705326586962 0.0215053539723158 0.0304932948201895 0.0172031857073307 0.0292086116969585 0.0271723307669163 0.0309416353702545 0.0396006256341934 0.0521280542016029 0.0313507579267025 0.0428117550909519 0.0499407351016998
0.28646245598793 0.441337138414383 0.573908507823944 0.601739943027496 0.0817574709653854 0.0443134047091007 0.0325872376561165 0.130442783236504 0.0940152630209923 0.0516763515770435 0.0481690987944603 0.03802590072155 0.0380443632602692 0.0227246470749378 0.0235187672078609 0.031750712543726 0.0237700212746859 0.0173288211226463 0.0151457926258445 0.015984907746315 0.0219178386032581 0.0190623607486486 0.0173751134425402 0.0205566398799419 0.0252726096659899 0.0220765992999077 0.0179033037275076 0.0284050647169352 0.0163191352039576 0.0480552576482296 0.0483957976102829 0.0538777150213718 0.0788416936993599 0.0353815741837025 0.0257983095943928 0.0174540113657713 0.0308207906782627 0.0189289506524801 0.0200839638710022 0.0419394634664059 0.0355402082204819 0.0515708550810814 0.0364613011479378 0.0292799025774002 0.0518015697598457 0.0548425205051899
0.331287324428558 0.460977226495743 0.568288803100586 0.546600222587585 0.226176902651787 0.112564012408257 0.225962698459625 0.13831290602684 0.0681753754615784 0.0548922494053841 0.036492332816124 0.03122085519135 0.0516760647296906 0.02414764277637 0.0202323570847511 0.0252883695065975 0.0277676321566105 0.0222877878695726 0.0180811155587435 0.0171212591230869 0.0214743465185165 0.0144919948652387 0.0130192367359996 0.0205932054668665 0.128114894032478 0.0290419906377792 0.0183148346841335 0.0210452899336815 0.0184176303446293 0.0267128795385361 0.0726122185587883 0.0484234355390072 0.0491283535957336 0.0264039691537619 0.0279012843966484 0.020827217027545 0.0159622002393007 0.0147246615961194 0.0172163359820843 0.0427664630115032 0.0552140660583973 0.0493896566331387 0.041100412607193 0.0398045219480991 0.0439952611923218 0.0604337863624096
0.367075562477112 0.240180090069771 0.389787495136261 0.491229951381683 0.579209923744202 0.613899827003479 0.645128428936005 0.289918035268784 0.0740682855248451 0.0422727167606354 0.0270026233047247 0.0466827228665352 0.0479353256523609 0.0224671047180891 0.0230839010328054 0.0212357584387064 0.0235049910843372 0.0262079462409019 0.0268144216388464 0.0154022136703134 0.0279279015958309 0.0205681603401899 0.0132015226408839 0.0141134141013026 0.0166441109031439 0.0263987202197313 0.0579815655946732 0.0199528597295284 0.0236888807266951 0.0887649208307266 0.0614789500832558 0.0267731994390488 0.0218938942998648 0.0231779385358095 0.0185833014547825 0.0144546534866095 0.0213050823658705 0.0174264367669821 0.0328519009053707 0.0390994921326637 0.0349181368947029 0.028534485027194 0.0341879390180111 0.058594111353159 0.0418847948312759 0.0660845562815666
0.217105686664581 0.150613695383072 0.264994025230408 0.326926827430725 0.50207245349884 0.521200895309448 0.604789912700653 0.188342928886414 0.0528759062290192 0.0345453768968582 0.0361415073275566 0.053777027875185 0.0447538532316685 0.0194726251065731 0.0269693080335855 0.0246262717992067 0.0208130069077015 0.0210556536912918 0.0286662690341473 0.0191920883953571 0.0177231188863516 0.0186755433678627 0.0150224016979337 0.0190689992159605 0.0169652197510004 0.0349719002842903 0.0182016454637051 0.0167376883327961 0.0301121938973665 0.103500455617905 0.0750830471515656 0.0311088990420103 0.0301799513399601 0.0224842242896557 0.0137521671131253 0.0193765480071306 0.0191467273980379 0.0163246002048254 0.038538184016943 0.0321685448288918 0.0335055366158485 0.0363823361694813 0.030053723603487 0.0535229593515396 0.045056514441967 0.0483953058719635
0.149594008922577 0.124506019055843 0.206908583641052 0.235242292284966 0.313482314348221 0.48804634809494 0.498914271593094 0.0954311490058899 0.0511749945580959 0.0389908999204636 0.0311269387602806 0.0380793288350105 0.0280428994446993 0.0200436990708113 0.0224820896983147 0.0306979361921549 0.023327212780714 0.020243726670742 0.0277080535888672 0.0202183127403259 0.0160265788435936 0.0220860000699759 0.0141447558999062 0.0186141636222601 0.0355836674571037 0.0176258105784655 0.0170983448624611 0.0183442905545235 0.0214531850069761 0.0349342077970505 0.0498701520264149 0.0408286526799202 0.0214268453419209 0.0202895198017359 0.00981944054365158 0.0252430755645037 0.0196610521525145 0.0264457426965237 0.0277117807418108 0.0262121893465519 0.0408768132328987 0.0331658236682415 0.0350711010396481 0.0448608994483948 0.0387460142374039 0.0546992421150208
0.104781910777092 0.0987311229109764 0.154206052422523 0.148423179984093 0.193250119686127 0.505910277366638 0.417408734560013 0.0791152194142342 0.0490283221006393 0.0408660024404526 0.0324023999273777 0.0277267936617136 0.0273107029497623 0.0178087931126356 0.0249633193016052 0.0347593575716019 0.0223726499825716 0.0210292432457209 0.0312633812427521 0.0173629969358444 0.015843715518713 0.0218912456184626 0.0181636419147253 0.0177100729197264 0.018123559653759 0.0178064312785864 0.0178319774568081 0.0183212179690599 0.0205736923962831 0.0427140109241009 0.0883531346917152 0.0343784093856812 0.0157426036894321 0.0170395318418741 0.0104562174528837 0.0151561936363578 0.0337906628847122 0.0266706943511963 0.0240277908742428 0.0292988810688257 0.0299029815942049 0.0235828291624784 0.0292380787432194 0.0527959614992142 0.0460767298936844 0.0541734434664249
0.12390062212944 0.0688567459583282 0.101062379777431 0.15374231338501 0.21730050444603 0.524375736713409 0.203184440732002 0.0473353080451488 0.0375483706593513 0.0401109680533409 0.0302790626883507 0.025507815182209 0.0190715249627829 0.0192942693829536 0.0186231173574924 0.0298985484987497 0.0200102441012859 0.0189738050103188 0.0305699594318867 0.0185011271387339 0.01811408624053 0.0187266059219837 0.0214789342135191 0.0149078015238047 0.018972547724843 0.0178520493209362 0.0170116890221834 0.0186029691249132 0.0194310527294874 0.0468275360763073 0.103516891598701 0.0417676940560341 0.0233888532966375 0.031934954226017 0.0158050730824471 0.0175909027457237 0.036834429949522 0.0198265612125397 0.0192250106483698 0.0279342457652092 0.02335992641747 0.0237922668457031 0.0343966260552406 0.0390366055071354 0.0472507290542126 0.0452435314655304
0.067221388220787 0.0510827787220478 0.136651828885078 0.102884612977505 0.288647472858429 0.436429500579834 0.0704726949334145 0.034394234418869 0.0331311747431755 0.0263836029917002 0.0271049384027719 0.0252880398184061 0.0199674908071756 0.0234893411397934 0.0214967019855976 0.0234680846333504 0.0199341606348753 0.0212439876049757 0.027748504653573 0.0221840087324381 0.016498290002346 0.0180944502353668 0.0235338229686022 0.0150224016979337 0.0159967225044966 0.0159384347498417 0.0170361138880253 0.0291576161980629 0.0307870171964169 0.0193043798208237 0.0795020163059235 0.147003039717674 0.148119881749153 0.114762581884861 0.0386540666222572 0.0170639958232641 0.033663984388113 0.0190218724310398 0.0225574914366007 0.0310518313199282 0.0229206029325724 0.0202294569462538 0.0396614260971546 0.0335931479930878 0.0401826538145542 0.0454892553389072
0.0459556877613068 0.0442540794610977 0.0585136115550995 0.100635692477226 0.359315633773804 0.241938933730125 0.0500435642898083 0.0332042202353477 0.0242736395448446 0.0265886336565018 0.0229416284710169 0.0283320769667625 0.0260659549385309 0.0196944326162338 0.0229067988693714 0.0228239167481661 0.0206819362938404 0.0196862779557705 0.0191472135484219 0.0310792736709118 0.0194945316761732 0.0192028842866421 0.0226213112473488 0.0178915411233902 0.0156540889292955 0.0182597413659096 0.0164518989622593 0.0185021478682756 0.0144883124157786 0.0474826507270336 0.180532291531563 0.169240429997444 0.0979232490062714 0.0484611578285694 0.0367865785956383 0.0307398308068514 0.0354421474039555 0.0262745637446642 0.0324307084083557 0.0253486838191748 0.0190812777727842 0.0205048564821482 0.0691986232995987 0.0389328561723232 0.036580391228199 0.0783196017146111
0.0364665724337101 0.0598378218710423 0.038988996297121 0.111116088926792 0.372504204511642 0.17671637237072 0.0348712019622326 0.0244584511965513 0.0224988888949156 0.0274749547243118 0.01832290366292 0.0285022910684347 0.027350589632988 0.0191759131848812 0.021473478525877 0.0248741749674082 0.0273480508476496 0.0191438794136047 0.0162062998861074 0.0214451383799314 0.0221955627202988 0.0302386786788702 0.0253526903688908 0.0177100729197264 0.0149082113057375 0.0203457176685333 0.0185937602072954 0.026838319376111 0.0164992026984692 0.0149222491309047 0.0723555088043213 0.0537471547722816 0.0924758091568947 0.0348694361746311 0.083140105009079 0.0940733924508095 0.0913023948669434 0.0468104667961597 0.0251218769699335 0.0212392117828131 0.0180427003651857 0.0170135404914618 0.0397227816283703 0.0721435472369194 0.0648520886898041 0.060156412422657
0.0432972386479378 0.0423413775861263 0.0386510789394379 0.120379418134689 0.363411039113998 0.0965267643332481 0.0283091887831688 0.0244626868516207 0.0257633328437805 0.0246807243674994 0.0194609183818102 0.0291189756244421 0.0241988115012646 0.0183648988604546 0.0235877819359303 0.0287248119711876 0.0260030180215836 0.0250451304018497 0.0202735066413879 0.0141044948250055 0.0245723146945238 0.0428440906107426 0.0197192244231701 0.0236164145171642 0.0158696994185448 0.0143686421215534 0.0208230540156364 0.0174224637448788 0.0212874691933393 0.0175062585622072 0.0435113124549389 0.0657426789402962 0.156642690300941 0.172117054462433 0.191512361168861 0.101118117570877 0.149359822273254 0.057769637554884 0.0232574455440044 0.0189094599336386 0.0226823482662439 0.0221459418535233 0.0212415065616369 0.0582332760095596 0.0672274678945541 0.0588119402527809
