output/projections/02_LH/Myrcia silvatica.asc
NCOLS 168 
NROWS 144 
XLLCORNER -41.0001394455 
YLLCORNER -8.00013921734823 
CELLSIZE 0.0416666665 
NODATA_value -3.4e+38 
[rows 80 to 99 of 144, columns 92 to 137 of 168]
0.0118988454341888 0.0175008550286293 0.0230901204049587 0.0218108333647251 0.0209930986166 0.0164087098091841 0.0199382063001394 0.0184479877352715 0.0108877466991544 0.0125529263168573 0.0121753886342049 0.012493391521275 0.0149130392819643 0.0112766399979591 0.012508874759078 0.0096979346126318 0.013380229473114 0.0110995071008801 0.0112013192847371 0.0118980566039681 0.0120533052831888 0.0121052255854011 0.0132204089313745 0.0157253295183182 0.0165083110332489 0.0184152107685804 0.0202019345015287 0.023997500538826 0.0238681528717279 0.0243825595825911 0.0364834852516651 0.0505959428846836 0.0800992920994759 0.0927926748991013 0.142239436507225 0.141960114240646 0.116942584514618 0.117292337119579 0.138824611902237 0.13946171104908 0.182132616639137 0.186539426445961 0.210107803344727 0.24721272289753 -3.4e+38 -3.4e+38
0.0129000917077065 0.0205119457095861 0.0214260052889585 0.0173590704798698 0.021153474226594 0.0196022689342499 0.0175069607794285 0.0101576820015907 0.011101002804935 0.0145619222894311 0.0133012412115932 0.0122243715450168 0.0158297270536423 0.0117634711787105 0.0140367774292827 0.00852803699672222 0.0127292852848768 0.0109440023079515 0.0120516773313284 0.0126056224107742 0.0119362818077207 0.013059115037322 0.016809256747365 0.0209212172776461 0.0181282311677933 0.0204184949398041 0.0223102066665888 0.0283476337790489 0.0277814250439405 0.028736786916852 0.0471863970160484 0.109127707779408 0.147682279348373 0.148558288812637 0.151215448975563 0.136120647192001 0.126925960183144 0.144937977194786 0.164821922779083 0.203968375921249 0.185389414429665 0.184410974383354 0.246068716049194 0.271442472934723 0.297118991613388 -3.4e+38
0.0133678037673235 0.0208097193390131 0.0208628661930561 0.0174645464867353 0.0161403454840183 0.0197487976402044 0.0135101210325956 0.00953852385282516 0.0111720468848944 0.0179710779339075 0.0145644694566727 0.011182744987309 0.0139859151095152 0.0176208820194006 0.0153638226911426 0.00908183678984642 0.0138144753873348 0.0124732162803411 0.0123956734314561 0.0131852207705379 0.0134253324940801 0.0138347614556551 0.0183878596872091 0.0268893837928772 0.0253959689289331 0.0246913582086563 0.0300943683832884 0.0369043238461018 0.0400912724435329 0.0494962446391582 0.0596740581095219 0.13427397608757 0.133108213543892 0.113692328333855 0.111101664602757 0.125906229019165 0.169992342591286 0.222327724099159 0.195527717471123 0.224628299474716 0.247846752405167 0.270693123340607 0.264938414096832 0.287092000246048 0.31635656952858 0.300311118364334
0.0150300906971097 0.0188437886536121 0.018772054463625 0.0200036000460386 0.016111996024847 0.0144725479185581 0.0115889236330986 0.0108578214421868 0.00782118644565344 0.0123576577752829 0.00992409884929657 0.0148486597463489 0.0123721500858665 0.0165127217769623 0.0157411433756351 0.00974638666957617 0.00996277201920748 0.00981229636818171 0.0112013192847371 0.012162116356194 0.0146439736708999 0.0122813312336802 0.0247090850025415 0.0401395335793495 0.0339841246604919 0.0315265096724033 0.038121048361063 0.0447943918406963 0.0640846937894821 0.0665042400360107 0.0737867280840874 0.0808167234063148 0.0857116729021072 0.0888205617666245 0.0833997279405594 0.0937164351344109 0.11874033510685 0.141850411891937 0.141614869236946 0.170836925506592 0.16828079521656 0.196497172117233 0.264683306217194 0.286569893360138 0.315253585577011 0.341389775276184
0.0181352328509092 0.019622715190053 0.0135072059929371 0.0127721950411797 0.0129268653690815 0.010808858089149 0.0114964917302132 0.0100025339052081 0.00958787184208632 0.00920652411878109 0.0101401470601559 0.0115160457789898 0.0143551463261247 0.0161048844456673 0.0149986334145069 0.0119936726987362 0.00976536143571138 0.0101241422817111 0.0107238898053765 0.0113096954301 0.0122011797502637 0.0138172805309296 0.0157437063753605 0.0280222240835428 0.0327252559363842 0.0310498755425215 0.039861973375082 0.0476855300366879 0.0685454159975052 0.0666347518563271 0.0704272761940956 0.072554737329483 0.0815043225884438 0.0878124311566353 0.0893407091498375 0.102721489965916 0.101899720728397 0.10069165378809 0.102435231208801 0.10964997112751 0.168305650353432 0.281638711690903 0.291808515787125 0.298963993787766 0.313861757516861 0.38227978348732
0.0198483131825924 0.0158807914704084 0.0105084292590618 0.00799884926527739 0.0164005681872368 0.0146417850628495 0.0109361754730344 0.00955064408481121 0.0143721345812082 0.01718476600945 0.0133993355557323 0.00999443419277668 0.0118524394929409 0.0145644694566727 0.0178176704794168 0.0147919049486518 0.0111709935590625 0.0116553623229265 0.0113188493996859 0.012121545150876 0.0130596412345767 0.0149014387279749 0.0215994585305452 0.0358294062316418 0.033179871737957 0.02974165789783 0.0300319194793701 0.0376527234911919 0.0513261146843433 0.05232809856534 0.0559675917029381 0.0554717406630516 0.0739724859595299 0.0697561204433441 0.0849972069263458 0.129786968231201 0.13934713602066 0.130848914384842 0.205629780888557 0.265774101018906 0.293128907680511 0.312505602836609 0.344256311655045 0.327200531959534 0.341946244239807 0.401100903749466
0.0143393194302917 0.0134370643645525 0.0110536320134997 0.0144399031996727 0.0196818374097347 0.0180031005293131 0.0112777035683393 0.0111075909808278 0.0119319334626198 0.0110724410042167 0.0126056168228388 0.0134060075506568 0.0108478693291545 0.0131829055026174 0.0147167630493641 0.0174171142280102 0.0117283286526799 0.0126648349687457 0.0121313482522964 0.0127440448850393 0.0140490718185902 0.0227301977574825 0.0276545807719231 0.0281506720930338 0.0287496987730265 0.0282108187675476 0.0272189695388079 0.0317270085215569 0.0359583124518394 0.0369931645691395 0.0436604395508766 0.0475050732493401 0.043562613427639 0.0591968037188053 0.074984073638916 0.102108374238014 0.136972874403 0.15264593064785 0.188663855195045 0.147176653146744 0.174444884061813 0.267374902963638 0.274947375059128 0.300011813640594 0.327745884656906 0.404162108898163
0.0130475042387843 0.0152351884171367 0.0198767278343439 0.01836715079844 0.0178205221891403 0.0123345302417874 0.0119030196219683 0.0117500079795718 0.0145525373518467 0.0157735180109739 0.00929239019751549 0.0178124364465475 0.0115510262548923 0.0120669472962618 0.0139658004045486 0.0145742623135448 0.0141910798847675 0.0132107967510819 0.012252408079803 0.0135292382910848 0.0141935693100095 0.0245387386530638 0.025453744456172 0.022852024063468 0.0209911894053221 0.0223569609224796 0.0248237419873476 0.024164829403162 0.0280404668301344 0.0307070706039667 0.0328386202454567 0.0524947829544544 0.0373608060181141 0.0459367744624615 0.0541588626801968 0.0645913630723953 0.0812810137867928 0.114912956953049 0.118351310491562 0.144975215196609 0.228490620851517 0.260842949151993 0.264703184366226 0.269715905189514 0.291242837905884 0.359342575073242
0.0117790149524808 0.0190539695322514 0.0155639825388789 0.0140350703150034 0.0107411118224263 0.0204244554042816 0.0100385192781687 0.0133048240095377 0.0129127781838179 0.0191449578851461 0.0168790314346552 0.0110814059153199 0.0113711645826697 0.0145787689834833 0.0137886768206954 0.0127930389717221 0.0128648933023214 0.013677105307579 0.0135401636362076 0.0121509833261371 0.0171564780175686 0.0245080683380365 0.01950503885746 0.0167691856622696 0.019141923636198 0.0327714905142784 0.0277085676789284 0.0270436611026525 0.0278205126523972 0.0291786026209593 0.0425122268497944 0.0713869333267212 0.0420433804392815 0.0482029542326927 0.0624807961285114 0.0773651823401451 0.111403770744801 0.162493988871574 0.180765315890312 0.204103633761406 0.190133929252625 0.255664795637131 0.341921836137772 0.335642606019974 0.383752554655075 0.427046895027161
0.0145458709448576 0.0149222416803241 0.0115826725959778 0.0138312084600329 0.0194131415337324 0.0169061906635761 0.0101650869473815 0.0100629506632686 0.00957661028951406 0.0139981359243393 0.0182468071579933 0.0167534314095974 0.0114149460569024 0.0131958667188883 0.0161098577082157 0.0137601429596543 0.0125260818749666 0.016358831897378 0.0149302929639816 0.0130224274471402 0.0172910783439875 0.0241734869778156 0.0178980808705091 0.0181758850812912 0.0232680570334196 0.0283991415053606 0.0259872749447823 0.0250202957540751 0.0228018537163734 0.0323902256786823 0.0708113089203835 0.073741115629673 0.0528234094381332 0.0573475062847137 0.0650626718997955 0.0906779021024704 0.121617265045643 0.175545483827591 0.210433959960938 0.268789827823639 0.316339999437332 0.336787641048431 0.363762110471725 0.356109797954559 0.367592662572861 0.41863951086998
0.0190399643033743 0.0105213392525911 0.0129582332447171 0.0113662518560886 0.0313760116696358 0.0180806703865528 0.0114100147038698 0.0187379326671362 0.0131669407710433 0.0135819334536791 0.0137986913323402 0.012419231235981 0.0130090992897749 0.0138347493484616 0.0160483606159687 0.0157720372080803 0.0127808200195432 0.015311524271965 0.0201420709490776 0.0162085313349962 0.0180904008448124 0.020917035639286 0.0232253223657608 0.0376423373818398 0.0221329983323812 0.0386744923889637 0.0327304676175117 0.0237603634595871 0.0291022043675184 0.0532047934830189 0.0919533297419548 0.0565083622932434 0.0552342794835567 0.0488465242087841 0.060582060366869 0.0750503391027451 0.104236036539078 0.134674102067947 0.171113446354866 0.20281495153904 0.308936506509781 0.34740623831749 0.403837382793427 0.444597810506821 0.43016391992569 0.449310749769211
0.0111032389104366 0.0105771478265524 0.010022540576756 0.0237976387143135 0.0412926971912384 0.0156339406967163 0.0104425456374884 0.0201170351356268 0.0197741650044918 0.0157451648265123 0.0125147793442011 0.0123363677412271 0.0143868271261454 0.0161070432513952 0.0161715857684612 0.0159568730741739 0.0148022556677461 0.0129538858309388 0.0160236284136772 0.0265640560537577 0.0197805557399988 0.039053525775671 0.0418170168995857 0.0262418780475855 0.044194832444191 0.0665152370929718 0.0464825294911861 0.0307245384901762 0.0830915793776512 0.0923366770148277 0.107672452926636 0.0611331947147846 0.0481672957539558 0.0614832639694214 0.0572068430483341 0.0634075403213501 0.0761368349194527 0.114272266626358 0.137185946106911 0.133751809597015 0.152692005038261 0.234777569770813 0.254185646772385 0.311894208192825 0.302667289972305 0.331079542636871
0.0153652662411332 0.0197113491594791 0.0189256761223078 0.0312481857836246 0.0304445754736662 0.0137032438069582 0.0173965878784657 0.0130120739340782 0.0218837037682533 0.0195718947798014 0.0143518624827266 0.0139279123395681 0.0176010578870773 0.015477935783565 0.016154021024704 0.0151244942098856 0.0142639698460698 0.0137716373428702 0.0168643463402987 0.0301808640360832 0.0468654148280621 0.0685079172253609 0.0411839038133621 0.0636500343680382 0.0947968661785126 0.100645832717419 0.0473288260400295 0.0514151938259602 0.0760936215519905 0.0840431600809097 0.0789968147873878 0.0615809299051762 0.0442225560545921 0.0509819574654102 0.057558000087738 0.0721355602145195 0.0833111926913261 0.0872264876961708 0.0769854336977005 0.145661324262619 0.231274664402008 0.329701155424118 0.362858891487122 0.31108084321022 0.33249419927597 0.442699432373047
0.0170862190425396 0.0299291145056486 0.0428548045456409 0.0453803054988384 0.0128030246123672 0.0166642386466265 0.0260003451257944 0.0217071976512671 0.0163384210318327 0.0180250722914934 0.0177326649427414 0.0137444203719497 0.0158501416444778 0.0175400879234076 0.0155078954994678 0.018101779744029 0.0166960246860981 0.0183512177318335 0.0220302008092403 0.0704075321555138 0.0966669395565987 0.0784397646784782 0.0543252751231194 0.0503879524767399 0.0904923900961876 0.052357841283083 0.050322100520134 0.0416207686066628 0.0516512095928192 0.0617703199386597 0.0469807907938957 0.0447338111698627 0.0453746169805527 0.0331663973629475 0.0475829243659973 0.0467019267380238 0.0462564304471016 0.0642510801553726 0.107024304568768 0.227808460593224 0.288052618503571 0.311104476451874 0.302412807941437 0.317338943481445 0.424533039331436 0.457197546958923
0.0403518006205559 0.120814763009548 0.0655594393610954 0.0385741107165813 0.0180874690413475 0.0174129195511341 0.0300147831439972 0.0262644905596972 0.0177462119609118 0.0195753015577793 0.0191119518131018 0.0159639399498701 0.0172438453882933 0.027980625629425 0.0164005868136883 0.0134972436353564 0.0199387837201357 0.032450508326292 0.0540080592036247 0.175566866993904 0.13889279961586 0.0639889985322952 0.0816339403390884 0.0519915819168091 0.0457065068185329 0.0321546532213688 0.03758904337883 0.0390566326677799 0.0377874299883842 0.0347907394170761 0.0439455173909664 0.0345515571534634 0.0518453419208527 0.0459445528686047 0.0426473654806614 0.0462720952928066 0.0721812322735786 0.0910689532756805 0.193580806255341 0.245775476098061 0.239378198981285 0.241447985172272 0.249003261327744 0.382830440998077 0.422974914312363 0.451830148696899
0.28326740860939 0.232476055622101 0.0640378817915916 0.0245775859802961 0.0236709322780371 0.019238667562604 0.0183811970055103 0.0221323650330305 0.0258996803313494 0.0179342962801456 0.0215962696820498 0.0140375439077616 0.0183364655822515 0.016028568148613 0.0152411535382271 0.0165032241493464 0.0485236383974552 0.101563066244125 0.117709346115589 0.193265438079834 0.139024958014488 0.0606852807104588 0.0461493507027626 0.0393545925617218 0.0316111668944359 0.0277659650892019 0.0242269933223724 0.0245577357709408 0.0276806969195604 0.041683953255415 0.0299680791795254 0.0415979698300362 0.042039018124342 0.0600910745561123 0.0518292672932148 0.0649864226579666 0.0868309289216995 0.0922293737530708 0.114785455167294 0.143579319119453 0.140226379036903 0.227410539984703 0.363171994686127 0.373238325119019 0.394029080867767 0.420797556638718
0.385588437318802 0.148188859224319 0.0474444217979908 0.0178415589034557 0.0197084583342075 0.019266227260232 0.0160625912249088 0.0435698740184307 0.0267132893204689 0.0589222386479378 0.0236630663275719 0.0338397659361362 0.0192873869091272 0.0189535859972239 0.0479065105319023 0.067745141685009 0.132823511958122 0.216011703014374 0.213898822665215 0.183336108922958 0.105887524783611 0.0655195266008377 0.0393803901970387 0.0388987623155117 0.0763067156076431 0.0261063165962696 0.0211199726909399 0.0372868031263351 0.0387242808938026 0.0509410314261913 0.0343266017735004 0.0359399281442165 0.0401317775249481 0.0665517970919609 0.0541791655123234 0.0525892004370689 0.0646235421299934 0.0778318718075752 0.123695626854897 0.157020404934883 0.238614156842232 0.33441749215126 0.378343790769577 0.413386315107346 0.387060523033142 0.443014740943909
0.160052627325058 0.105702735483646 0.023294985294342 0.0191467497497797 0.0169048551470041 0.0196437500417233 0.0269311498850584 0.0382974296808243 0.0467121191322803 0.169759273529053 0.219847038388252 0.0806910619139671 0.0579818114638329 0.0846107378602028 0.210014775395393 0.200968563556671 0.21860060095787 0.278545826673508 0.247122570872307 0.174837708473206 0.0720095634460449 0.0573835633695126 0.0339170657098293 0.12940688431263 0.0400147251784801 0.0354553833603859 0.0388233885169029 0.0698659494519234 0.0570965856313705 0.0688474178314209 0.0344615913927555 0.0447431616485119 0.0726448148488998 0.0816157460212708 0.0489461235702038 0.052808441221714 0.084810771048069 0.130653709173203 0.179311692714691 0.224016234278679 0.25369718670845 0.319378107786179 0.333589345216751 0.331645429134369 0.364031970500946 0.496633023023605
0.0508808344602585 0.0359884686768055 0.0159622188657522 0.0228179022669792 0.0164874941110611 0.022833738476038 0.0440762117505074 0.037042211741209 0.036967359483242 0.0521261803805828 0.101575501263142 0.188425660133362 0.251864910125732 0.251710742712021 0.30473929643631 0.17693130671978 0.235181570053101 0.228055238723755 0.082663394510746 0.133125439286232 0.158664479851723 0.0555703938007355 0.0783344656229019 0.159348472952843 0.10452414304018 0.143036589026451 0.0995928421616554 0.070883147418499 0.111908368766308 0.0840841606259346 0.0433398522436619 0.0710477456450462 0.0857277736067772 0.0795993283390999 0.0735207125544548 0.0697270035743713 0.097529374063015 0.11393316835165 0.141128256917 0.176679655909538 0.225001752376556 0.224353209137917 0.18388469517231 0.354940980672836 0.304260849952698 0.344190537929535
0.02429567463696 0.0157248843461275 0.0178391728550196 0.0227465480566025 0.019485205411911 0.0289276838302612 0.0612944439053535 0.058950986713171 0.0289737060666084 0.0456422865390778 0.253637135028839 0.296589195728302 0.125172331929207 0.177165701985359 0.118142016232014 0.0880233719944954 0.0659593269228935 0.0572546012699604 0.0678089335560799 0.0587863959372044 0.107076302170753 0.0585438683629036 0.123611211776733 0.191010981798172 0.131699681282043 0.105723805725574 0.0787708386778831 0.0644785538315773 0.103310033679008 0.0593062937259674 0.0790723040699959 0.087628036737442 0.0829027891159058 0.0748905465006828 0.0826418697834015 0.073495626449585 0.0824033096432686 0.102588415145874 0.112468205392361 0.130780875682831 0.141775965690613 0.150257185101509 0.16881051659584 0.388583451509476 0.288287907838821 0.541807770729065
