output/projections/02_LH/Scinax nebulosus.asc
NCOLS 168 
NROWS 144 
XLLCORNER -41.0001394455 
YLLCORNER -8.00013921734823 
CELLSIZE 0.0416666665 
NODATA_value -3.4e+38 
[rows 120 to 139 of 144, columns 0 to 45 of 168]
0.0499002039432526 0.0498633049428463 0.0448937155306339 0.0760563462972641 0.0709865167737007 0.0613157041370869 0.0603931769728661 0.0612261444330215 0.0663009807467461 0.0962015837430954 0.0931814759969711 0.0680107325315475 0.0584849789738655 0.0894236266613007 0.0736389383673668 0.0601702481508255 0.0962015837430954 0.104372188448906 0.14250947535038 0.133409678936005 0.117932200431824 0.0706078410148621 0.109022833406925 0.127031669020653 0.0948966816067696 0.111145250499249 0.0906608030200005 0.112645775079727 0.208603218197823 0.338161885738373 0.471676498651505 0.490044623613358 0.392782628536224 0.220862671732903 0.144740208983421 0.163358122110367 0.210284203290939 0.366205513477325 0.384391635656357 0.451664477586746 0.662015616893768 0.703836739063263 0.497550338506699 0.723982870578766 0.650880515575409 0.494046688079834
0.11381047219038 0.0842122137546539 0.107759371399879 0.0568828321993351 0.0735640749335289 0.0621451772749424 0.0813795179128647 0.0938544943928719 0.077496662735939 0.0767894014716148 0.0624880269169807 0.0655024200677872 0.0785926282405853 0.0944652482867241 0.0753742158412933 0.0719404965639114 0.101582705974579 0.144869118928909 0.121544867753983 0.100667677819729 0.0865959152579308 0.0944652482867241 0.109411366283894 0.097966380417347 0.12414439022541 0.152636647224426 0.116733856499195 0.118825785815716 0.189348384737968 0.372492402791977 0.416991323232651 0.393466293811798 0.380108892917633 0.281024307012558 0.187358275055885 0.261106908321381 0.265585094690323 0.347428739070892 0.355240345001221 0.434194773435593 0.438890874385834 0.484170258045197 0.336746275424957 0.499307692050934 0.5622239112854 0.675185561180115
0.118080317974091 0.145045503973961 0.085012324154377 0.0692944452166557 0.0639287531375885 0.076319582760334 0.0698624029755592 0.0865854844450951 0.0743285939097404 0.0854089930653572 0.0736389383673668 0.0782289057970047 0.103902623057365 0.0940355733036995 0.137535870075226 0.0778667330741882 0.0931814759969711 0.128482311964035 0.145245775580406 0.0869948640465736 0.14141009747982 0.104843631386757 0.10727596282959 0.0869948640465736 0.172659903764725 0.179227128624916 0.17149792611599 0.225542306900024 0.212788343429565 0.188577011227608 0.222765147686005 0.177598968148232 0.208961308002472 0.283908516168594 0.306524097919464 0.353909134864807 0.369717180728912 0.299050241708755 0.287753224372864 0.380764096975327 0.338123470544815 0.451858580112457 0.37886306643486 0.32361975312233 0.338337272405624 0.556748807430267
0.127653166651726 0.0934709161520004 0.100495614111423 0.0926229134202003 0.0612261444330215 0.081936277449131 0.0936076492071152 0.0898343175649643 0.0858029872179031 0.129613727331161 0.117616668343544 0.0927570387721062 0.14954237639904 0.0962015837430954 0.133058935403824 0.100667677819729 0.0890146270394325 0.117616668343544 0.126465082168579 0.11089139431715 0.134699061512947 0.0919133722782135 0.150704860687256 0.0846259295940399 0.156606391072273 0.133299276232719 0.180725440382957 0.229998916387558 0.347015202045441 0.177878171205521 0.132240310311317 0.274582356214523 0.324378907680511 0.44224739074707 0.63123482465744 0.4264075756073 0.346130520105362 0.59901487827301 0.487507849931717 0.34540468454361 0.365924119949341 0.277531445026398 0.363129854202271 0.544294774532318 0.408472955226898 0.308622360229492
0.082633450627327 0.087349995970726 0.0598541498184204 0.0906608030200005 0.0739830285310745 0.0673754289746284 0.114721104502678 0.139222323894501 0.11089139431715 0.110650725662708 0.139097616076469 0.111145250499249 0.133058935403824 0.130182608962059 0.108683243393898 0.114518471062183 0.116575941443443 0.115543223917484 0.137062981724739 0.117932200431824 0.127137631177902 0.0962015837430954 0.14153653383255 0.0782289057970047 0.0975224897265434 0.139347121119499 0.228771507740021 0.370667994022369 0.485253125429153 0.240489080548286 0.0993088558316231 0.142743080854416 0.282253235578537 0.392534404993057 0.607716083526611 0.59224271774292 0.694150567054749 0.719754219055176 0.37462455034256 0.431999862194061 0.410151273012161 0.294612884521484 0.251873403787613 0.426578253507614 0.469665855169296 0.285729944705963
0.0625915303826332 0.0537809990346432 0.0549951754510403 0.0773541256785393 0.0696233585476875 0.0676923915743828 0.0767894014716148 0.131089419126511 0.0966401025652885 0.106269247829914 0.12025374174118 0.15186370909214 0.14030747115612 0.110650725662708 0.10112427175045 0.114826776087284 0.157410353422165 0.132489264011383 0.167830169200897 0.137783020734787 0.0936076492071152 0.0894236266613007 0.120051756501198 0.100212909281254 0.0886073186993599 0.154350370168686 0.267807692289352 0.430573105812073 0.473709464073181 0.222404897212982 0.117775797843933 0.157111689448357 0.208431422710419 0.276141345500946 0.477952033281326 0.627896130084991 0.760585069656372 0.587814033031464 0.347684234380722 0.328080058097839 0.361285299062729 0.387229681015015 0.359205186367035 0.288411438465118 0.259186059236526 0.204493314027786
0.0548011288046837 0.0625458657741547 0.0756858512759209 0.0645027384161949 0.0750241801142693 0.0746756419539452 0.0808075740933418 0.0975224897265434 0.0680107325315475 0.0850166454911232 0.110202603042126 0.219313442707062 0.178933665156364 0.10579214990139 0.0789578855037689 0.121646896004677 0.19155564904213 0.220176443457603 0.260370463132858 0.242730796337128 0.0743285939097404 0.087395466864109 0.141779243946075 0.146250575780869 0.118140041828156 0.164189994335175 0.25040403008461 0.32746759057045 0.394957840442657 0.236846432089806 0.149145647883415 0.246789664030075 0.251301527023315 0.22924716770649 0.34859025478363 0.489763051271439 0.704884827136993 0.668066203594208 0.594128131866455 0.379823237657547 0.410382360219955 0.39032307267189 0.231585964560509 0.297379225492477 0.203675404191017 0.395663321018219
0.0684429407119751 0.0726819783449173 0.0631543174386024 0.0634065195918083 0.0685822442173958 0.0709388479590416 0.0757257491350174 0.0673754289746284 0.0702782571315765 0.0789578855037689 0.119612738490105 0.249834388494492 0.300343096256256 0.221715226769447 0.100212909281254 0.0970804020762444 0.143615961074829 0.193268299102783 0.266618311405182 0.23486003279686 0.0716051757335663 0.103434920310974 0.141283750534058 0.151216566562653 0.157525703310966 0.170501440763474 0.200109750032425 0.230537220835686 0.267008781433105 0.289659529924393 0.302023619413376 0.285906970500946 0.265382081270218 0.222195267677307 0.296691298484802 0.359385579824448 0.538003265857697 0.727369070053101 0.716869533061981 0.396577298641205 0.320134162902832 0.283856183290482 0.193241536617279 0.184299290180206 0.147490411996841 0.531050205230713
0.0721281841397285 0.0597610734403133 0.0577693916857243 0.0604823306202888 0.061546552926302 0.0630803629755974 0.069950096309185 0.128705993294716 0.111643470823765 0.0750241801142693 0.113149866461754 0.160613536834717 0.193728864192963 0.257639348506927 0.172499015927315 0.113655917346478 0.102969087660313 0.146489277482033 0.208288013935089 0.20466236770153 0.111145250499249 0.116468906402588 0.138495981693268 0.175554871559143 0.191233441233635 0.180109739303589 0.175542458891869 0.202691987156868 0.220325753092766 0.247564479708672 0.306505858898163 0.334790706634521 0.342897593975067 0.273305952548981 0.250518918037415 0.367072820663452 0.423101037740707 0.642553985118866 0.507637739181519 0.292956292629242 0.484993100166321 0.354346096515656 0.212454169988632 0.138838425278664 0.162931755185127 0.543541371822357
0.0581291653215885 0.0608579106628895 0.0602410100400448 0.0542292110621929 0.0610298290848732 0.0712712928652763 0.0664327964186668 0.143989905714989 0.169082447886467 0.0957648456096649 0.119883872568607 0.1193538159132 0.119883872568607 0.190135389566422 0.250762760639191 0.180995747447014 0.0886073186993599 0.121486239135265 0.175542458891869 0.197855278849602 0.141031354665756 0.10674823820591 0.139701440930367 0.175994887948036 0.188297986984253 0.242539510130882 0.242332562804222 0.2260582447052 0.225709199905396 0.277548640966415 0.246983215212822 0.285304814577103 0.375112444162369 0.377699494361877 0.301128536462784 0.281972914934158 0.321401506662369 0.32493194937706 0.455084830522537 0.375784367322922 0.551753640174866 0.489524364471436 0.25590056180954 0.248876214027405 0.484494537115097 0.350207686424255
0.0586397796869278 0.0793591886758804 0.0786268189549446 0.0579164028167725 0.0573861673474312 0.0630803629755974 0.0838493853807449 0.142128273844719 0.162387996912003 0.169778674840927 0.1193538159132 0.126961275935173 0.0931814759969711 0.14698913693428 0.222930580377579 0.251138001680374 0.12926472723484 0.0890146270394325 0.16034460067749 0.223276570439339 0.182648122310638 0.0970804020762444 0.120999455451965 0.156331598758698 0.194217130541801 0.281041651964188 0.38966178894043 0.378903448581696 0.167213723063469 0.234985455870628 0.105316951870918 0.240093350410461 0.339036732912064 0.392245292663574 0.46286353468895 0.337890535593033 0.265551626682281 0.231710165739059 0.293100863695145 0.269496738910675 0.245823428034782 0.395104110240936 0.328501343727112 0.344013214111328 0.566896200180054 0.351097166538239
0.0724134519696236 0.0851139798760414 0.0556301102042198 0.0534205734729767 0.0568440556526184 0.0962015837430954 0.159133180975914 0.198006927967072 0.155646353960037 0.133810296654701 0.128081262111664 0.114673957228661 0.0936076492071152 0.123651422560215 0.176562130451202 0.245871156454086 0.223969697952271 0.0894236266613007 0.145850390195847 0.241044253110886 0.251138001680374 0.0890146270394325 0.10674823820591 0.141526103019714 0.18614561855793 0.286154597997665 0.405581772327423 0.476717710494995 0.167927652597427 0.171893283724785 0.122564718127251 0.158909037709236 0.253151625394821 0.318983763456345 0.357071280479431 0.310337781906128 0.389353066682816 0.333613485097885 0.240981474518776 0.17211152613163 0.197319358587265 0.254499226808548 0.283803880214691 0.396038144826889 0.478126168251038 0.519409537315369
0.0659840255975723 0.0617266707122326 0.0569111444056034 0.0539319030940533 0.0579331256449223 0.0607420355081558 0.109171777963638 0.202691987156868 0.209449574351311 0.162246450781822 0.0966401025652885 0.110648974776268 0.106269247829914 0.109171777963638 0.142128273844719 0.224498003721237 0.264232933521271 0.144343644380569 0.122024454176426 0.250942289829254 0.296527832746506 0.0804345011711121 0.0830793231725693 0.108683243393898 0.172511264681816 0.281849026679993 0.418996393680573 0.412378132343292 0.251693457365036 0.191193640232086 0.158909037709236 0.102042987942696 0.140964835882187 0.158237457275391 0.12310703843832 0.199084520339966 0.425560027360916 0.385995388031006 0.310096681118011 0.221820846199989 0.165752395987511 0.209895998239517 0.272892653942108 0.44385489821434 0.355658352375031 0.310078322887421
0.0561886243522167 0.062266793102026 0.0631238669157028 0.0732316076755524 0.0627835392951965 0.0534360706806183 0.0719404965639114 0.138724073767662 0.183400735259056 0.251138001680374 0.169497489929199 0.111643470823765 0.0906608030200005 0.0850166454911232 0.125849649310112 0.210111394524574 0.277565836906433 0.27373668551445 0.117775797843933 0.231941372156143 0.263255566358566 0.0846259295940399 0.0886073186993599 0.120415955781937 0.175253748893738 0.261123448610306 0.370182454586029 0.42413866519928 0.288589745759964 0.196865886449814 0.164012119174004 0.118299782276154 0.15756818652153 0.132067769765854 0.115699924528599 0.102969087660313 0.200374469161034 0.324513047933578 0.344698935747147 0.313784420490265 0.249559000134468 0.169970616698265 0.309224903583527 0.429489433765411 0.36333093047142 0.205596834421158
0.0765403136610985 0.0588465705513954 0.076292596757412 0.0838493853807449 0.0601702481508255 0.0584849789738655 0.097966380417347 0.0651950016617775 0.13328243792057 0.217388406395912 0.253610402345657 0.184455841779709 0.110154643654823 0.103902623057365 0.128644406795502 0.10112427175045 0.253610402345657 0.316875249147415 0.148376449942589 0.128644406795502 0.221356183290482 0.104372188448906 0.102042987942696 0.106269247829914 0.11416395008564 0.180854201316833 0.370647966861725 0.285499602556229 0.297778517007828 0.199430391192436 0.144039943814278 0.134392693638802 0.163677379488945 0.127520218491554 0.124746389687061 0.124746389687061 0.149075955152512 0.1193538159132 0.198296830058098 0.334095597267151 0.417476683855057 0.269718617200851 0.228343918919563 0.267145395278931 0.2260582447052 0.180379331111908
0.0611166767776012 0.0729522928595543 0.0702160075306892 0.0587627477943897 0.0676923915743828 0.0823156908154488 0.0736389383673668 0.0587627477943897 0.153277650475502 0.210442870855331 0.211280405521393 0.0962015837430954 0.195306092500687 0.170636579394341 0.112645775079727 0.0975224897265434 0.0966401025652885 0.156320288777351 0.256297200918198 0.183556690812111 0.156985238194466 0.126458451151848 0.122564718127251 0.0910766124725342 0.0648889169096947 0.0931814759969711 0.28757506608963 0.319265872240067 0.217713594436646 0.192606568336487 0.169619902968407 0.136158987879753 0.155897781252861 0.12095008045435 0.113655917346478 0.115699924528599 0.103902623057365 0.10250511020422 0.108683243393898 0.201195925474167 0.416759133338928 0.319699853658676 0.281814306974411 0.243242114782333 0.204295799136162 0.205937072634697
0.0686986520886421 0.0673727542161942 0.0676322653889656 0.0592107512056828 0.0651950016617775 0.0584849789738655 0.0514356233179569 0.0680107325315475 0.184756308794022 0.181743070483208 0.14698913693428 0.100212909281254 0.122024454176426 0.128696471452713 0.158056244254112 0.104372188448906 0.0785926282405853 0.097966380417347 0.156057208776474 0.185528591275215 0.170072332024574 0.180109739303589 0.128135904669762 0.10112427175045 0.0753742158412933 0.0746756419539452 0.145343199372292 0.341998606920242 0.203492715954781 0.149652987718582 0.135570138692856 0.136752083897591 0.130346536636353 0.109171777963638 0.122024454176426 0.124197870492935 0.117253825068474 0.127520218491554 0.118299782276154 0.120415955781937 0.183543831110001 0.265026539564133 0.281024307012558 0.210789009928703 0.154860973358154 0.141021072864532
0.0535127259790897 0.0544614233076572 0.0630803629755974 0.0655024200677872 0.0716051757335663 0.0495061501860619 0.0531820580363274 0.0664327964186668 0.124248385429382 0.116468906402588 0.115437015891075 0.17136225104332 0.138973012566566 0.10250511020422 0.103902623057365 0.110154643654823 0.0785926282405853 0.0793246999382973 0.0736389383673668 0.157525703310966 0.166272684931755 0.154735997319221 0.132240310311317 0.109171777963638 0.0869948640465736 0.0796930715441704 0.0850166454911232 0.132645785808563 0.175970003008842 0.134679242968559 0.161152496933937 0.172920703887939 0.136216536164284 0.102969087660313 0.105316951870918 0.111145250499249 0.112143643200397 0.113655917346478 0.117253825068474 0.101582705974579 0.197855278849602 0.189988359808922 0.210803285241127 0.188908934593201 0.181910693645477 0.155133649706841
0.0590393878519535 0.059774000197649 0.0670598521828651 0.0630803629755974 0.0757257491350174 0.0534360706806183 0.0565748102962971 0.0789578855037689 0.122024454176426 0.149531468749046 0.168230772018433 0.199624061584473 0.116987854242325 0.12414439022541 0.106269247829914 0.087395466864109 0.0811822265386581 0.0661213174462318 0.0716051757335663 0.135632425546646 0.130517169833183 0.157387599349022 0.145483106374741 0.123159855604172 0.102969087660313 0.0764333382248878 0.0757257491350174 0.083463542163372 0.122024454176426 0.131491899490356 0.139566108584404 0.139566108584404 0.15844938158989 0.124746389687061 0.100212909281254 0.136571273207664 0.107711918652058 0.112143643200397 0.11518594622612 0.105316951870918 0.140915676951408 0.103434920310974 0.190469413995743 0.198199555277824 0.133299276232719 0.152782440185547
0.0565725341439247 0.0682698115706444 0.060915581882 0.0590417571365833 0.0680107325315475 0.0560399107635021 0.0709388479590416 0.0869948640465736 0.0789578855037689 0.104372188448906 0.0767894014716148 0.107711918652058 0.0962015837430954 0.135398581624031 0.113151647150517 0.0823156908154488 0.0850166454911232 0.0616092495620251 0.0927570387721062 0.116215892136097 0.0854089930653572 0.0997599735856056 0.131089419126511 0.131316989660263 0.105316951870918 0.0729551762342453 0.0750241801142693 0.10250511020422 0.11518594622612 0.0811822265386581 0.103902623057365 0.142498984932899 0.13752569258213 0.133630722761154 0.0944652482867241 0.090246707201004 0.111145250499249 0.108683243393898 0.0919133722782135 0.0948966816067696 0.165300518274307 0.100667677819729 0.128035932779312 0.206988468766212 0.102087818086147 0.118040531873703
