output/projections/02_LH/Scinax nebulosus.asc
NCOLS 168 
NROWS 144 
XLLCORNER -41.0001394455 
YLLCORNER -8.00013921734823 
CELLSIZE 0.0416666665 
NODATA_value -3.4e+38 
[rows 20 to 39 of 144, columns 0 to 45 of 168]
0.102504678070545 0.0902799069881439 0.117291048169136 0.107373856008053 0.0890186280012131 0.133049249649048 0.102949723601341 0.127454414963722 0.101045340299606 0.104620158672333 0.0974386855959892 0.144510164856911 0.166347578167915 0.139277428388596 0.168564885854721 0.19030687212944 0.131933346390724 0.151088386774063 0.198358133435249 0.206458106637001 0.13992628455162 0.180694341659546 0.190304651856422 0.171044752001762 0.158705919981003 0.156734123826027 -3.4e+38 -3.4e+38 -3.4e+38 -3.4e+38 -3.4e+38 -3.4e+38 -3.4e+38 -3.4e+38 -3.4e+38 -3.4e+38 -3.4e+38 -3.4e+38 -3.4e+38 -3.4e+38 -3.4e+38 -3.4e+38 -3.4e+38 -3.4e+38 -3.4e+38 -3.4e+38
0.102932579815388 0.124389924108982 0.118970729410648 0.143839284777641 0.0865171924233437 0.112177215516567 0.126734346151352 0.119674026966095 0.0810304284095764 0.117120526731014 0.118065610527992 0.11468131095171 0.148540079593658 0.12779626250267 0.141557455062866 0.153352454304695 0.14524807035923 0.175732031464577 0.211646303534508 0.214158147573471 0.0873403549194336 0.134094953536987 0.184712365269661 0.154727205634117 0.185075163841248 0.160748362541199 0.136415109038353 0.14808976650238 -3.4e+38 -3.4e+38 -3.4e+38 -3.4e+38 -3.4e+38 -3.4e+38 -3.4e+38 -3.4e+38 -3.4e+38 -3.4e+38 -3.4e+38 -3.4e+38 -3.4e+38 -3.4e+38 -3.4e+38 -3.4e+38 -3.4e+38 -3.4e+38
0.117392964661121 0.119135208427906 0.147023022174835 0.170911908149719 0.0830939114093781 0.114804923534393 0.162268728017807 0.125908464193344 0.10267698764801 0.0751015990972519 0.138436630368233 0.105492234230042 0.13986936211586 0.14409351348877 0.13986936211586 0.128002405166626 0.159289091825485 0.165572181344032 0.19968269765377 0.187580585479736 0.0684394091367722 0.119632460176945 0.150770887732506 0.122859284281731 0.158841490745544 0.161509454250336 0.13623046875 0.159775823354721 0.157436564564705 0.135890305042267 -3.4e+38 -3.4e+38 -3.4e+38 -3.4e+38 -3.4e+38 -3.4e+38 -3.4e+38 -3.4e+38 -3.4e+38 -3.4e+38 -3.4e+38 -3.4e+38 -3.4e+38 -3.4e+38 -3.4e+38 -3.4e+38
0.125720158219337 0.14584693312645 0.153377637267113 0.196042522788048 0.0838254913687706 0.104392066597939 0.16518323123455 0.105767130851746 0.130508050322533 0.108013212680817 0.0817233696579933 0.157488137483597 0.130485683679581 0.139540731906891 0.133245944976807 0.154770061373711 0.159743338823318 0.13983516395092 0.217523247003555 0.162187069654465 0.0568110458552837 0.0994599312543869 0.12036918848753 0.135126829147339 0.135754302144051 0.11777525395155 0.127120479941368 0.117035672068596 0.111829116940498 0.155287474393845 0.128861039876938 0.12137620896101 -3.4e+38 -3.4e+38 -3.4e+38 -3.4e+38 -3.4e+38 -3.4e+38 -3.4e+38 -3.4e+38 -3.4e+38 -3.4e+38 -3.4e+38 -3.4e+38 -3.4e+38 -3.4e+38
0.15461952984333 0.156499400734901 0.206543669104576 0.259230464696884 0.0853813886642456 0.111691765487194 0.189997270703316 0.0905803591012955 0.143976643681526 0.174239739775658 0.0715147107839584 0.10960441082716 0.134531334042549 0.11792254447937 0.137363657355309 0.145520746707916 0.163037642836571 0.128072828054428 0.171860888600349 0.169002443552017 0.0484884418547153 0.0839426591992378 0.109956003725529 0.118324048817158 0.103685453534126 0.121020376682281 0.126369893550873 0.0738256648182869 0.111592136323452 0.13151578605175 0.127424627542496 0.134132847189903 0.159531280398369 0.189524471759796 -3.4e+38 -3.4e+38 -3.4e+38 -3.4e+38 -3.4e+38 -3.4e+38 -3.4e+38 -3.4e+38 -3.4e+38 -3.4e+38 -3.4e+38 -3.4e+38
0.203436836600304 0.210557460784912 0.324823021888733 0.298637181520462 0.0867137014865875 0.0869553461670876 0.231350496411324 0.119397789239883 0.144999608397484 0.180990681052208 0.0795559659600258 0.116068676114082 0.094751164317131 0.109781078994274 0.13282223045826 0.151526004076004 0.120083525776863 0.145024344325066 0.188818395137787 0.200229540467262 0.0422499254345894 0.088292770087719 0.112511225044727 0.104030057787895 0.0990526527166367 0.0995693206787109 0.0916599854826927 0.0683161169290543 0.0996702015399933 0.104494847357273 0.128692030906677 0.115618027746677 0.122608445584774 0.218062996864319 0.203367352485657 -3.4e+38 -3.4e+38 -3.4e+38 -3.4e+38 -3.4e+38 -3.4e+38 -3.4e+38 -3.4e+38 -3.4e+38 -3.4e+38 -3.4e+38
0.311456024646759 0.310559242963791 0.383290410041809 0.183078214526176 0.0806911215186119 0.101600870490074 0.226291507482529 0.176635399460793 0.182711020112038 0.143354028463364 0.10580288618803 0.0875952914357185 0.12664033472538 0.0921794250607491 0.103734813630581 0.130280405282974 0.122369445860386 0.149341017007828 0.186618804931641 0.153149306774139 0.0427021645009518 0.0540307424962521 0.099489338696003 0.0943302288651466 0.121025554835796 0.0967692881822586 0.0831549540162086 0.0575003921985626 0.0913248434662819 0.116796635091305 0.12722185254097 0.0703553929924965 0.097649909555912 0.154324144124985 0.217300549149513 0.223350033164024 0.225408807396889 -3.4e+38 -3.4e+38 -3.4e+38 -3.4e+38 -3.4e+38 -3.4e+38 -3.4e+38 -3.4e+38 -3.4e+38
0.287724912166595 0.419113367795944 0.257796794176102 0.20135523378849 0.106829769909382 0.0941053703427315 0.194912075996399 0.211187690496445 0.306730091571808 0.143910363316536 0.104891538619995 0.18353183567524 0.14886175096035 0.0802756622433662 0.106966435909271 0.0904223173856735 0.152566224336624 0.153607070446014 0.104249931871891 0.0888803377747536 0.054565604776144 0.0519352667033672 0.102564834058285 0.0915722474455833 0.0939287394285202 0.0883684232831001 0.0808399394154549 0.0545228943228722 0.0953414812684059 0.117683276534081 0.058972105383873 0.0728373304009438 0.112098664045334 0.14501516520977 0.173559054732323 0.173007190227509 0.211075365543365 0.249449446797371 0.195395022630692 -3.4e+38 -3.4e+38 -3.4e+38 -3.4e+38 -3.4e+38 -3.4e+38 -3.4e+38
0.256013810634613 0.491690337657928 0.263512253761292 0.252338320016861 0.129757225513458 0.100050732493401 0.19253320991993 0.306506127119064 0.200836539268494 0.143634900450706 0.125244215130806 0.16900634765625 0.216618418693542 0.0763086974620819 0.104040257632732 0.0797992423176765 0.145824953913689 0.180674448609352 0.0732015371322632 0.156064540147781 0.0492177195847034 0.0343862473964691 0.0805919170379639 0.0909595787525177 0.0883244127035141 0.100544042885303 0.0573770925402641 0.0716049075126648 0.125545635819435 0.0636976063251495 0.0725595504045486 0.104168117046356 0.117284692823887 0.124464474618435 0.125312030315399 0.128613010048866 0.148705661296844 0.211596101522446 0.136790990829468 0.2471833974123 0.228433027863503 -3.4e+38 -3.4e+38 -3.4e+38 -3.4e+38 -3.4e+38
0.30011722445488 0.485846370458603 0.380002558231354 0.269564777612686 0.165415897965431 0.130763426423073 0.179716825485229 0.438750237226486 0.229676231741905 0.144353985786438 0.181081011891365 0.15321184694767 0.25125116109848 0.0943279638886452 0.0625386238098145 0.0945467129349709 0.137180283665657 0.170090705156326 0.106044881045818 0.108376994729042 0.0394468419253826 0.0344431102275848 0.0897148177027702 0.0963244810700417 0.11861564218998 0.11443830281496 0.0368625521659851 0.100268803536892 0.0852534472942352 0.0516319796442986 0.0980918183922768 0.130212485790253 0.115846998989582 0.106883563101292 0.132471486926079 0.119183860719204 0.142614111304283 0.12957538664341 0.112943939864635 0.182405456900597 0.201473593711853 0.272713482379913 0.242046058177948 -3.4e+38 -3.4e+38 -3.4e+38
0.40223428606987 0.374508023262024 0.315256625413895 0.286046475172043 0.175230413675308 0.132830739021301 0.167598575353622 0.302706688642502 0.21098917722702 0.157762825489044 0.354477733373642 0.240320667624474 0.140653401613235 0.113565936684608 0.0636821240186691 0.142632693052292 0.0893038362264633 0.0933224111795425 0.141255602240562 0.153896242380142 0.022950129583478 0.0272645484656096 0.0836108550429344 0.163738965988159 0.105267949402332 0.0656879171729088 0.0402297787368298 0.0873792469501495 0.0431105643510818 0.0490238294005394 0.135162964463234 0.139669641852379 0.0698111057281494 0.125660210847855 0.151015937328339 0.107312470674515 0.12090802192688 0.131226286292076 0.113249622285366 0.160741791129112 0.180849373340607 0.193846613168716 0.271203130483627 0.209880352020264 -3.4e+38 -3.4e+38
0.315498322248459 0.271649301052094 0.324137926101685 0.338981479406357 0.265304923057556 0.174963608384132 0.142672941088676 0.226964518427849 0.155420109629631 0.288283586502075 0.465083092451096 0.319547742605209 0.203011408448219 0.196047529578209 0.111026376485825 0.0751570165157318 0.0509022176265717 0.0611469075083733 0.34737640619278 0.130071401596069 0.0257394965738058 0.0271360762417316 0.0993450209498405 0.117140226066113 0.0728767588734627 0.0477083548903465 0.0590393953025341 0.0532055646181107 0.0411598235368729 0.0507707670331001 0.127227544784546 0.0612175911664963 0.0744206830859184 0.124534115195274 0.16885769367218 0.107820965349674 0.0991261154413223 0.125789240002632 0.122746177017689 0.139060229063034 0.096566915512085 0.259128630161285 0.199813485145569 0.234497532248497 0.172871202230453 -3.4e+38
0.215654239058495 0.444660395383835 0.552472233772278 0.426406741142273 0.585625946521759 0.228183716535568 0.154670149087906 0.156793668866158 0.274347096681595 0.608202695846558 0.535764813423157 0.505131900310516 0.261445283889771 0.164804384112358 0.193141862750053 0.121872492134571 0.114811643958092 0.0788952186703682 0.157639563083649 0.0550761371850967 0.0258967150002718 0.0667409747838974 0.11157239228487 0.0828881338238716 0.0567271485924721 0.055692981928587 0.0604680813848972 0.0511525943875313 0.0535936914384365 0.0644772872328758 0.0504331290721893 0.0452596321702003 0.0757541805505753 0.116932980716228 0.164126604795456 0.144138783216476 0.0772342905402184 0.133149549365044 0.147407189011574 0.101445689797401 0.0802620649337769 0.191462606191635 0.191494703292847 0.143940076231956 0.227075397968292 0.220646515488625
0.470310121774673 0.341700315475464 0.142200350761414 0.89936101436615 0.678869843482971 0.324956029653549 0.182167142629623 0.116824567317963 0.157288804650307 0.170762673020363 0.380735993385315 0.793505549430847 0.478909760713577 0.284046441316605 0.304772019386292 0.189899891614914 0.175582051277161 0.136225506663322 0.0535254217684269 0.0259493216872215 0.0595033504068851 0.111359387636185 0.0716733038425446 0.0557138621807098 0.0448716357350349 0.0612038485705853 0.0623241141438484 0.0341564826667309 0.0585183836519718 0.0664880275726318 0.0418820716440678 0.0600180551409721 0.043348029255867 0.103588439524174 0.146074622869492 0.120340220630169 0.0575508736073971 0.0984308049082756 0.126137763261795 0.088238537311554 0.0871698185801506 0.108849540352821 0.183241367340088 0.147748857736588 0.206573575735092 0.118443049490452
0.408586800098419 0.130415692925453 0.1721171438694 0.828136146068573 0.679225146770477 0.31109806895256 0.418209433555603 0.163312777876854 0.129593372344971 0.211713492870331 0.21702766418457 0.779142796993256 0.39226832985878 0.649081528186798 0.216784343123436 0.128217831254005 0.137718960642815 0.138796001672745 0.0352725125849247 0.0281879715621471 0.125058650970459 0.0808231979608536 0.0684266537427902 0.0480023957788944 0.0463716611266136 0.0739671736955643 0.0446625240147114 0.0302147604525089 0.057562381029129 0.0499280504882336 0.0365683026611805 0.0571327432990074 0.0464422851800919 0.0651296302676201 0.0875790417194366 0.0893308371305466 0.080879233777523 0.0695308521389961 0.0784224420785904 0.0784906446933746 0.0605921037495136 0.122940637171268 0.166193351149559 0.14773990213871 0.101055175065994 0.0599217303097248
0.199726954102516 0.268631964921951 0.467664390802383 0.538150131702423 0.417782425880432 0.38502362370491 0.464584112167358 0.278063505887985 0.20723882317543 0.14941979944706 0.110877312719822 0.495128899812698 0.58809757232666 0.407235980033875 0.141825839877129 0.0968451127409935 0.0936891809105873 0.128159150481224 0.0298628285527229 0.0657228082418442 0.0576894171535969 0.0836834535002708 0.0554113388061523 0.0523336380720139 0.058319877833128 0.0714003518223763 0.034205436706543 0.0302504599094391 0.0495517663657665 0.0336761623620987 0.035285085439682 0.0348067544400692 0.0316984504461288 0.0352791994810104 0.0951552912592888 0.107075229287148 0.0881420597434044 0.0576951503753662 0.0685856267809868 0.0851973295211792 0.0406316034495831 0.132924467325211 0.160432279109955 0.117994867265224 0.0617917589843273 0.0565763898193836
0.125570893287659 0.390481412410736 0.750481903553009 0.782195150852203 0.474064499139786 0.558174014091492 0.440934181213379 0.220100209116936 0.298369467258453 0.115570992231369 0.0922630801796913 0.514748334884644 0.895745873451233 0.905585467815399 0.472589910030365 0.148777231574059 0.108028121292591 0.0557760447263718 0.0375232398509979 0.037659365683794 0.0356675386428833 0.0617438778281212 0.051255539059639 0.0556892454624176 0.0619738884270191 0.0405410714447498 0.0298761017620564 0.0265377312898636 0.0324583053588867 0.0241739321500063 0.0203246288001537 0.032696545124054 0.0183281488716602 0.130705446004868 0.206305861473083 0.274661213159561 0.0680188909173012 0.0721104666590691 0.066147193312645 0.0622482933104038 0.0532417856156826 0.110935062170029 0.135185837745667 0.0749422311782837 0.0422549210488796 0.0580796115100384
0.146394431591034 0.502178192138672 0.799596130847931 0.517475783824921 0.589835405349731 0.415437281131744 0.27528789639473 0.192237421870232 0.116000115871429 0.121420532464981 0.21676242351532 0.588758170604706 0.910461485385895 0.885827958583832 0.66392570734024 0.426582723855972 0.125471100211143 0.0479418970644474 0.0365800485014915 0.0316127873957157 0.0361301824450493 0.0515604317188263 0.0532626770436764 0.0485201776027679 0.0298535451292992 0.0521961972117424 0.0305465366691351 0.0201509278267622 0.0192593391984701 0.0162933003157377 0.0118797915056348 0.101554647088051 0.0489142946898937 0.100357532501221 0.324318766593933 0.325384974479675 0.104186497628689 0.0963017120957375 0.0518548972904682 0.0594101585447788 0.0831842869520187 0.0676923841238022 0.0630261078476906 0.038149856030941 0.0451531000435352 0.070587269961834
0.741413533687592 0.752938568592072 0.522462666034698 0.381237715482712 0.355400800704956 0.284852385520935 0.321976244449615 0.165968239307404 0.085414320230484 0.12724757194519 0.384156137704849 0.463561803102493 0.680874347686768 0.702220499515533 0.66012179851532 0.318635314702988 0.0687741562724113 0.0353397764265537 0.0323978997766972 0.0350226648151875 0.0351667404174805 0.0648335814476013 0.065610408782959 0.0383637025952339 0.02387903816998 0.0345882289111614 0.0164399817585945 0.0207720473408699 0.0116319321095943 0.0366933010518551 0.0517926774919033 0.0501349233090878 0.0807754173874855 0.286897003650665 0.477392345666885 0.147128134965897 0.152343213558197 0.034976415336132 0.061494953930378 0.0746319442987442 0.0809595063328743 0.0596691891551018 0.0331127196550369 0.0290811602026224 0.0465568602085114 0.068261057138443
0.867406904697418 0.817774772644043 0.36477518081665 0.213825806975365 0.137088462710381 0.689785301685333 0.582884550094604 0.13931342959404 0.0938938930630684 0.0722536668181419 0.264370024204254 0.587379276752472 0.310735940933228 0.347757369279861 0.346817791461945 0.110634863376617 0.0433453619480133 0.0367815792560577 0.0231512580066919 0.0380135253071785 0.0353794991970062 0.0711652114987373 0.0411490425467491 0.0282047428190708 0.0173463672399521 0.0267556589096785 0.0100412480533123 0.0351954288780689 0.0155606810003519 0.0216780267655849 0.0457263737916946 0.0387324839830399 0.147711232304573 0.230636820197105 0.20612645149231 0.238185033202171 0.107993602752686 0.0502866208553314 0.0397850014269352 0.0308933816850185 0.0664898157119751 0.0456335991621017 0.021859223023057 0.0302833821624517 0.0406115986406803 0.057388462126255
