output/projections/02_LH/Scinax nebulosus.asc
NCOLS 168 
NROWS 144 
XLLCORNER -41.0001394455 
YLLCORNER -8.00013921734823 
CELLSIZE 0.0416666665 
NODATA_value -3.4e+38 
[rows 80 to 99 of 144, columns 0 to 45 of 168]
0.446274757385254 0.422760426998138 0.512654602527618 0.234549716114998 0.144729629158974 0.152479082345963 0.125080928206444 0.112042494118214 0.085941419005394 0.137031987309456 0.0757579579949379 0.0702518448233604 0.100247122347355 0.112891890108585 0.0739200860261917 0.0557626783847809 0.0542857497930527 0.0424428954720497 0.0430287607014179 0.0394588075578213 0.0325598083436489 0.0253035593777895 0.0497190542519093 0.0598570927977562 0.0645528957247734 0.093956895172596 0.0579775981605053 0.113723024725914 0.0445827059447765 0.0646334066987038 0.092711053788662 0.114327996969223 0.148603081703186 0.0583000481128693 0.0369562804698944 0.0599166229367256 0.0497168451547623 0.0382423289120197 0.0303314700722694 0.0272041987627745 0.0240515097975731 0.0280173141509295 0.0264750812202692 0.0179656762629747 0.0147722978144884 0.0180881079286337
0.3602235019207 0.46525764465332 0.508218944072723 0.251826047897339 0.16472664475441 0.140150189399719 0.111139073967934 0.0992955937981606 0.0875362232327461 0.104196652770042 0.0939344242215157 0.0618121214210987 0.0669806152582169 0.0669805258512497 0.0692332535982132 0.0714176446199417 0.0530081354081631 0.0562507286667824 0.04875148832798 0.0337785184383392 0.0299773681908846 0.0457703657448292 0.110089331865311 0.0660893395543098 0.0428440012037754 0.0387625470757484 0.069380559027195 0.0532230883836746 0.0550266914069653 0.107767693698406 0.145637765526772 0.142219915986061 0.135196626186371 0.0490599386394024 0.0690255239605904 0.0736694484949112 0.0457279570400715 0.0343282669782639 0.034196212887764 0.0316259488463402 0.0284529272466898 0.0240229461342096 0.0196453221142292 0.0221997499465942 0.0158372260630131 0.0155916223302484
0.189081639051437 0.40612518787384 0.500766456127167 0.225270614027977 0.150039747357368 0.130487263202667 0.106759250164032 0.103913374245167 0.073339581489563 0.0864337310194969 0.106569044291973 0.0672193765640259 0.0703315138816833 0.0590774975717068 0.0461638383567333 0.0571993254125118 0.0718275755643845 0.0424428954720497 0.0383202470839024 0.0322442017495632 0.0316460877656937 0.0663181245326996 0.0905060097575188 0.0785195380449295 0.0434675104916096 0.07093695551157 0.0474543571472168 0.0356972180306911 0.0765296667814255 0.122207440435886 0.120486505329609 0.134534075856209 0.139680787920952 0.0509558692574501 0.0663314834237099 0.0660096406936646 0.0520577058196068 0.0359671860933304 0.0371748581528664 0.0315330661833286 0.0271720476448536 0.0185979604721069 0.0195243358612061 0.0322871617972851 0.019655978307128 0.015138752758503
0.218823224306107 0.398862570524216 0.474292725324631 0.220386609435081 0.170232087373734 0.129007712006569 0.0923147276043892 0.0713766440749168 0.0771368891000748 0.0833796635270119 0.103630915284157 0.0563269220292568 0.0741223767399788 0.0622312501072884 0.0470584966242313 0.0470703281462193 0.0491080544888973 0.0483718775212765 0.0463468693196774 0.031468078494072 0.0393937155604362 0.0541784539818764 0.086089514195919 0.093964196741581 0.0648574978113174 0.0526450239121914 0.0392738096415997 0.0854048132896423 0.131925195455551 0.119954153895378 0.147777885198593 0.183587044477463 0.0891923457384109 0.0913943722844124 0.0461908578872681 0.0609657615423203 0.0543390288949013 0.0569329857826233 0.0364243574440479 0.0354057140648365 0.0282021630555391 0.0184869132936001 0.0352756790816784 0.0347400940954685 0.0171164013445377 0.0137022705748677
0.150205537676811 0.418826520442963 0.484103113412857 0.20500223338604 0.13209068775177 0.0955047383904457 0.0906560719013214 0.0579537563025951 0.0713883489370346 0.104683816432953 0.0752918273210526 0.0455373153090477 0.0734994113445282 0.0701447054743767 0.0450796224176884 0.0470354184508324 0.0424864776432514 0.0466638058423996 0.0611594431102276 0.0437934249639511 0.0446780622005463 0.0620859712362289 0.0478507243096828 0.129819348454475 0.100403621792793 0.0352754667401314 0.0483114570379257 0.102883778512478 0.138997241854668 0.155422046780586 0.182380512356758 0.141880691051483 0.0687003657221794 0.0699205100536346 0.0514148510992527 0.0459619276225567 0.0505375191569328 0.0435833446681499 0.0455765053629875 0.0353376530110836 0.0166591741144657 0.0198723375797272 0.0378149040043354 0.0386992841959 0.0128554245457053 0.0159623082727194
0.136366337537766 0.367918372154236 0.45351231098175 0.182221427559853 0.120326906442642 0.100851111114025 0.0789475739002228 0.0671053826808929 0.0594693794846535 0.0937946885824203 0.0707239806652069 0.0451131463050842 0.05484614148736 0.0638511553406715 0.0407421663403511 0.0378633104264736 0.0364754199981689 0.0573505014181137 0.0802977457642555 0.0672592520713806 0.0543684102594852 0.0638679638504982 0.0678935423493385 0.10919151455164 0.10233236849308 0.0310670528560877 0.0601409673690796 0.0514103621244431 0.113408647477627 0.176591575145721 0.193286493420601 0.155379489064217 0.0737030357122421 0.0907524302601814 0.0783797577023506 0.0606682598590851 0.0436267554759979 0.0399491116404533 0.0380416177213192 0.0198047440499067 0.0187485739588737 0.0248049758374691 0.0481579639017582 0.0405201204121113 0.0179703310132027 0.0185158997774124
0.223170444369316 0.331531375646591 0.462775379419327 0.232438027858734 0.153706312179565 0.108619026839733 0.0912590995430946 0.0607191808521748 0.0713368505239487 0.0846352726221085 0.0591884776949883 0.0517850890755653 0.0486761480569839 0.055132195353508 0.0405459068715572 0.0350362844765186 0.0330257602035999 0.0349252671003342 0.0559212081134319 0.0610222704708576 0.0617935210466385 0.0554128363728523 0.098381370306015 0.115984342992306 0.115003302693367 0.0476214960217476 0.0573225058615208 0.0489797331392765 0.0841078534722328 0.0728755816817284 0.112986035645008 0.164151713252068 0.0925593376159668 0.104454718530178 0.0816805213689804 0.0675505921244621 0.0516013354063034 0.0660305768251419 0.028878977522254 0.023830333724618 0.0274587664753199 0.0357992649078369 0.050848051905632 0.0223087687045336 0.0253673903644085 0.0320496559143066
0.195209920406342 0.393112808465958 0.453275591135025 0.335493981838226 0.17141255736351 0.12123067677021 0.0814895406365395 0.0571025386452675 0.0889612287282944 0.0592563152313232 0.0759534314274788 0.0715501382946968 0.0442208386957645 0.0512671060860157 0.04440101608634 0.0401261076331139 0.0336747914552689 0.0326264724135399 0.0673505738377571 0.0592999272048473 0.0562997534871101 0.0496561378240585 0.103314317762852 0.121467627584934 0.165476158261299 0.0570861138403416 0.0805822387337685 0.0743458792567253 0.0438303425908089 0.045113567262888 0.0676205083727837 0.0631600245833397 0.0728957578539848 0.0997740849852562 0.0720435604453087 0.0676472187042236 0.0610881820321083 0.0359098948538303 0.0330467596650124 0.0240718293935061 0.0280166417360306 0.0575202032923698 0.0589478090405464 0.0277858432382345 0.0320360921323299 0.0376468822360039
0.125709414482117 0.335118144750595 0.441818535327911 0.313708066940308 0.171019017696381 0.0963254645466805 0.0770752802491188 0.0502840578556061 0.0583727173507214 0.0715618282556534 0.0781130790710449 0.0562397390604019 0.0380756035447121 0.0393578037619591 0.0433131046593189 0.0506087243556976 0.0322396755218506 0.0392535403370857 0.0705991834402084 0.0576375387609005 0.0506975278258324 0.047417551279068 0.0817971900105476 0.139499798417091 0.170894488692284 0.0464930161833763 0.11540149897337 0.116584703326225 0.0892579704523087 0.0492541342973709 0.064896747469902 0.0375055707991123 0.0579607114195824 0.100255534052849 0.0667121410369873 0.0722292736172676 0.0499274916946888 0.0308755468577147 0.0414985194802284 0.0328699350357056 0.0372662730515003 0.0666565373539925 0.0550406202673912 0.031780619174242 0.0258632767945528 0.0312822684645653
0.16229310631752 0.193782478570938 0.423522710800171 0.304461121559143 0.211689040064812 0.0844342634081841 0.0930824875831604 0.045961931347847 0.102933943271637 0.102772772312164 0.0562397390604019 0.0405459068715572 0.0343531928956509 0.0319107696413994 0.0485003255307674 0.0807025283575058 0.0453500002622604 0.0373987630009651 0.0793150663375854 0.0511585809290409 0.0426430553197861 0.0490346103906631 0.0714822635054588 0.141680777072906 0.221246257424355 0.12934048473835 0.0472020171582699 0.133480563759804 0.14181387424469 0.0776830464601517 0.0604364611208439 0.0673723742365837 0.0421497859060764 0.057676974684 0.0663994401693344 0.0524688884615898 0.0356824062764645 0.0394738465547562 0.0474495738744736 0.0469500534236431 0.0493030548095703 0.0678597092628479 0.0701995491981506 0.0421077609062195 0.0325257815420628 0.0277404747903347
0.124825105071068 0.200957953929901 0.354463875293732 0.287058591842651 0.253888756036758 0.112563595175743 0.0611909776926041 0.048475980758667 0.0934574827551842 0.0602854825556278 0.0463171452283859 0.0418658368289471 0.0322232209146023 0.0332679264247417 0.0712276473641396 0.0778193920850754 0.0509020648896694 0.0455913580954075 0.0636543408036232 0.0570789985358715 0.0390839725732803 0.0469649210572243 0.069950096309185 0.147923499345779 0.206031069159508 0.0700628533959389 0.090040847659111 0.18334949016571 0.101223111152649 0.0839304178953171 0.102898068726063 0.0703431218862534 0.060783788561821 0.0442734472453594 0.054159589111805 0.0394638478755951 0.04342932254076 0.0418287105858326 0.0480534397065639 0.0564137771725655 0.0805254206061363 0.0638773366808891 0.0762809738516808 0.0443579107522964 0.0403584018349648 0.0307398978620768
0.0877977460622787 0.0948544517159462 0.278871774673462 0.249329835176468 0.283149808645248 0.0936775952577591 0.0729289129376411 0.0417547039687634 0.0851757153868675 0.0564940422773361 0.0431983023881912 0.0584061071276665 0.0419883839786053 0.0451667122542858 0.107772961258888 0.0735759735107422 0.0471373684704304 0.0562577173113823 0.0554613806307316 0.0504179336130619 0.0420096106827259 0.042233981192112 0.0542050004005432 0.0877977460622787 0.183162271976471 0.226326018571854 0.236527621746063 0.136908173561096 0.0832390561699867 0.093365915119648 0.0833780094981194 0.0783257335424423 0.0577664226293564 0.0429810062050819 0.0861222743988037 0.0508033186197281 0.0422025546431541 0.0563797317445278 0.0457999631762505 0.0856523364782333 0.104421943426132 0.0589025393128395 0.0564965978264809 0.0411487892270088 0.0308019910007715 0.0280977264046669
0.0739830285310745 0.11443030834198 0.231662303209305 0.212700217962265 0.259268283843994 0.124752372503281 0.0938259959220886 0.0457762889564037 0.0930108726024628 0.0830709189176559 0.0627292320132256 0.0528829172253609 0.0445087403059006 0.0451667122542858 0.0857940316200256 0.0739197880029678 0.0562437139451504 0.0473639592528343 0.0442840084433556 0.04647546261549 0.0521447472274303 0.0536711290478706 0.0502152368426323 0.0630803629755974 0.130435064435005 0.230408892035484 0.177197977900505 0.128655910491943 0.0953685641288757 0.0804419219493866 0.0763545036315918 0.0561032183468342 0.0548148825764656 0.0788538530468941 0.0910441875457764 0.0789861232042313 0.0535055324435234 0.0430239029228687 0.0624380484223366 0.0744848921895027 0.0908955186605453 0.0811827704310417 0.0585188902914524 0.0464397892355919 0.0346480645239353 0.0413995906710625
0.103864826261997 0.0862000212073326 0.163951516151428 0.193470805883408 0.202270820736885 0.183010444045067 0.0475676693022251 0.0695806443691254 0.0903448238968849 0.0744526460766792 0.0743168741464615 0.0612657740712166 0.0460198074579239 0.0415958315134048 0.0536443367600441 0.0633236989378929 0.0695635676383972 0.0487331300973892 0.0390641614794731 0.0438709780573845 0.0750150308012962 0.0658030807971954 0.0555028542876244 0.0648889169096947 0.0940355733036995 0.215763375163078 0.19884842634201 0.256150484085083 0.111009247601032 0.0716117471456528 0.0944219157099724 0.0554908066987991 0.109845630824566 0.0757836699485779 0.160009235143661 0.080405630171299 0.0774431228637695 0.0442965291440487 0.0976589098572731 0.101985849440098 0.128030776977539 0.0875070244073868 0.0651321187615395 0.0429262146353722 0.0398672744631767 0.039142906665802
0.126608580350876 0.178538218140602 0.169557884335518 0.244649365544319 0.215929418802261 0.155959248542786 0.0400097630918026 0.0859717577695847 0.0823994800448418 0.079240657389164 0.0589904822409153 0.0559910833835602 0.067317433655262 0.0573219805955887 0.046229649335146 0.0436383076012135 0.0581433922052383 0.0475796237587929 0.0402137152850628 0.0447232834994793 0.0853986889123917 0.054171197116375 0.0658030807971954 0.0616092495620251 0.115339361131191 0.19771733880043 0.165456041693687 0.231672987341881 0.209249034523964 0.133037850260735 0.063310831785202 0.0489814653992653 0.148321568965912 0.0615303888916969 0.270899176597595 0.101681739091873 0.0689787715673447 0.0684328526258469 0.0572167634963989 0.143301591277122 0.109654940664768 0.0826162248849869 0.0529731474816799 0.0591630674898624 0.0833583921194077 0.0561967715620995
0.122651487588882 0.226695314049721 0.234018266201019 0.271446913480759 0.213894158601761 0.0970857739448547 0.0673505738377571 0.0969496071338654 0.0946792587637901 0.0709139406681061 0.0544296652078629 0.0636700615286827 0.101182013750076 0.0705484375357628 0.0615406520664692 0.0494379177689552 0.0425892360508442 0.0442728437483311 0.0373892672359943 0.0567945726215839 0.0513905920088291 0.0514034554362297 0.0547029376029968 0.0655024200677872 0.100667677819729 0.120685808360577 0.109411366283894 0.218833476305008 0.179303735494614 0.0554092526435852 0.120814502239227 0.0508164279162884 0.208168715238571 0.203464388847351 0.239349529147148 0.19881209731102 0.156804695725441 0.121343247592449 0.104112476110458 0.202349692583084 0.135088905692101 0.105560898780823 0.0644385665655136 0.100316256284714 0.0942884832620621 0.0590568967163563
0.0958050638437271 0.107289925217628 0.263742834329605 0.271446913480759 0.169851243495941 0.0952125564217567 0.107298143208027 0.114342242479324 0.0771330893039703 0.0478322543203831 0.0509148091077805 0.0492389611899853 0.0624648481607437 0.081849716603756 0.0624185130000114 0.0570364184677601 0.0549090057611465 0.0368402227759361 0.041185948997736 0.0453614220023155 0.0531488582491875 0.0719140842556953 0.0673505738377571 0.0771375969052315 0.0767800509929657 0.0869948640465736 0.202874138951302 0.123516730964184 0.136257633566856 0.0867424085736275 0.117131374776363 0.0568440705537796 0.212492913007736 0.225496798753738 0.178710579872131 0.201507046818733 0.101524069905281 0.0705165341496468 0.110964834690094 0.176808878779411 0.100627332925797 0.0721274688839912 0.0880357995629311 0.119382843375206 0.053335890173912 0.0282882452011108
0.0767894014716148 0.127378389239311 0.197276771068573 0.288303315639496 0.154531136155128 0.12942735850811 0.125728279352188 0.128074243664742 0.10845459997654 0.0748722106218338 0.0506467632949352 0.0440714731812477 0.0501775033771992 0.0573362372815609 0.0536309443414211 0.0581433922052383 0.0651226863265038 0.0377436839044094 0.0377532690763474 0.0434506572782993 0.0587408654391766 0.0743195191025734 0.0705991834402084 0.0998951643705368 0.0944652482867241 0.163239330053329 0.139049470424652 0.114671468734741 0.184238851070404 0.0943119525909424 0.0668427124619484 0.0740544870495796 0.130747854709625 0.126695439219475 0.137808337807655 0.228516548871994 0.0985165312886238 0.0742545649409294 0.138948157429695 0.141331598162651 0.0894437432289124 0.0664016455411911 0.090438224375248 0.115140154957771 0.0717042982578278 0.0309538096189499
0.081936277449131 0.0823156908154488 0.0872733220458031 0.25908488035202 0.198889434337616 0.120290018618107 0.127735480666161 0.1318319439888 0.110715389251709 0.0890340358018875 0.0630258098244667 0.0627292320132256 0.0471255220472813 0.0386782214045525 0.037028644233942 0.062449399381876 0.0562297105789185 0.0330426134169102 0.0394438020884991 0.0420202314853668 0.0767894014716148 0.0927570387721062 0.083463542163372 0.152400806546211 0.117733620107174 0.0912805497646332 0.183595255017281 0.18449455499649 0.286580055952072 0.155923768877983 0.0668912902474403 0.107156999409199 0.106966361403465 0.0851985290646553 0.170911252498627 0.148400753736496 0.121367886662483 0.0812637433409691 0.199974164366722 0.136767089366913 0.0691573619842529 0.0666746199131012 0.0987885296344757 0.077492468059063 0.0593276396393776 0.0336664356291294
0.0966880545020103 0.0696233585476875 0.0941711366176605 0.22599621117115 0.235655471682549 0.102563545107841 0.0911220833659172 0.109936192631721 0.109043329954147 0.084021270275116 0.0735604390501976 0.0800548791885376 0.0581433922052383 0.0425892360508442 0.0388559512794018 0.0444863066077232 0.0351983308792114 0.0363266356289387 0.0604330338537693 0.0667374208569527 0.0673505738377571 0.0449388138949871 0.0604330338537693 0.0914941355586052 0.0709127709269524 0.0636779293417931 0.176587074995041 0.229123890399933 0.293837308883667 0.167506650090218 0.101097337901592 0.12497016787529 0.0978455394506454 0.0712132975459099 0.182505071163177 0.167623296380043 0.126563027501106 0.0755714178085327 0.17528173327446 0.175230666995049 0.136541873216629 0.0869864299893379 0.0889287143945694 0.0877128913998604 0.0581218972802162 0.0427733510732651
