output/projections/02_LH/Scinax nebulosus.asc
NCOLS 168 
NROWS 144 
XLLCORNER -41.0001394455 
YLLCORNER -8.00013921734823 
CELLSIZE 0.0416666665 
NODATA_value -3.4e+38 
[rows 80 to 99 of 144, columns 92 to 137 of 168]
0.0106908585876226 0.017317321151495 0.0163146574050188 0.014952028170228 0.0150378476828337 0.0104332491755486 0.0129177244380116 0.0123621551319957 0.00658997427672148 0.00757392542436719 0.00667747715488076 0.00660592643544078 0.00714855873957276 0.00743434485048056 0.0085410512983799 0.00572623079642653 0.00795224960893393 0.00600293558090925 0.00579183734953403 0.0059637394733727 0.00555445998907089 0.00522518763318658 0.00546177430078387 0.00612165685743093 0.00596424471586943 0.0061153182759881 0.00617041159421206 0.00691531552001834 0.00641398271545768 0.00587332574650645 0.00769759900867939 0.00988118816167116 0.0150774270296097 0.0165611486881971 0.0239682607352734 0.0251614321023226 0.0301023107022047 0.0286450069397688 0.0440513528883457 0.0440180376172066 0.0716703906655312 0.0891898050904274 0.0774326473474503 0.149886310100555 -3.4e+38 -3.4e+38
0.0118037136271596 0.0209232792258263 0.0223690345883369 0.0176076088100672 0.0151281040161848 0.0134955476969481 0.0125607997179031 0.00656389910727739 0.00645447848364711 0.00879078637808561 0.00712766218930483 0.0066740638576448 0.00821737200021744 0.00820888113230467 0.00982614047825336 0.00553053896874189 0.00778896361589432 0.00637764204293489 0.00633435416966677 0.00639308337122202 0.00557947438210249 0.00548637332394719 0.00662485975772142 0.00809809565544128 0.00655043451115489 0.00666262628510594 0.00666262628510594 0.00793588999658823 0.00739798741415143 0.00686370301991701 0.00950236339122057 0.0217620935291052 0.0303585380315781 0.0294669587165117 0.0361436009407043 0.0313648991286755 0.0285714883357286 0.0391359254717827 0.045640055090189 0.0682245492935181 0.061177670955658 0.0869669169187546 0.120884634554386 0.166595473885536 0.223464235663414 -3.4e+38
0.0134987309575081 0.0222630724310875 0.0215472429990768 0.018052926287055 0.017504345625639 0.015173421241343 0.00964370556175709 0.00627666199579835 0.00675333617255092 0.0102547667920589 0.00874257460236549 0.00890957843512297 0.00696857646107674 0.00902760215103626 0.0112877935171127 0.00623785285279155 0.0090043768286705 0.0072210649959743 0.00685662869364023 0.00648470129817724 0.0063196700066328 0.00590493530035019 0.00722491228953004 0.0100959241390228 0.00873447302728891 0.00786320026963949 0.00864774454385042 0.0100932884961367 0.0102937547490001 0.0121884467080235 0.0136639215052128 0.0299325007945299 0.0287556946277618 0.0231577083468437 0.0292933322489262 0.0334149412810802 0.0435966216027737 0.0543240197002888 0.059912096709013 0.0658069774508476 0.0742875784635544 0.0959897637367249 0.121592842042446 0.173827603459358 0.221144527196884 0.293102264404297
0.0153339430689812 0.0212565287947655 0.0202685948461294 0.0223481860011816 0.0188335385173559 0.011491920799017 0.00882488302886486 0.00743946246802807 0.00728662870824337 0.00787864439189434 0.0083169974386692 0.00856320094317198 0.00690821558237076 0.0086677148938179 0.012165411375463 0.00685955351218581 0.00645341631025076 0.0060664820484817 0.00653577456250787 0.00636285822838545 0.00708979787304997 0.0054892529733479 0.00904723070561886 0.0148121165111661 0.0121406447142363 0.00960510596632957 0.0114372037351131 0.0126331755891442 0.0170113109052181 0.0176014825701714 0.0181266684085131 0.0193187147378922 0.0184693578630686 0.0190199352800846 0.023962089791894 0.0254029985517263 0.0318025276064873 0.0474382899701595 0.041841771453619 0.0526740215718746 0.0476183705031872 0.0662969499826431 0.117382690310478 0.178246065974236 0.225025460124016 0.272097945213318
0.0222876723855734 0.0240138340741396 0.0159483607858419 0.0144393984228373 0.0105703491717577 0.00860745180398226 0.00852197408676147 0.00669825123623013 0.00662647932767868 0.00614281324669719 0.00607695616781712 0.00628213258460164 0.00766063574701548 0.00816597230732441 0.0108957281336188 0.00874788779765368 0.00641794083639979 0.00643845787271857 0.00646573258563876 0.00620090821757913 0.00595303066074848 0.00614767661318183 0.00660325167700648 0.0108278524130583 0.0126331755891442 0.0102991322055459 0.0127560365945101 0.0146621214225888 0.0199249871075153 0.0181266684085131 0.0186672266572714 0.0182070340961218 0.0191239695996046 0.0248192306607962 0.0250511523336172 0.0287188775837421 0.0292708370834589 0.0333379097282887 0.0320561863481998 0.0331591665744781 0.0578567087650299 0.107069849967957 0.0918430984020233 0.187768459320068 0.199650898575783 0.330089509487152
0.025451548397541 0.013950115069747 0.00861860532313585 0.00905248802155256 0.0125519605353475 0.0170128457248211 0.00831411872059107 0.00680303201079369 0.00948107708245516 0.0114930355921388 0.00831275340169668 0.00814212579280138 0.00907285790890455 0.0113890981301665 0.01360675226897 0.0102047985419631 0.00741528300568461 0.00751366140320897 0.00662429863587022 0.00648138578981161 0.00622236682102084 0.00675699533894658 0.0094649950042367 0.0139560736715794 0.0128867868334055 0.0112059479579329 0.0110398652032018 0.0129442280158401 0.0156259015202522 0.0150145655497909 0.0156953576952219 0.0139270601794124 0.0175786893814802 0.0217284206300974 0.0265762340277433 0.0396069549024105 0.0423546321690083 0.0389969944953918 0.0586252473294735 0.0938628688454628 0.11132175475359 0.157731547951698 0.232273668050766 0.226955845952034 0.193909913301468 0.373567223548889
0.0125648863613605 0.0105568319559097 0.0122470250353217 0.016196932643652 0.024140402674675 0.0217402074486017 0.00900744833052158 0.00813504867255688 0.00833420921117067 0.00727537367492914 0.00786854140460491 0.00814212579280138 0.0088493712246418 0.0099665904417634 0.0110455304384232 0.0126200700178742 0.00827000383287668 0.00747622037306428 0.00692379381507635 0.00658107176423073 0.00683196121826768 0.0108306780457497 0.0125082237645984 0.0116670895367861 0.0112088713794947 0.0104514602571726 0.0101917032152414 0.0110920593142509 0.0114252781495452 0.0110862739384174 0.0128700183704495 0.0123619260266423 0.0150028644129634 0.0185560174286366 0.0235017593950033 0.0322954952716827 0.0440182909369469 0.04660764336586 0.0561606772243977 0.0391562730073929 0.0452383384108543 0.105160176753998 0.119172289967537 0.132197350263596 0.19980925321579 0.377169460058212
0.010559587739408 0.0183899998664856 0.024117911234498 0.0226190965622663 0.0222215875983238 0.0145029649138451 0.00886449497193098 0.00813717767596245 0.00943392515182495 0.010007687844336 0.00844036694616079 0.00983384344726801 0.00963229779154062 0.0097213052213192 0.00985757075250149 0.0102399699389935 0.009040174074471 0.00859360024333 0.00713643338531256 0.0075656846165657 0.00721996976062655 0.0114401867613196 0.0114942518994212 0.00932203512638807 0.00798396859318018 0.00843464117497206 0.00904250144958496 0.00814075488597155 0.00881745107471943 0.00922229327261448 0.00921988300979137 0.0140036353841424 0.0127995619550347 0.0137859024107456 0.0168088804930449 0.0188232716172934 0.0231457762420177 0.0329138673841953 0.0322707705199718 0.0387989655137062 0.060557346791029 0.0823304355144501 0.0991600379347801 0.0929963737726212 0.112750224769115 0.194103851914406
0.0148300239816308 0.0278074685484171 0.0225100088864565 0.0184196811169386 0.0120749855414033 0.0169665273278952 0.0118280556052923 0.0091197183355689 0.0125854397192597 0.0123249897733331 0.0104585401713848 0.00930911209434271 0.00958690512925386 0.0116210579872131 0.0101489117369056 0.00864325650036335 0.00850825849920511 0.00858696922659874 0.00808150228112936 0.00657770736142993 0.00878504849970341 0.0114401867613196 0.00887082237750292 0.00741156050935388 0.00715681305155158 0.0125147430226207 0.0103505626320839 0.00936618540436029 0.00922711472958326 0.00839045364409685 0.011485262773931 0.018397381529212 0.0139306839555502 0.0159262139350176 0.019404262304306 0.0232778396457434 0.0331082195043564 0.0501298978924751 0.0528196841478348 0.0538091845810413 0.0505607314407825 0.0622983798384666 0.129635751247406 0.168690592050552 0.223107784986496 0.291461855173111
0.0201570056378841 0.0209892261773348 0.0153509834781289 0.0121988411992788 0.0165222585201263 0.0223995260894299 0.0113071808591485 0.0106433089822531 0.00977148208767176 0.0139475204050541 0.0179289802908897 0.0103389276191592 0.00963481422513723 0.0102101294323802 0.0116001619026065 0.0103372326120734 0.00784903857856989 0.00990778114646673 0.00822962634265423 0.00718586333096027 0.00844347104430199 0.0108889956027269 0.00803233589977026 0.00715868780389428 0.00896445382386446 0.0103586735203862 0.00904959626495838 0.00822889804840088 0.00744478031992912 0.00955734308809042 0.018872058019042 0.0200131647288799 0.0183019656687975 0.0192186143249273 0.0222813449800014 0.0294594150036573 0.040001779794693 0.0570252388715744 0.067571148276329 0.0841244161128998 0.100041620433331 0.103886909782887 0.152730152010918 0.137527734041214 0.179403811693192 0.266394466161728
0.0186946857720613 0.0133539484813809 0.0112096639350057 0.0135196540504694 0.0438817925751209 0.0243290979415178 0.0124929826706648 0.0143374158069491 0.0147743504494429 0.0128887817263603 0.012878879904747 0.0112521424889565 0.0104756848886609 0.0113268001005054 0.0120142884552479 0.011028534732759 0.00817104149609804 0.00865303445607424 0.0105684921145439 0.00795252341777086 0.00779627123847604 0.00787452794611454 0.00783530250191689 0.0110528338700533 0.00730608077719808 0.011107986792922 0.0103600258007646 0.00760100362822413 0.00819435156881809 0.0138923991471529 0.024999151006341 0.0153192207217216 0.0148664144799113 0.0164922028779984 0.0206945892423391 0.0248192306607962 0.0350972078740597 0.0415665172040462 0.0518214553594589 0.060316476970911 0.108021587133408 0.143058642745018 0.22448855638504 0.26982593536377 0.307870477437973 0.371042937040329
0.0149641092866659 0.0128238219767809 0.0120089808478951 0.0300950091332197 0.0609618611633778 0.0209232326596975 0.012186286970973 0.0145848300307989 0.0226518083363771 0.0160606298595667 0.0120854480192065 0.010921067558229 0.0121655659750104 0.0126363560557365 0.0121343666687608 0.0106957266107202 0.00924942828714848 0.00779186142608523 0.00799337681382895 0.00966193620115519 0.00730608077719808 0.00995522458106279 0.0108889956027269 0.00716150086373091 0.0101556293666363 0.0140309818089008 0.013153980486095 0.00823643710464239 0.0183327998965979 0.019742114469409 0.0266479905694723 0.0169185716658831 0.0168306939303875 0.0209103878587484 0.0191239695996046 0.0201854482293129 0.0253112055361271 0.0349271520972252 0.0407718047499657 0.0379000864923 0.0413350872695446 0.0614373087882996 0.0834986642003059 0.110295459628105 0.116562306880951 0.127608835697174
0.0136113734915853 0.017748000100255 0.0166582297533751 0.0440607108175755 0.0418178997933865 0.0167008191347122 0.0138621777296066 0.0141571005806327 0.0242716521024704 0.0206724833697081 0.0138099920004606 0.0119351549074054 0.0151244513690472 0.012207412160933 0.0115942610427737 0.00997524429112673 0.00919632147997618 0.00786399748176336 0.00779627123847604 0.00870123505592346 0.0127676697447896 0.016938328742981 0.0103600258007646 0.0127043826505542 0.0171916037797928 0.0212574247270823 0.0143834268674254 0.0133514385670424 0.0185148455202579 0.0221115332096815 0.0212491918355227 0.0170868188142776 0.016419280320406 0.0177671890705824 0.0200965274125338 0.0244626719504595 0.0273757912218571 0.0273687671869993 0.0221548061817884 0.0413769222795963 0.0685287564992905 0.122295394539833 0.16781060397625 0.102592378854752 0.116596050560474 0.279919892549515
0.0149225285276771 0.0284626968204975 0.0411111004650593 0.047528799623251 0.0165363308042288 0.0133162755519152 0.019989836961031 0.0255941785871983 0.0177722983062267 0.0187282972037792 0.0173930879682302 0.012543530203402 0.012903300113976 0.0132040530443192 0.0114706344902515 0.0116831911727786 0.00941395480185747 0.00910079106688499 0.00752840097993612 0.0138236144557595 0.0209455247968435 0.0199378710240126 0.0157259535044432 0.0138236144557595 0.0187912434339523 0.0165243279188871 0.0152652766555548 0.0137551659718156 0.0145990671589971 0.0189752988517284 0.0138797555118799 0.0130086941644549 0.0116549273952842 0.0115365292876959 0.0155405951663852 0.0159262139350176 0.0154557470232248 0.018378334119916 0.0303352475166321 0.0735951513051987 0.0907339155673981 0.105097733438015 0.0908115729689598 0.0817138776183128 0.212575137615204 0.251012444496155
0.0282170437276363 0.127955421805382 0.0696424469351768 0.040577057749033 0.0149011248722672 0.0139976954087615 0.0248265061527491 0.0203482545912266 0.0184199046343565 0.0203968267887831 0.0179031174629927 0.0138465380296111 0.013753255829215 0.0208688285201788 0.0110229216516018 0.00833157822489738 0.00848682504147291 0.00937720667570829 0.0105159897357225 0.0282490756362677 0.0253352411091328 0.0164427291601896 0.0200364608317614 0.0168547201901674 0.0165243279188871 0.012331111356616 0.0134846987202764 0.0135500561445951 0.011845582164824 0.0111007448285818 0.0132108768448234 0.00965058337897062 0.0138074401766062 0.0153953302651644 0.0146468840539455 0.0145744187757373 0.0227359067648649 0.0280683003365993 0.0584372319281101 0.0824225768446922 0.0739012286067009 0.0675545334815979 0.0653525963425636 0.142591685056686 0.21515816450119 0.297814905643463
0.107578568160534 0.153589129447937 0.0683989077806473 0.0237609948962927 0.0191506948322058 0.0149303572252393 0.0134953903034329 0.0157142914831638 0.0169796142727137 0.0160797778517008 0.0189853850752115 0.0120359221473336 0.013596479780972 0.0106985177844763 0.00933737121522427 0.00847005005925894 0.0100049553439021 0.0154173402115703 0.016938328742981 0.0293188095092773 0.0279174912720919 0.0159613955765963 0.0147445937618613 0.0127043826505542 0.0113313319161534 0.0104117570444942 0.00815141294151545 0.00807042699307203 0.00839923787862062 0.012023638933897 0.00873675756156445 0.0114912549033761 0.0106617463752627 0.0147273577749729 0.0129408575594425 0.02133759111166 0.0272700693458319 0.0279313158243895 0.0341060981154442 0.0438622571527958 0.0382979996502399 0.0635790899395943 0.124852582812309 0.135152846574783 0.175422146916389 0.199878573417664
0.171962678432465 0.138544857501984 0.0500494204461575 0.0154765322804451 0.0160698033869267 0.0143235856667161 0.0107813728973269 0.026560053229332 0.0146621791645885 0.0332229062914848 0.0176393389701843 0.0216605365276337 0.0120893679559231 0.00993557646870613 0.0105159897357225 0.0107275601476431 0.0141709260642529 0.0223302468657494 0.0287221819162369 0.0292029734700918 0.0221115332096815 0.0162003040313721 0.0108889956027269 0.00975873600691557 0.0172768533229828 0.00874475762248039 0.00691528804600239 0.00928415637463331 0.0101556293666363 0.0139615209773183 0.00946746952831745 0.00941792316734791 0.00999581441283226 0.0167606454342604 0.0130734778940678 0.0167519524693489 0.0190445631742477 0.0234227050095797 0.036533061414957 0.0436626709997654 0.0722191259264946 0.107273064553738 0.150759011507034 0.188920184969902 0.186349123716354 0.227510139346123
0.130445212125778 0.110884070396423 0.0217071752995253 0.015153806656599 0.0122923506423831 0.013407931663096 0.0229838527739048 0.0230910126119852 0.0181525107473135 0.0402934513986111 0.0432373806834221 0.0183327998965979 0.0130239455029368 0.0127676697447896 0.0224505849182606 0.0212574247270823 0.0222206264734268 0.0298670660704374 0.028664156794548 0.0280260387808084 0.0154173402115703 0.0134846987202764 0.0083190742880106 0.020435618236661 0.00985649507492781 0.00836070161312819 0.0091920206323266 0.0132194776087999 0.0119686732068658 0.0157259535044432 0.00905432924628258 0.0104117570444942 0.0163615271449089 0.0188769437372684 0.0151759935542941 0.0164278037846088 0.0261072404682636 0.0400727540254593 0.0547194704413414 0.0676709488034248 0.0778044685721397 0.100066661834717 0.0997461006045341 0.0938889607787132 0.136660695075989 0.34042701125145
0.0516707934439182 0.0350223556160927 0.0133860530331731 0.0173890925943851 0.0116290235891938 0.0145546915009618 0.0360145196318626 0.0182814132422209 0.0173625182360411 0.0171916037797928 0.0192609280347824 0.027948085218668 0.0371520221233368 0.0344079248607159 0.0408881604671478 0.026480421423912 0.0285820998251438 0.0303077027201653 0.0142414141446352 0.0175351016223431 0.0217873807996511 0.0125787360593677 0.0117329154163599 0.0242766477167606 0.0174486003816128 0.0224403962492943 0.0189777538180351 0.0134846987202764 0.0194520074874163 0.016938328742981 0.0102573232725263 0.016688721254468 0.0201355274766684 0.0189752988517284 0.0167606454342604 0.0212437063455582 0.0276876874268055 0.0338104851543903 0.0412298515439034 0.0504332408308983 0.0657578855752945 0.0642127618193626 0.0446918718516827 0.100285276770592 0.0734719559550285 0.112744435667992
0.0249444264918566 0.0134526900947094 0.0141156269237399 0.0161924995481968 0.0138063337653875 0.0172702036798 0.0398661121726036 0.0375797338783741 0.0164427291601896 0.0146716525778174 0.0377653166651726 0.061394102871418 0.0258896201848984 0.0392986163496971 0.0272978041321039 0.0213623959571123 0.0156482346355915 0.012331111356616 0.012959404848516 0.00995522458106279 0.0159613955765963 0.0105684921145439 0.0163615271449089 0.0305578093975782 0.0248799622058868 0.0215738657861948 0.0174486003816128 0.0126414047554135 0.0189777538180351 0.0128312688320875 0.0162003040313721 0.0177971385419369 0.0187912434339523 0.0174463391304016 0.0183256790041924 0.0223158542066813 0.024494169279933 0.0297866966575384 0.0311161298304796 0.0354758054018021 0.0390761680901051 0.0390662625432014 0.0415980592370033 0.109109349548817 0.0708122402429581 0.290301293134689
