output/projections/02_LH/Sclerurus cearensis.asc
NCOLS 168 
NROWS 144 
XLLCORNER -41.0001394455 
YLLCORNER -8.00013921734823 
CELLSIZE 0.0416666665 
NODATA_value -3.4e+38 
[rows 84 to 104 of 144, columns 47 to 93 of 168]
0.171577587723732 0.163011372089386 0.165958344936371 0.173354759812355 0.166965007781982 0.16641104221344 0.17336131632328 0.184196457266808 0.194059669971466 0.163022801280022 0.161610797047615 0.179320320487022 0.210164532065392 0.175348356366158 0.159979939460754 0.187671691179276 0.237749248743057 0.214734897017479 0.160884037613869 0.153953894972801 0.157881930470467 0.199995949864388 0.210770219564438 0.202559724450111 0.150640070438385 0.172107920050621 0.182718649506569 0.166595354676247 0.158607617020607 0.156378850340843 0.157567009329796 0.161179602146149 0.166809052228928 0.167348086833954 0.143814399838448 0.138445928692818 0.138843566179276 0.139166623353958 0.139215007424355 0.144077375531197 0.146991580724716 0.13955944776535 0.138177931308746 0.138971611857414 0.139528334140778 0.161778926849365 0.168761029839516
0.161359995603561 0.155941963195801 0.165668621659279 0.165094241499901 0.164974734187126 0.170591324567795 0.164537161588669 0.168679907917976 0.190149798989296 0.186465576291084 0.173017039895058 0.171973988413811 0.158131554722786 0.195510193705559 0.150810018181801 0.193711906671524 0.237760245800018 0.199853926897049 0.163474291563034 0.156195431947708 0.15770548582077 0.165471136569977 0.212394461035728 0.231084361672401 0.161681666970253 0.163912028074265 0.156611919403076 0.173340648412704 0.165044873952866 0.162380948662758 0.161330953240395 0.159957408905029 0.157858237624168 0.141390666365623 0.139369070529938 0.138446554541588 0.138737767934799 0.139087751507759 0.139326676726341 0.151779070496559 0.164312422275543 0.140543758869171 0.138845264911652 0.139528557658195 0.141797289252281 0.16850608587265 0.14457905292511
0.166060253977776 0.155169472098351 0.158402740955353 0.17017537355423 0.170057222247124 0.174280673265457 0.174881756305695 0.174363017082214 0.183760747313499 0.184481725096703 0.165354087948799 0.186115548014641 0.176759988069534 0.170886605978012 0.161873698234558 0.195548638701439 0.211069419980049 0.200305745005608 0.152559071779251 0.153735756874084 0.16886667907238 0.163578718900681 0.189717248082161 0.202983021736145 0.214275702834129 0.168114051222801 0.143602445721626 0.168951243162155 0.161748826503754 0.172665521502495 0.179938077926636 0.163393557071686 0.139159455895424 0.139001116156578 0.139507815241814 0.139160722494125 0.139509081840515 0.144405782222748 0.163154855370522 0.170006185770035 0.162249103188515 0.138895228505135 0.138217911124229 0.138052821159363 0.139368385076523 0.138891339302063 0.138495698571205
0.160116404294968 0.166412010788918 0.173734471201897 0.16526785492897 0.155453026294708 0.177257642149925 0.179034635424614 0.187302783131599 0.188177794218063 0.18266724050045 0.155646339058876 0.166013062000275 0.192264497280121 0.150640740990639 0.227690383791924 0.203502163290977 0.192032665014267 0.228239923715591 0.158311858773232 0.149667739868164 0.159666493535042 0.150262102484703 0.189234092831612 0.23658449947834 0.223006412386894 0.181291103363037 0.171129733324051 0.159274026751518 0.151920557022095 0.162225946784019 0.156042903661728 0.139633432030678 0.138445302844048 0.138287648558617 0.139722779393196 0.138816475868225 0.138526380062103 0.148521602153778 0.150487914681435 0.154256328940392 0.145316988229752 0.144358962774277 0.13880380988121 0.137815400958061 0.138336107134819 0.138733476400375 0.148542895913124
0.155480101704597 0.154135301709175 0.153233602643013 0.161848589777946 0.156647235155106 0.190582275390625 0.200596824288368 0.184860542416573 0.203060135245323 0.177631050348282 0.166841149330139 0.152467161417007 0.178667083382607 0.150083795189857 0.28464862704277 0.20872674882412 0.190156131982803 0.245175719261169 0.150638490915298 0.150980561971664 0.182437673211098 0.139415577054024 0.184435352683067 0.220646098256111 0.17200979590416 0.215991050004959 0.220871761441231 0.200678899884224 0.186766430735588 0.171943679451942 0.151016369462013 0.141118809580803 0.138841673731804 0.138254895806313 0.144667148590088 0.138813272118568 0.138447806239128 0.143224537372589 0.145958870649338 0.179345428943634 0.155020758509636 0.155020073056221 0.143386229872704 0.137973859906197 0.138336107134819 0.140598252415657 0.175333395600319
0.162426009774208 0.151882365345955 0.16446490585804 0.170913338661194 0.177269458770752 0.182255923748016 0.191504776477814 0.187370151281357 0.170638084411621 0.17211352288723 0.175580948591232 0.152552962303162 0.150811374187469 0.151922598481178 0.294579058885574 0.199487283825874 0.251762747764587 0.210167214274406 0.155476644635201 0.150504499673843 0.164023205637932 0.13965405523777 0.152389973402023 0.174699634313583 0.214516416192055 0.213102877140045 0.214285030961037 0.211651667952538 0.203085318207741 0.188166156411171 0.15557524561882 0.14439445734024 0.141709312796593 0.138334006071091 0.138526380062103 0.138447806239128 0.139163240790367 0.166335985064507 0.174251437187195 0.180017724633217 0.170889914035797 0.160811677575111 0.138763576745987 0.137823656201363 0.146234259009361 0.156775951385498 0.159009322524071
0.152089491486549 0.159625008702278 0.176074266433716 0.173067674040794 0.163657680153847 0.195890054106712 0.178830951452255 0.175103202462196 0.167015597224236 0.162686601281166 0.186496168375015 0.153985381126404 0.15093320608139 0.198528423905373 0.301729291677475 0.187921807169914 0.22533030807972 0.194332540035248 0.146373093128204 0.151130244135857 0.15477043390274 0.139586836099625 0.144427567720413 0.160237982869148 0.205130517482758 0.188489332795143 0.173931494355202 0.19339120388031 0.210986092686653 0.165189325809479 0.158326148986816 0.1616540402174 0.138867691159248 0.14001838862896 0.138810709118843 0.140305295586586 0.150002837181091 0.18408764898777 0.188118800520897 0.17356850206852 0.160520493984222 0.155320197343826 0.142384767532349 0.138298258185387 0.167576566338539 0.153297871351242 0.131897643208504
0.153636798262596 0.172883346676826 0.188147604465485 0.169621080160141 0.163189649581909 0.182398542761803 0.193998843431473 0.176126897335052 0.190749049186707 0.165666848421097 0.165392488241196 0.161224320530891 0.150982156395912 0.216828376054764 0.301316350698471 0.207504466176033 0.243479773402214 0.173615097999573 0.191166594624519 0.144586324691772 0.149803534150124 0.145138055086136 0.174252957105637 0.176330760121346 0.201859906315804 0.184965595602989 0.198117926716805 0.177599161863327 0.16555655002594 0.15175624191761 0.187078714370728 0.164399564266205 0.141069263219833 0.155434012413025 0.13900238275528 0.147012382745743 0.176102578639984 0.170078441500664 0.175910040736198 0.172798246145248 0.172513768076897 0.170752674341202 0.13963657617569 0.138663724064827 0.16007374227047 0.132077559828758 0.138415038585663
0.189908400177956 0.183267921209335 0.168783992528915 0.17810070514679 0.158268883824348 0.197610899806023 0.188561230897903 0.185381576418877 0.207326322793961 0.188716933131218 0.163780614733696 0.160775989294052 0.150896847248077 0.240604102611542 0.403780370950699 0.360526978969574 0.219107285141945 0.175015732645988 0.188467085361481 0.158280447125435 0.154935896396637 0.15283527970314 0.189011484384537 0.200791671872139 0.193478211760521 0.19145704805851 0.170025333762169 0.156596168875694 0.148122608661652 0.164697840809822 0.194937571883202 0.16629222035408 0.152613416314125 0.160632580518723 0.151872828602791 0.175639882683754 0.171266466379166 0.176776647567749 0.170940756797791 0.176139503717422 0.158565267920494 0.143053188920021 0.138377383351326 0.154131352901459 0.137905448675156 0.137765124440193 0.143054470419884
0.203221336007118 0.178008362650871 0.193801328539848 0.172535091638565 0.162208750844002 0.202389523386955 0.197084307670593 0.185001611709595 0.219788879156113 0.195590630173683 0.166186079382896 0.156526952981949 0.151796191930771 0.364153236150742 0.476809114217758 0.352870374917984 0.189077824354172 0.165798470377922 0.19036728143692 0.149297624826431 0.205051705241203 0.210550293326378 0.218364417552948 0.211372658610344 0.194487228989601 0.169838801026344 0.168471857905388 0.170410424470901 0.166785731911659 0.175726056098938 0.191392540931702 0.174790427088737 0.139939114451408 0.183966159820557 0.180767953395844 0.188293993473053 0.170044347643852 0.165782228112221 0.161655470728874 0.150732636451721 0.138098046183586 0.138257637619972 0.173249170184135 0.146784782409668 0.131559029221535 0.131046131253242 0.131909117102623
0.187799319624901 0.200738415122032 0.189637243747711 0.17178101837635 0.177224963903427 0.196040734648705 0.201319202780724 0.204568222165108 0.212372198700905 0.183284804224968 0.176093369722366 0.174500852823257 0.157142117619514 0.23338757455349 0.302970916032791 0.261968195438385 0.186516597867012 0.18428136408329 0.16207230091095 0.139771461486816 0.175475031137466 0.252978265285492 0.207323461771011 0.177362903952599 0.161992162466049 0.181957423686981 0.179018542170525 0.175442174077034 0.192901462316513 0.198798209428787 0.192798167467117 0.154933825135231 0.148878738284111 0.185139328241348 0.199243664741516 0.180730611085892 0.167096629738808 0.161554083228111 0.158654555678368 0.14362508058548 0.138061732053757 0.172066614031792 0.170385256409645 0.137588441371918 0.13167180120945 0.144582599401474 0.327171981334686
0.201534435153008 0.216782078146935 0.178192108869553 0.199447795748711 0.172695264220238 0.206971794366837 0.221403583884239 0.220958516001701 0.192631274461746 0.179803505539894 0.175445228815079 0.22653765976429 0.159057691693306 0.355785191059113 0.29785680770874 0.270509779453278 0.217534482479095 0.183185443282127 0.1496572047472 0.197488412261009 0.191421285271645 0.179535031318665 0.20848448574543 0.165626555681229 0.20492772758007 0.298196643590927 0.197178721427917 0.197896644473076 0.223973020911217 0.185850620269775 0.168849721550941 0.151804700493813 0.157994940876961 0.182185038924217 0.19580303132534 0.171574965119362 0.177383363246918 0.161516934633255 0.170854195952415 0.155461341142654 0.137940734624863 0.148587867617607 0.136486917734146 0.131367310881615 0.132628709077835 0.571438729763031 0.418929725885391
0.239237308502197 0.223794728517532 0.168607488274574 0.225581169128418 0.178499653935432 0.205577462911606 0.221497729420662 0.213218584656715 0.181557685136795 0.162301793694496 0.182152628898621 0.177341967821121 0.177611798048019 0.604740679264069 0.508669018745422 0.256586492061615 0.208062618970871 0.174419537186623 0.161461904644966 0.208202481269836 0.157588765025139 0.141986921429634 0.232289925217628 0.304885864257812 0.473746418952942 0.464862853288651 0.217805743217468 0.258400619029999 0.233479499816895 0.184949114918709 0.160789549350739 0.142105773091316 0.167561292648315 0.188934981822968 0.200121179223061 0.186174020171165 0.193341732025146 0.179553344845772 0.162261262536049 0.142030745744705 0.137465283274651 0.137975737452507 0.139373660087585 0.244791403412819 0.337852239608765 0.633753418922424 0.232697308063507
0.18914620578289 0.218998983502388 0.182693138718605 0.241026699542999 0.205664739012718 0.214317604899406 0.208622142672539 0.191407009959221 0.162323534488678 0.158454403281212 0.196907848119736 0.150199890136719 0.363903909921646 0.585886538028717 0.428256124258041 0.418587386608124 0.276879042387009 0.23333503305912 0.189280644059181 0.169885694980621 0.141117438673973 0.139456987380981 0.140096798539162 0.155503123998642 0.376887679100037 0.381570667028427 0.53376042842865 0.331707119941711 0.218712344765663 0.195519804954529 0.166016101837158 0.162107020616531 0.171037629246712 0.184405133128166 0.203447431325912 0.205530241131783 0.181758314371109 0.164388313889503 0.182347699999809 0.143111526966095 0.132643356919289 0.132737800478935 0.133274257183075 0.156635254621506 0.322470366954803 0.306324511766434 0.184368073940277
0.152191206812859 0.228819102048874 0.17941190302372 0.250644981861115 0.232383191585541 0.229419842362404 0.218055307865143 0.173100814223289 0.166064187884331 0.157267898321152 0.19146528840065 0.154723837971687 0.484550178050995 0.414613395929337 0.60678619146347 0.299201786518097 0.276647359132767 0.207932978868484 0.201290220022202 0.184044763445854 0.153102204203606 0.154888913035393 0.142329573631287 0.138948917388916 0.139268800616264 0.259925425052643 0.562497675418854 0.589490115642548 0.257030516862869 0.193837970495224 0.172853991389275 0.177259281277657 0.161834746599197 0.186536133289337 0.231240138411522 0.202480107545853 0.191707357764244 0.176815390586853 0.182747662067413 0.166749954223633 0.15474995970726 0.136601075530052 0.1333147585392 0.14532607793808 0.171209499239922 0.154499918222427 0.143133297562599
0.151494726538658 0.224674582481384 0.172709614038467 0.249007135629654 0.237225398421288 0.235705196857452 0.221065625548363 0.15597128868103 0.153766602277756 0.150429204106331 0.138446450233459 0.297246873378754 0.521977007389069 0.546237707138062 0.542558133602142 0.306236684322357 0.249282673001289 0.181303396821022 0.225705727934837 0.187077850103378 0.162956714630127 0.157631859183311 0.15379598736763 0.138710200786591 0.186757475137711 0.337126106023788 0.315906882286072 0.329189270734787 0.208643555641174 0.161100268363953 0.175195157527924 0.1678646504879 0.154217272996902 0.275525897741318 0.224935486912727 0.223617941141129 0.190457046031952 0.174150511622429 0.172857612371445 0.159469500184059 0.149475127458572 0.148242816329002 0.128149285912514 0.167444229125977 0.149956837296486 0.132969483733177 0.11544881016016
0.152021214365959 0.244194164872169 0.159763172268867 0.237180486321449 0.227953657507896 0.25420880317688 0.207350715994835 0.154264897108078 0.172638714313507 0.147665575146675 0.15212669968605 0.345204889774323 0.617305517196655 0.558216691017151 0.405994325876236 0.38446232676506 0.224305912852287 0.213375940918922 0.237073510885239 0.197006866335869 0.179659247398376 0.15701512992382 0.149360179901123 0.144728243350983 0.164829641580582 0.151419520378113 0.145495533943176 0.223172605037689 0.198475614190102 0.186925113201141 0.23492656648159 0.23049595952034 0.202906623482704 0.211687907576561 0.199700072407722 0.192726448178291 0.187743350863457 0.184595003724098 0.167595684528351 0.159886494278908 0.161287054419518 0.157466903328896 0.155077159404755 0.159968018531799 0.135228201746941 0.11652135103941 0.116796061396599
0.155419990420341 0.182185754179955 0.165508553385735 0.201307460665703 0.195224910974503 0.258682370185852 0.200305759906769 0.163306102156639 0.165953665971756 0.136885419487953 0.38066777586937 0.397953718900681 0.578633368015289 0.429125159978867 0.303303867578506 0.223035618662834 0.281436026096344 0.20067010819912 0.191712245345116 0.197003319859505 0.192427396774292 0.174716055393219 0.162101417779922 0.159288465976715 0.145075649023056 0.143011689186096 0.138195067644119 0.146794036030769 0.290963739156723 0.270595163106918 0.291106343269348 0.227429211139679 0.210644260048866 0.200873509049416 0.200695693492889 0.189310193061829 0.186164051294327 0.167874425649643 0.166612282395363 0.16961769759655 0.168159291148186 0.1511060744524 0.149777472019196 0.124216891825199 0.122715890407562 0.116453573107719 0.116326749324799
0.200976714491844 0.17932964861393 0.189401566982269 0.254627674818039 0.22116582095623 0.190236434340477 0.164332881569862 0.153609424829483 0.13549679517746 0.141475632786751 0.630328595638275 0.571478486061096 0.268592119216919 0.210564792156219 0.248945444822311 0.391895949840546 0.200381144881248 0.189185485243797 0.196412146091461 0.166013315320015 0.23295097053051 0.167167231440544 0.168208912014961 0.160022631287575 0.147745937108994 0.13706012070179 0.137062638998032 0.172774881124496 0.239349544048309 0.307008504867554 0.325432926416397 0.252009391784668 0.23672679066658 0.207039594650269 0.190705746412277 0.187316209077835 0.173463761806488 0.176366120576859 0.179307296872139 0.165363416075706 0.165455058217049 0.159700587391853 0.142471432685852 0.116912133991718 0.117777019739151 0.117363840341568 0.115025237202644
0.203855276107788 0.182417586445808 0.203510701656342 0.27608048915863 0.241005599498749 0.208983331918716 0.163287207484245 0.135011553764343 0.135654240846634 0.36931374669075 0.456890136003494 0.37048801779747 0.293815433979034 0.350150942802429 0.381712377071381 0.178709447383881 0.170803070068359 0.246392607688904 0.166446372866631 0.164311870932579 0.203481927514076 0.171926483511925 0.177697286009789 0.162358596920967 0.148268565535545 0.136740893125534 0.138243973255157 0.14217235147953 0.228354796767235 0.441935926675797 0.292618662118912 0.239762648940086 0.222757503390312 0.192147940397263 0.191735282540321 0.175964429974556 0.170504599809647 0.174766167998314 0.185003891587257 0.175979986786842 0.164722353219986 0.126128926873207 0.120560459792614 0.117708064615726 0.11605903506279 0.11707079410553 0.117346629500389
0.197827905416489 0.15876330435276 0.205837577581406 0.228850916028023 0.212175890803337 0.168611541390419 0.14758525788784 0.134597778320312 0.136266723275185 0.243546143174171 0.531739234924316 0.580619633197784 0.44117534160614 0.411412119865417 0.192443370819092 0.160480827093124 0.366934299468994 0.22372855246067 0.169798642396927 0.165139809250832 0.205942302942276 0.164748027920723 0.174013033509254 0.178555309772491 0.156610742211342 0.137936487793922 0.13966991007328 0.151853457093239 0.214123353362083 0.211056753993034 0.204893946647644 0.19629742205143 0.197308540344238 0.189515650272369 0.164021179080009 0.14361435174942 0.17817497253418 0.20801730453968 0.180153235793114 0.159615129232407 0.137250632047653 0.120200112462044 0.127730697393417 0.127705439925194 0.120920106768608 0.115923441946507 0.116060651838779
