output/projections/02_LH/Sclerurus cearensis.asc
NCOLS 168 
NROWS 144 
XLLCORNER -41.0001394455 
YLLCORNER -8.00013921734823 
CELLSIZE 0.0416666665 
NODATA_value -3.4e+38 
[rows 105 to 125 of 144, columns 0 to 46 of 168]
0.295074909925461 0.237364798784256 0.229737088084221 0.351592987775803 0.488557070493698 0.435807049274445 0.219105005264282 0.213389873504639 0.216597259044647 0.207365706562996 0.204909950494766 0.202368691563606 0.197680369019508 0.194477781653404 0.190090239048004 0.186981946229935 0.174689263105392 0.1715008020401 0.173095926642418 0.173366323113441 0.174656942486763 0.167878612875938 0.165615946054459 0.173767164349556 0.169586509466171 0.173636540770531 0.170177385210991 0.16511532664299 0.181667149066925 0.448541820049286 0.275098204612732 0.229102119803429 0.241161197423935 0.211742535233498 0.174360170960426 0.20249231159687 0.211264088749886 0.189840987324715 0.186322554945946 0.173276349902153 0.17096371948719 0.16297459602356 0.217482268810272 0.177551791071892 0.206197902560234 0.275430798530579 0.222810789942741
0.215358272194862 0.21237550675869 0.225813195109367 0.258739799261093 0.394611179828644 0.429551631212234 0.216973572969437 0.205739080905914 0.208856105804443 0.199781283736229 0.195660635828972 0.197841748595238 0.193118885159492 0.17599530518055 0.191109374165535 0.173072829842567 0.176481828093529 0.177240401506424 0.179709747433662 0.176155388355255 0.170118421316147 0.169773563742638 0.167917504906654 0.164511322975159 0.163849681615829 0.163729920983315 0.166899725794792 0.167113721370697 0.190672487020493 0.321495711803436 0.19893454015255 0.169194579124451 0.166699707508087 0.182036206126213 0.220873400568962 0.238144412636757 0.226171687245369 0.189942836761475 0.170672044157982 0.174862220883369 0.162195801734924 0.190122321248055 0.206256777048111 0.217426016926765 0.243031233549118 0.242418363690376 0.203158929944038
0.237288951873779 0.235099703073502 0.262408912181854 0.31682613492012 0.411320716142654 0.425039619207382 0.26392662525177 0.211059406399727 0.207650944590569 0.200451970100403 0.195534288883209 0.195534288883209 0.195138812065125 0.185384660959244 0.183207586407661 0.174655705690384 0.185400292277336 0.179449364542961 0.19072650372982 0.183588474988937 0.172277569770813 0.171615958213806 0.179122820496559 0.168214917182922 0.161652147769928 0.16019007563591 0.16686549782753 0.187763437628746 0.174733728170395 0.20098502933979 0.161349773406982 0.147862210869789 0.148245736956596 0.176432371139526 0.223183065652847 0.241968676447868 0.220840454101562 0.178235158324242 0.173126965761185 0.185407698154449 0.16061507165432 0.176625579595566 0.207763120532036 0.224970892071724 0.205106660723686 0.199239507317543 0.2115398645401
0.284360975027084 0.316719561815262 0.349581092596054 0.368683934211731 0.420742034912109 0.485863953828812 0.487842053174973 0.366961538791656 0.24493345618248 0.242505893111229 0.216327771544456 0.219984248280525 0.230537489056587 0.231395334005356 0.181068271398544 0.180002763867378 0.190999612212181 0.191496983170509 0.212128594517708 0.184402629733086 0.175661712884903 0.176472499966621 0.213210418820381 0.191861122846603 0.194069251418114 0.162334799766541 0.177884176373482 0.252181351184845 0.196282401680946 0.148415639996529 0.165114536881447 0.181654676795006 0.146055668592453 0.160096749663353 0.178751319646835 0.172262161970139 0.168939158320427 0.193369776010513 0.188614994287491 0.184969037771225 0.208313882350922 0.2171361297369 0.204714730381966 0.193490773439407 0.204877719283104 0.197288140654564 0.207789197564125
0.281782656908035 0.282454878091812 0.261440247297287 0.293780088424683 0.368838459253311 0.420480906963348 0.471920102834702 0.352471560239792 0.227210089564323 0.311570227146149 0.333197921514511 0.24676302075386 0.198332712054253 0.186127334833145 0.186249002814293 0.194350346922874 0.194536507129669 0.198522314429283 0.202201470732689 0.1903927475214 0.185537785291672 0.188248306512833 0.201254397630692 0.264776945114136 0.21654424071312 0.160103321075439 0.15958996117115 0.15042370557785 0.14707824587822 0.149817958474159 0.193034693598747 0.185210719704628 0.150733351707458 0.160283699631691 0.165497794747353 0.171549364924431 0.142520159482956 0.189669460058212 0.20422774553299 0.16276291012764 0.175209939479828 0.20661649107933 0.170994952321053 0.180897817015648 0.181453496217728 0.181906372308731 0.179617941379547
0.227464005351067 0.229244843125343 0.273789048194885 0.32871288061142 0.355739772319794 0.351848512887955 0.446567714214325 0.409844815731049 0.243688091635704 0.242398545145988 0.265113323926926 0.233251288533211 0.192198514938354 0.199817806482315 0.201796680688858 0.197889342904091 0.194509103894234 0.195309400558472 0.193189635872841 0.186473697423935 0.182784453034401 0.18536365032196 0.239523977041245 0.257601916790009 0.225462049245834 0.198985680937767 0.161530300974846 0.186604127287865 0.154368013143539 0.193567916750908 0.174844428896904 0.226130560040474 0.206058040261269 0.160509899258614 0.176715552806854 0.190836325287819 0.127055406570435 0.16795714199543 0.188541501760483 0.167355850338936 0.187261924147606 0.196260362863541 0.178664445877075 0.207042425870895 0.195905476808548 0.187681466341019 0.173087641596794
0.249992042779922 0.279936581850052 0.318215161561966 0.313328117132187 0.29267817735672 0.34527575969696 0.450153648853302 0.396309852600098 0.261236876249313 0.283259481191635 0.260246843099594 0.236090451478958 0.21803967654705 0.208483919501305 0.195811793208122 0.199878886342049 0.197804391384125 0.190147951245308 0.187076389789581 0.195802912116051 0.190860241651535 0.188047260046005 0.205944895744324 0.211938932538033 0.16448338329792 0.152807265520096 0.173698410391808 0.225542709231377 0.152704730629921 0.197825491428375 0.152738004922867 0.164712712168694 0.144472137093544 0.152892515063286 0.208926647901535 0.146624267101288 0.148289024829865 0.139961659908295 0.148428037762642 0.162972196936607 0.178545162081718 0.24477656185627 0.17822040617466 0.197881862521172 0.209074452519417 0.193954035639763 0.19106437265873
0.247350335121155 0.264919966459274 0.261751294136047 0.247451335191727 0.27362585067749 0.353636562824249 0.416094124317169 0.33708593249321 0.259651392698288 0.271317631006241 0.25345966219902 0.220353335142136 0.216634884476662 0.206455275416374 0.200687631964684 0.217170163989067 0.199073597788811 0.195081099867821 0.205343157052994 0.194435313344002 0.199719786643982 0.196166276931763 0.18378210067749 0.155368223786354 0.150436699390411 0.155791401863098 0.162975043058395 0.232234865427017 0.205135703086853 0.156204208731651 0.169827669858932 0.223457187414169 0.193623498082161 0.203500524163246 0.22119177877903 0.139041855931282 0.182801052927971 0.138161420822144 0.130465462803841 0.178947642445564 0.297349274158478 0.230408430099487 0.195301532745361 0.198630437254906 0.203245759010315 0.190156504511833 0.178740054368973
0.222959280014038 0.232470408082008 0.23267550766468 0.227059736847878 0.276679456233978 0.318171143531799 0.330447733402252 0.231281191110611 0.230166584253311 0.254383474588394 0.278026938438416 0.275057911872864 0.247111618518829 0.215183019638062 0.241059720516205 0.275498658418655 0.259593337774277 0.239814296364784 0.221916303038597 0.226761981844902 0.225261330604553 0.219663977622986 0.172343909740448 0.153058394789696 0.151605740189552 0.154686391353607 0.175608694553375 0.187946528196335 0.145697891712189 0.159249648451805 0.148077353835106 0.152626991271973 0.157242819666862 0.276403963565826 0.227815598249435 0.138518467545509 0.1672642827034 0.131342455744743 0.15012238919735 0.16581355035305 0.260052472352982 0.220900475978851 0.210097074508667 0.170712679624557 0.169343203306198 0.188359245657921 0.193154841661453
0.25187474489212 0.277438849210739 0.22576279938221 0.22190497815609 0.282404243946075 0.365915656089783 0.277455806732178 0.216345950961113 0.217222645878792 0.223710268735886 0.212047263979912 0.206711500883102 0.205658867955208 0.225449785590172 0.245259776711464 0.272006452083588 0.256213068962097 0.255934983491898 0.269834637641907 0.231993541121483 0.198635742068291 0.194941192865372 0.141046926379204 0.154018774628639 0.143256828188896 0.155175507068634 0.143348753452301 0.141257628798485 0.20881550014019 0.215189069509506 0.145309627056122 0.143634960055351 0.169843554496765 0.282412648200989 0.201805278658867 0.15574648976326 0.136205598711967 0.142922088503838 0.18462111055851 0.185090973973274 0.215270519256592 0.188792109489441 0.186973541975021 0.20100711286068 0.183369725942612 0.178861230611801 0.176893413066864
0.236859351396561 0.233395472168922 0.20881462097168 0.22576279938221 0.26820096373558 0.289149016141891 0.2354766279459 0.195712506771088 0.18944987654686 0.188962042331696 0.195768535137177 0.191429480910301 0.193394213914871 0.226181656122208 0.25911346077919 0.260255843400955 0.240694403648376 0.200747549533844 0.190381646156311 0.177981600165367 0.171356752514839 0.171159714460373 0.179951503872871 0.203841954469681 0.172611460089684 0.134788259863853 0.141353264451027 0.169208362698555 0.20256307721138 0.189155891537666 0.201822817325592 0.152640610933304 0.17287215590477 0.342896848917007 0.245021566748619 0.147826299071312 0.162672564387321 0.146388053894043 0.202642500400543 0.215419337153435 0.208973541855812 0.175141423940659 0.273738920688629 0.252600789070129 0.211021438241005 0.190821826457977 0.181898429989815
0.204977333545685 0.202904760837555 0.210608601570129 0.219889551401138 0.253500819206238 0.21489754319191 0.198698878288269 0.190217465162277 0.1937655210495 0.182118386030197 0.191849678754807 0.18710994720459 0.199680224061012 0.226264119148254 0.24327552318573 0.21285679936409 0.198626726865768 0.189055055379868 0.18604788184166 0.167789816856384 0.168348208069801 0.174077317118645 0.183655261993408 0.160158649086952 0.133903354406357 0.133716449141502 0.155221924185753 0.153467610478401 0.23451554775238 0.349129915237427 0.274458944797516 0.166925221681595 0.207349643111229 0.314857304096222 0.253001153469086 0.140066251158714 0.169641703367233 0.149423643946648 0.193336725234985 0.222501024603844 0.260013490915298 0.301978319883347 0.229993388056755 0.177769362926483 0.198394730687141 0.205070361495018 0.186699211597443
0.195044130086899 0.189403176307678 0.198674440383911 0.208867207169533 0.210887089371681 0.190590664744377 0.181958436965942 0.203474372625351 0.198754191398621 0.178800135850906 0.181884065270424 0.183640897274017 0.199285268783569 0.241614520549774 0.210751220583916 0.222110375761986 0.207094863057137 0.181212812662125 0.184564054012299 0.175860285758972 0.175697416067123 0.168300077319145 0.141789108514786 0.137375563383102 0.142822369933128 0.138335540890694 0.147620141506195 0.156516417860985 0.334847778081894 0.354926258325577 0.197120100259781 0.151869833469391 0.24421763420105 0.315129190683365 0.174878552556038 0.143239229917526 0.172106668353081 0.146826937794685 0.181259840726852 0.217250153422356 0.360877871513367 0.280506640672684 0.228584781289101 0.228702768683434 0.233977973461151 0.19111655652523 0.195788472890854
0.185222402215004 0.1878302693367 0.18420498073101 0.188743367791176 0.184904292225838 0.183674618601799 0.175843626260757 0.172491744160652 0.17566542327404 0.175028935074806 0.177810296416283 0.180343225598335 0.199601531028748 0.240683853626251 0.241877511143684 0.206828340888023 0.184927776455879 0.181068301200867 0.190552979707718 0.181253880262375 0.158879190683365 0.164394170045853 0.136998683214188 0.142128303647041 0.133904114365578 0.139171808958054 0.146167129278183 0.177983805537224 0.349068701267242 0.397180825471878 0.194471597671509 0.181028097867966 0.232151478528976 0.210659772157669 0.144319832324982 0.151558056473732 0.170031398534775 0.15704083442688 0.182936668395996 0.355096012353897 0.325657844543457 0.280339688062668 0.230295792222023 0.208582282066345 0.216543033719063 0.187342762947083 0.219491213560104
0.168628513813019 0.16863352060318 0.166915327310562 0.174550697207451 0.160695642232895 0.16332845389843 0.165731713175774 0.171409875154495 0.171409875154495 0.174167945981026 0.180090144276619 0.190412908792496 0.196546137332916 0.195868760347366 0.207662776112556 0.180674895644188 0.190333425998688 0.203995704650879 0.21375373005867 0.174159333109856 0.159926861524582 0.157800808548927 0.141127079725266 0.146507605910301 0.141185566782951 0.14279742538929 0.155842423439026 0.229862943291664 0.415383696556091 0.319082021713257 0.302707135677338 0.291861087083817 0.232055842876434 0.174589231610298 0.140945225954056 0.150278151035309 0.18790403008461 0.188931435346603 0.249295428395271 0.268419802188873 0.23961216211319 0.254376113414764 0.201369985938072 0.206510037183762 0.281192988157272 0.239206969738007 0.234703823924065
0.164614096283913 0.16737587749958 0.166730791330338 0.162233129143715 0.162287950515747 0.162333071231842 0.165206357836723 0.165023326873779 0.171017900109291 0.183628082275391 0.18389305472374 0.183246374130249 0.174135193228722 0.183462083339691 0.179907992482185 0.184458062052727 0.216991499066353 0.216985434293747 0.219740241765976 0.199176043272018 0.155737891793251 0.147260263562202 0.153316527605057 0.162467285990715 0.150280013680458 0.153943046927452 0.165865838527679 0.216622188687325 0.294183045625687 0.360184878110886 0.382106423377991 0.301129996776581 0.22402611374855 0.172282874584198 0.146489188075066 0.159127071499825 0.179596334695816 0.263637781143188 0.267356336116791 0.333575636148453 0.437219500541687 0.38278865814209 0.286487400531769 0.363409250974655 0.256151258945465 0.209403246641159 0.204222112894058
0.199890956282616 0.180206120014191 0.191305190324783 0.159055754542351 0.164612144231796 0.164657786488533 0.170370221138 0.170747384428978 0.17383249104023 0.173451468348503 0.162347242236137 0.170807629823685 0.17915204167366 0.182915791869164 0.183545500040054 0.192913398146629 0.216016203165054 0.238663479685783 0.195544570684433 0.15091535449028 0.153171315789223 0.156614422798157 0.161050543189049 0.162488117814064 0.188586488366127 0.186720624566078 0.174065947532654 0.189825534820557 0.268862366676331 0.339296221733093 0.319212138652802 0.250240474939346 0.220503523945808 0.191388741135597 0.162834942340851 0.184418052434921 0.179223269224167 0.209298208355904 0.228461518883705 0.246951207518578 0.215466246008873 0.210272654891014 0.169554650783539 0.213876813650131 0.241417109966278 0.263724058866501 0.219904109835625
0.19911615550518 0.216623336076736 0.163949683308601 0.164024531841278 0.164161115884781 0.166962996125221 0.167014122009277 0.169408887624741 0.172601714730263 0.16672545671463 0.170363262295723 0.175948143005371 0.185086965560913 0.191446796059608 0.229249626398087 0.192568570375443 0.216371804475784 0.256168127059937 0.239965632557869 0.175316110253334 0.210667923092842 0.171624854207039 0.184268072247505 0.187722906470299 0.253858298063278 0.224281817674637 0.217230871319771 0.214842766523361 0.183832585811615 0.163636013865471 0.181606650352478 0.163227289915085 0.178029954433441 0.206762433052063 0.201766058802605 0.20659177005291 0.207648068666458 0.181259199976921 0.169700041413307 0.187111973762512 0.174505531787872 0.19482085108757 0.175253376364708 0.162974521517754 0.16766482591629 0.227274507284164 0.219028830528259
0.205205082893372 0.165605336427689 0.171575114130974 0.168610081076622 0.166215762495995 0.174176573753357 0.177189126610756 0.169043719768524 0.187427073717117 0.19036240875721 0.18064022064209 0.182008624076843 0.223783984780312 0.201793149113655 0.227967441082001 0.205193787813187 0.216259270906448 0.246888563036919 0.2179314494133 0.209139361977577 0.223017498850822 0.199086859822273 0.24690093100071 0.212384685873985 0.269710451364517 0.238051250576973 0.292117327451706 0.290257126092911 0.375053644180298 0.1684750020504 0.199083432555199 0.406141638755798 0.449624478816986 0.586960196495056 0.552623569965363 0.26782637834549 0.225371778011322 0.326638370752335 0.220423579216003 0.180389657616615 0.175157442688942 0.153909057378769 0.176663637161255 0.215478450059891 0.183804005384445 0.160735592246056 0.157134011387825
0.165713369846344 0.165972575545311 0.16599577665329 0.174628794193268 0.175138637423515 0.177607849240303 0.184267282485962 0.195903658866882 0.18071149289608 0.183772996068001 0.204118609428406 0.203512713313103 0.230301633477211 0.230640262365341 0.218606874346733 0.250151723623276 0.262419670820236 0.225338816642761 0.237490728497505 0.226131901144981 0.233627527952194 0.236953362822533 0.259874820709229 0.228718236088753 0.325639069080353 0.405940741300583 0.4936783015728 0.578161895275116 0.542155563831329 0.25045782327652 0.185432508587837 0.383190840482712 0.620191931724548 0.672174274921417 0.726406574249268 0.684652328491211 0.668624460697174 0.450161308050156 0.188000470399857 0.200634613633156 0.183405295014381 0.155370160937309 0.149307250976562 0.189464002847672 0.200973778963089 0.162122413516045 0.145175367593765
0.156893834471703 0.156980246305466 0.162799403071404 0.168756052851677 0.158699110150337 0.164108827710152 0.171916872262955 0.188066273927689 0.180066987872124 0.192582905292511 0.221222013235092 0.255461663007736 0.24912728369236 0.245204120874405 0.261834621429443 0.316005408763885 0.370800942182541 0.28196719288826 0.299966633319855 0.267816632986069 0.224085822701454 0.286424309015274 0.353645533323288 0.342088907957077 0.407841414213181 0.534544706344604 0.610401630401611 0.670874297618866 0.603203594684601 0.293701708316803 0.314255654811859 0.451191335916519 0.591424524784088 0.639060795307159 0.728007078170776 0.76175457239151 0.686824440956116 0.248879715800285 0.179088339209557 0.172008544206619 0.179246306419373 0.183007955551147 0.1762475669384 0.162956357002258 0.154896721243858 0.141107499599457 0.153908431529999
