output/projections/02_LH/Sclerurus cearensis.asc
NCOLS 168 
NROWS 144 
XLLCORNER -41.0001394455 
YLLCORNER -8.00013921734823 
CELLSIZE 0.0416666665 
NODATA_value -3.4e+38 
[rows 63 to 83 of 144, columns 0 to 46 of 168]
0.419169336557388 0.557839334011078 0.717501640319824 0.801111102104187 0.653296589851379 0.338352471590042 0.364721447229385 0.407532960176468 0.376944959163666 0.317889899015427 0.260043084621429 0.239101588726044 0.250562906265259 0.246102049946785 0.239652290940285 0.327798306941986 0.421771824359894 0.397119909524918 0.28472825884819 0.225821629166603 0.197639957070351 0.399333119392395 0.224339738488197 0.302159607410431 0.502662122249603 0.616461515426636 0.255222260951996 0.336992263793945 0.534616529941559 0.667999148368835 0.566808521747589 0.427705019712448 0.324706315994263 0.340663760900497 0.451660990715027 0.335331201553345 0.364259093999863 0.409229934215546 0.25036033987999 0.317760199308395 0.230755016207695 0.194632709026337 0.176360487937927 0.187432467937469 0.191122055053711 0.183136224746704 0.183388069272041
0.46111461520195 0.619429886341095 0.804668962955475 0.849797964096069 0.391316324472427 0.296506851911545 0.280088931322098 0.380641311407089 0.405004948377609 0.302423506975174 0.256691545248032 0.260932385921478 0.232518494129181 0.238027304410934 0.256669938564301 0.282688349485397 0.416254758834839 0.339473813772202 0.267340391874313 0.197429493069649 0.392437309026718 0.763749063014984 0.539131999015808 0.320212632417679 0.536299288272858 0.69772857427597 0.392890989780426 0.289565026760101 0.362497448921204 0.386798799037933 0.431686520576477 0.417495280504227 0.371491700410843 0.307264029979706 0.33304226398468 0.283118456602097 0.326183676719666 0.317779332399368 0.345182210206985 0.291980683803558 0.188039302825928 0.185057565569878 0.185376793146133 0.18831379711628 0.193644925951958 0.196696266531944 0.215984284877777
0.439381092786789 0.564602911472321 0.775740683078766 0.718129515647888 0.346804857254028 0.281791657209396 0.251015692949295 0.30067777633667 0.387911111116409 0.318171322345734 0.241842463612556 0.299163699150085 0.23473533987999 0.234413862228394 0.247507572174072 0.25246387720108 0.34653639793396 0.350536286830902 0.262190639972687 0.24595645070076 0.607525646686554 0.736047923564911 0.706442952156067 0.648298323154449 0.611874520778656 0.75981879234314 0.560420095920563 0.335645824670792 0.314690411090851 0.342009276151657 0.403610378503799 0.457508057355881 0.368405550718307 0.276922285556793 0.288990020751953 0.281464844942093 0.272374540567398 0.267963021993637 0.3194520175457 0.351312458515167 0.408495604991913 0.365377426147461 0.333080470561981 0.190023273229599 0.200202316045761 0.20956464111805 0.242317542433739
0.343922048807144 0.483304053544998 0.790962874889374 0.500951886177063 0.317741423845291 0.263818502426147 0.237840473651886 0.246764928102493 0.351398766040802 0.340916335582733 0.278821110725403 0.330860912799835 0.272162288427353 0.263787537813187 0.244236424565315 0.247548699378967 0.248695135116577 0.37374609708786 0.461141407489777 0.651949286460876 0.830089807510376 0.86473548412323 0.644416987895966 0.660800218582153 0.715068638324738 0.750702202320099 0.574414014816284 0.397756040096283 0.293128430843353 0.322819173336029 0.470254361629486 0.367674738168716 0.290352791547775 0.274763762950897 0.240801155567169 0.239831626415253 0.25023028254509 0.265767842531204 0.281638771295547 0.376060873270035 0.45676651597023 0.37070569396019 0.275335311889648 0.325552403926849 0.258437782526016 0.269938379526138 0.201923340559006
0.344821333885193 0.546054661273956 0.776066064834595 0.416439920663834 0.288131535053253 0.266190975904465 0.224446162581444 0.233737289905548 0.256969124078751 0.339070022106171 0.309499025344849 0.343098312616348 0.346003293991089 0.292443215847015 0.225163862109184 0.216821938753128 0.208264127373695 0.320629328489304 0.412555396556854 0.734546482563019 0.875569462776184 0.842789053916931 0.699914813041687 0.613629937171936 0.635940134525299 0.732328057289124 0.659798920154572 0.41008186340332 0.263768017292023 0.298701405525208 0.392465651035309 0.287536174058914 0.29211688041687 0.230791613459587 0.225113317370415 0.242260441184044 0.242626205086708 0.240073755383492 0.252184510231018 0.301389575004578 0.261434018611908 0.208974957466125 0.193359509110451 0.208739474415779 0.218619450926781 0.204524502158165 0.175977498292923
0.308567881584167 0.496799260377884 0.793500661849976 0.393376886844635 0.298950403928757 0.249364763498306 0.224642351269722 0.223834022879601 0.246805399656296 0.304280966520309 0.2765112221241 0.273025780916214 0.288060873746872 0.29477122426033 0.288322478532791 0.24379526078701 0.200891390442848 0.204761028289795 0.41069096326828 0.705265700817108 0.89311420917511 0.508371353149414 0.664704382419586 0.458987355232239 0.485261142253876 0.633642733097076 0.474614441394806 0.495251387357712 0.344218760728836 0.24303163588047 0.21902622282505 0.228794306516647 0.343775033950806 0.202653020620346 0.210605710744858 0.243451967835426 0.212821424007416 0.210456818342209 0.223731905221939 0.206664979457855 0.241777032613754 0.264302909374237 0.212643966078758 0.177890732884407 0.182770267128944 0.27836412191391 0.187932968139648
0.328214555978775 0.509785532951355 0.782949388027191 0.437360554933548 0.298908293247223 0.259470015764236 0.219111815094948 0.21643440425396 0.2563416659832 0.262071788311005 0.281089842319489 0.235716000199318 0.243774458765984 0.243146896362305 0.236772641539574 0.214146822690964 0.242431983351707 0.204567328095436 0.278091549873352 0.457503736019135 0.343401342630386 0.32724317908287 0.44648751616478 0.308634787797928 0.407056987285614 0.565146267414093 0.317022413015366 0.416046679019928 0.542284727096558 0.422018527984619 0.27928352355957 0.217096596956253 0.235047578811646 0.189654886722565 0.212078511714935 0.239465653896332 0.199940979480743 0.188903838396072 0.198020949959755 0.185393944382668 0.222121983766556 0.295756608247757 0.185669615864754 0.201745375990868 0.542284369468689 0.462365120649338 0.216818019747734
0.307941526174545 0.510320544242859 0.684038758277893 0.420412063598633 0.254551321268082 0.289949357509613 0.21345691382885 0.227581590414047 0.291273385286331 0.2411048412323 0.238243728876114 0.234215721487999 0.227843657135963 0.214469164609909 0.203217059373856 0.208596229553223 0.20554119348526 0.237128511071205 0.218817934393883 0.304954916238785 0.469851464033127 0.489478141069412 0.376376122236252 0.282822042703629 0.286592364311218 0.338370501995087 0.353979885578156 0.331319004297256 0.398401767015457 0.364682108163834 0.221421286463737 0.204338878393173 0.215333595871925 0.186048924922943 0.19199500977993 0.204954460263252 0.219740301370621 0.197898060083389 0.184950083494186 0.180135548114777 0.194615423679352 0.215293526649475 0.184808328747749 0.273584455251694 0.420604914426804 0.202743083238602 0.189092636108398
0.327445864677429 0.606230139732361 0.425361394882202 0.265537858009338 0.228324428200722 0.258985251188278 0.207505211234093 0.235567152500153 0.313629627227783 0.234298750758171 0.264863640069962 0.246073946356773 0.22189761698246 0.207332223653793 0.197039216756821 0.19761323928833 0.204351380467415 0.211102068424225 0.232111141085625 0.277425706386566 0.412034153938293 0.575377285480499 0.437169641256332 0.388315916061401 0.303709924221039 0.312858551740646 0.302409917116165 0.236122220754623 0.28268238902092 0.210231453180313 0.201415196061134 0.191420719027519 0.188397213816643 0.186174347996712 0.199709728360176 0.191832050681114 0.22136016190052 0.219019249081612 0.201199918985367 0.181117996573448 0.1809211820364 0.18480971455574 0.18798916041851 0.238895058631897 0.200251087546349 0.175950422883034 0.173122629523277
0.236399650573730 0.291671007871628 0.297360181808472 0.217139199376106 0.217345550656319 0.230948939919472 0.209688827395439 0.228679716587067 0.229576900601387 0.223185315728188 0.231884032487869 0.264644294977188 0.23175647854805 0.20926459133625 0.196289673447609 0.196982458233833 0.199155181646347 0.201715156435966 0.203925341367722 0.261988431215286 0.37190580368042 0.431381464004517 0.397345334291458 0.332246482372284 0.36429551243782 0.33702290058136 0.269116848707199 0.232993245124817 0.232651099562645 0.220365926623344 0.191721007227898 0.199604913592339 0.182619646191597 0.189006984233856 0.189210563898087 0.191043511033058 0.195954650640488 0.226559862494469 0.196205213665962 0.178376659750938 0.175899967551231 0.249104350805283 0.286353170871735 0.287351995706558 0.177399694919586 0.176866501569748 0.198401361703873
0.360953986644745 0.369727194309235 0.270041942596436 0.239079669117928 0.237434282898903 0.238149061799049 0.218167006969452 0.228905320167542 0.242486014962196 0.255128026008606 0.2308269739151 0.228086546063423 0.216753706336021 0.205521449446678 0.19743911921978 0.198456659913063 0.196457967162132 0.197031468153 0.203172013163567 0.243576645851135 0.336236506700516 0.366790682077408 0.346308469772339 0.336436003446579 0.496628046035767 0.402946710586548 0.375693529844284 0.240385621786118 0.220792725682259 0.224338069558144 0.21779853105545 0.186131373047829 0.183516353368759 0.188276991248131 0.181525945663452 0.188276991248131 0.187271952629089 0.203519850969315 0.198376283049583 0.173544675111771 0.182718753814697 0.357517123222351 0.368960052728653 0.182463720440865 0.211011365056038 0.302089959383011 0.264262199401855
0.366183042526245 0.557732224464417 0.435062557458878 0.27676123380661 0.241132527589798 0.261805534362793 0.221846804022789 0.217296704649925 0.242486014962196 0.266934216022491 0.277887672185898 0.2434171885252 0.25151738524437 0.206896185874939 0.221623301506042 0.198773622512817 0.201067790389061 0.196989119052887 0.204313218593597 0.226782605051994 0.315061450004578 0.348709940910339 0.331940650939941 0.344464927911758 0.332078605890274 0.418314665555954 0.378779023885727 0.229643583297729 0.211169973015785 0.214147135615349 0.19500720500946 0.18557246029377 0.182012155652046 0.18250684440136 0.178769290447235 0.178185299038887 0.193458259105682 0.198790922760963 0.175951302051544 0.178137749433517 0.180934935808182 0.346963554620743 0.26421320438385 0.179686576128006 0.197045728564262 0.176057308912277 0.186673045158386
0.327317774295807 0.561021506786346 0.59186327457428 0.334006428718567 0.254690587520599 0.246628150343895 0.257421046495438 0.235434383153915 0.216065660119057 0.227196410298347 0.232277750968933 0.248787730932236 0.232466384768486 0.202149167656898 0.196985572576523 0.199090987443924 0.202029228210449 0.200329124927521 0.203558832406998 0.27292412519455 0.462292373180389 0.368707060813904 0.345192193984985 0.341061770915985 0.32416769862175 0.286437541246414 0.232051134109497 0.192531168460846 0.200155809521675 0.192611992359161 0.187200143933296 0.183431342244148 0.191735953092575 0.182280123233795 0.19119568169117 0.180376648902893 0.180867865681648 0.190717339515686 0.173588290810585 0.177683189511299 0.178363159298897 0.206692978739738 0.206946030259132 0.181657284498215 0.182062193751335 0.183409035205841 0.173813253641129
0.3327257335186 0.525021314620972 0.538172125816345 0.345666378736496 0.254061728715897 0.264586925506592 0.280450135469437 0.282947510480881 0.228905320167542 0.25748810172081 0.233071491122246 0.238770514726639 0.238037809729576 0.21488294005394 0.196748554706573 0.194827660918236 0.201494663953781 0.199203580617905 0.200010284781456 0.224754810333252 0.24182753264904 0.251908540725708 0.291714459657669 0.367241024971008 0.229751721024513 0.254653453826904 0.193731799721718 0.19266314804554 0.252248704433441 0.188679948449135 0.190413534641266 0.187200143933296 0.193897932767868 0.187913998961449 0.183199554681778 0.194874539971352 0.17736428976059 0.175341114401817 0.175021380186081 0.172201737761497 0.181065931916237 0.17121422290802 0.168646708130836 0.176750227808952 0.184436857700348 0.177880972623825 0.173118218779564
0.544009387493134 0.634844064712524 0.412236720323563 0.332490473985672 0.28626161813736 0.271215289831161 0.278224915266037 0.278617113828659 0.249273672699928 0.248787313699722 0.273605167865753 0.254368662834167 0.275671660900116 0.248190566897392 0.207550510764122 0.205803990364075 0.200805634260178 0.197402805089951 0.195934534072876 0.197677090764046 0.19985556602478 0.21485199034214 0.256753891706467 0.280504941940308 0.206944465637207 0.193468704819679 0.198344066739082 0.293616563081741 0.194487169384956 0.189760118722916 0.196703508496284 0.21151576936245 0.201899960637093 0.194322064518929 0.182230114936829 0.183309748768806 0.180116847157478 0.19169807434082 0.174005955457687 0.171897634863853 0.208867728710175 0.179305329918861 0.186238944530487 0.168093591928482 0.168186441063881 0.162596449255943 0.164997041225433
0.395967453718185 0.610311329364777 0.501718521118164 0.335234016180038 0.290135890245438 0.2865329682827 0.282317489385605 0.255099534988403 0.268557369709015 0.23947374522686 0.231928184628487 0.233784198760986 0.241065010428429 0.226865291595459 0.204336613416672 0.199135795235634 0.193725541234016 0.194251105189323 0.196667641401291 0.20042872428894 0.185948759317398 0.201825514435768 0.209305703639984 0.206506460905075 0.206377357244492 0.289596080780029 0.423823803663254 0.249212846159935 0.190811410546303 0.256894737482071 0.266028463840485 0.195970296859741 0.229160591959953 0.195463106036186 0.196267873048782 0.178750425577164 0.19841942191124 0.177717268466949 0.174063414335251 0.189516335725784 0.209306821227074 0.185685724020004 0.187542885541916 0.182016685605049 0.175504803657532 0.161855101585388 0.157614886760712
0.57216465473175 0.554526090621948 0.537383735179901 0.339479058980942 0.281086415052414 0.309218198060989 0.284562528133392 0.261331468820572 0.242946520447731 0.277331173419952 0.240946650505066 0.2486292719841 0.278420835733414 0.230228900909424 0.215107008814812 0.213503167033195 0.192278072237968 0.196340918540955 0.198773622512817 0.196667641401291 0.194578543305397 0.196731254458427 0.22997935116291 0.355474978685379 0.340733498334885 0.553847789764404 0.414332330226898 0.263607829809189 0.221929043531418 0.250436663627625 0.311633557081223 0.30572783946991 0.383659362792969 0.265529364347458 0.182872578501701 0.183050602674484 0.197055220603943 0.184203535318375 0.186835125088692 0.174445807933807 0.187410399317741 0.176636531949043 0.188071489334106 0.18011748790741 0.181725770235062 0.169288873672485 0.164986848831177
0.649646639823914 0.653322100639343 0.598901987075806 0.355694502592087 0.291938990354538 0.304197818040848 0.286167055368423 0.271261364221573 0.238421052694321 0.290320008993149 0.230806052684784 0.224602103233337 0.262447625398636 0.275980323553085 0.224635660648346 0.192454174160957 0.193303346633911 0.191557422280312 0.194307520985603 0.192546918988228 0.1931262165308 0.197214931249619 0.349570661783218 0.426338315010071 0.450783640146255 0.47363156080246 0.383708775043488 0.535820662975311 0.282937467098236 0.422540783882141 0.416743367910385 0.457965314388275 0.436576575040817 0.212879091501236 0.185612201690674 0.217599853873253 0.222389563918114 0.201297357678413 0.182028025388718 0.170533537864685 0.179597526788712 0.172135978937149 0.180714711546898 0.160094067454338 0.159915626049042 0.16726291179657 0.160967767238617
0.659369111061096 0.688274085521698 0.633642017841339 0.36282616853714 0.310397118330002 0.294548720121384 0.272549778223038 0.258096933364868 0.242015182971954 0.256990522146225 0.247392401099205 0.204889386892319 0.211887419223785 0.21519860625267 0.21830977499485 0.214853629469872 0.192683011293411 0.197436287999153 0.195662081241608 0.190901011228561 0.19147652387619 0.277247607707977 0.540563464164734 0.367950886487961 0.307184964418411 0.380701899528503 0.453807562589645 0.384048938751221 0.446150243282318 0.562369704246521 0.558145403862 0.514661848545074 0.344026893377304 0.201064184308052 0.232597500085831 0.237334445118904 0.209983080625534 0.18830406665802 0.185161128640175 0.182201698422432 0.174638524651527 0.174896761775017 0.161761000752449 0.168579369783401 0.157077357172966 0.15590563416481 0.158173426985741
0.464394181966782 0.675364255905151 0.669259369373322 0.34553924202919 0.298275291919708 0.284996420145035 0.261710464954376 0.261743575334549 0.227288261055946 0.239743962883949 0.261362701654434 0.21370542049408 0.218797221779823 0.200746268033981 0.188931167125702 0.193717747926712 0.208000689744949 0.191196769475937 0.192443743348122 0.192816078662872 0.186058878898621 0.331695109605789 0.401431798934937 0.361701965332031 0.294109970331192 0.371917128562927 0.330256968736649 0.320885866880417 0.447395294904709 0.496814638376236 0.413410812616348 0.438237220048904 0.325103104114532 0.208747133612633 0.225479856133461 0.22386622428894 0.204610094428062 0.185975730419159 0.188680022954941 0.177476853132248 0.165367752313614 0.163537949323654 0.163537949323654 0.18596051633358 0.155862972140312 0.154259607195854 0.160987228155136
0.499829173088074 0.660551190376282 0.577300906181335 0.342395782470703 0.307766765356064 0.283018618822098 0.250549107789993 0.224658831954002 0.227404877543449 0.237297624349594 0.260512888431549 0.196962058544159 0.216938555240631 0.204352274537086 0.188969999551773 0.19165250658989 0.191549688577652 0.19378063082695 0.197289749979973 0.192350462079048 0.20644074678421 0.303443551063538 0.324710518121719 0.372626334428787 0.281126111745834 0.245795786380768 0.242122709751129 0.452830225229263 0.510989367961884 0.412123590707779 0.393183797597885 0.397242605686188 0.253219306468964 0.252647310495377 0.193938955664635 0.218383714556694 0.20470130443573 0.203412398695946 0.181371748447418 0.181806668639183 0.166289299726486 0.158689066767693 0.173891067504883 0.185741811990738 0.159938633441925 0.16205532848835 0.164044916629791
