output/projections/02_LH/Sclerurus cearensis.asc
NCOLS 168 
NROWS 144 
XLLCORNER -41.0001394455 
YLLCORNER -8.00013921734823 
CELLSIZE 0.0416666665 
NODATA_value -3.4e+38 
[rows 21 to 41 of 144, columns 0 to 46 of 168]
0.383655667304993 0.409248828887939 0.432683527469635 0.432953983545303 0.384246587753296 0.438097089529037 0.436006993055344 0.452815860509872 0.417219310998917 0.457639962434769 0.4600550532341 0.456804901361465 0.483142733573914 0.46616718173027 0.48554202914238 0.511640667915344 0.487655341625214 0.50434798002243 0.539594948291779 0.560914516448975 0.467387527227402 0.52459442615509 0.569223046302795 0.534286677837372 0.566885828971863 0.543150305747986 0.524112343788147 0.528961718082428 -3.4e+38 -3.4e+38 -3.4e+38 -3.4e+38 -3.4e+38 -3.4e+38 -3.4e+38 -3.4e+38 -3.4e+38 -3.4e+38 -3.4e+38 -3.4e+38 -3.4e+38 -3.4e+38 -3.4e+38 -3.4e+38 -3.4e+38 -3.4e+38 -3.4e+38
0.392585277557373 0.397233545780182 0.425208479166031 0.444327354431152 0.372519165277481 0.414008677005768 0.451874285936356 0.430927664041519 0.430927664041519 0.40052518248558 0.467054665088654 0.440796285867691 0.475910544395447 0.473435133695602 0.471011072397232 0.494997918605804 0.497429341077805 0.494622051715851 0.529915988445282 0.544423699378967 0.427943229675293 0.510023593902588 0.529443323612213 0.507918357849121 0.548022747039795 0.543523371219635 0.526903569698334 0.531699895858765 0.534120917320251 0.519574642181396 -3.4e+38 -3.4e+38 -3.4e+38 -3.4e+38 -3.4e+38 -3.4e+38 -3.4e+38 -3.4e+38 -3.4e+38 -3.4e+38 -3.4e+38 -3.4e+38 -3.4e+38 -3.4e+38 -3.4e+38 -3.4e+38 -3.4e+38
0.396913141012192 0.394955068826675 0.424528241157532 0.453262716531754 0.388265788555145 0.394955068826675 0.444327354431152 0.423477739095688 0.447382897138596 0.409603774547577 0.402862757444382 0.454971373081207 0.431229621171951 0.46379753947258 0.458963453769684 0.47559455037117 0.492566734552383 0.473089456558228 0.542060196399689 0.511306285858154 0.40460479259491 0.474707692861557 0.505487263202667 0.515259206295013 0.513146102428436 0.493696957826614 0.514767467975616 0.489092826843262 0.502871513366699 0.531699895858765 0.512544929981232 0.505252659320831 -3.4e+38 -3.4e+38 -3.4e+38 -3.4e+38 -3.4e+38 -3.4e+38 -3.4e+38 -3.4e+38 -3.4e+38 -3.4e+38 -3.4e+38 -3.4e+38 -3.4e+38 -3.4e+38 -3.4e+38
0.396295040845871 0.398962318897247 0.447772562503815 0.474300980567932 0.363178133964539 0.392314106225967 0.456073641777039 0.399612903594971 0.449516117572784 0.449516117572784 0.375131130218506 0.426213026046753 0.431278914213181 0.436056405305862 0.454137086868286 0.461379587650299 0.47559455037117 0.451677322387695 0.516550123691559 0.494622051715851 0.374575704336166 0.463269352912903 0.482038736343384 0.500991344451904 0.491623908281326 0.494004726409912 0.498867571353912 0.450983136892319 0.50808310508728 0.517453789710999 0.517453789710999 0.522309243679047 0.550216197967529 0.561587154865265 -3.4e+38 -3.4e+38 -3.4e+38 -3.4e+38 -3.4e+38 -3.4e+38 -3.4e+38 -3.4e+38 -3.4e+38 -3.4e+38 -3.4e+38 -3.4e+38 -3.4e+38
0.423862516880035 0.428619772195816 0.492617219686508 0.468688875436783 0.358083933591843 0.362923353910446 0.469922304153442 0.417807668447495 0.436846673488617 0.441976815462112 0.379411965608597 0.402911096811295 0.405253171920776 0.424136847257614 0.447268009185791 0.458963453769684 0.439713180065155 0.470715671777725 0.499535202980042 0.499230533838272 0.355340033769608 0.441586941480637 0.479926973581314 0.467802971601486 0.465738624334335 0.456318914890289 0.470312654972076 0.441915541887283 0.500789105892181 0.505652010440826 0.52478551864624 0.510164797306061 0.526353776454926 0.575572729110718 0.568757772445679 -3.4e+38 -3.4e+38 -3.4e+38 -3.4e+38 -3.4e+38 -3.4e+38 -3.4e+38 -3.4e+38 -3.4e+38 -3.4e+38 -3.4e+38 -3.4e+38
0.465972423553467 0.484970808029175 0.508815884590149 0.428149938583374 0.344783812761307 0.375931739807129 0.461915671825409 0.436144411563873 0.462660878896713 0.429632842540741 0.383703202009201 0.391221076250076 0.414663672447205 0.403198748826981 0.421283096075058 0.437670826911926 0.437670826911926 0.471081405878067 0.49472251534462 0.494672298431396 0.353115141391754 0.3933185338974 0.465688645839691 0.458732932806015 0.45902094244957 0.459070831537247 0.447249084711075 0.414396911859512 0.480014592409134 0.517802536487579 0.527508497238159 0.448526382446289 0.488583028316498 0.545133233070374 0.573522388935089 0.575899660587311 0.589303076267242 -3.4e+38 -3.4e+38 -3.4e+38 -3.4e+38 -3.4e+38 -3.4e+38 -3.4e+38 -3.4e+38 -3.4e+38 -3.4e+38
0.455902397632599 0.51480895280838 0.463049203157425 0.439763098955154 0.368353217840195 0.360052347183228 0.442642867565155 0.447447210550308 0.487806230783463 0.408327043056488 0.379113703966141 0.444707453250885 0.428593337535858 0.38923904299736 0.419441759586334 0.398575007915497 0.446963638067245 0.480468541383743 0.439713180065155 0.405204713344574 0.350896626710892 0.352472811937332 0.44668447971344 0.451784402132034 0.449376612901688 0.444845825433731 0.44511467218399 0.412285029888153 0.484871685504913 0.504319489002228 0.421189308166504 0.469736605882645 0.508372962474823 0.538203835487366 0.552358448505402 0.547494113445282 0.566370606422424 0.598363697528839 0.554010391235352 -3.4e+38 -3.4e+38 -3.4e+38 -3.4e+38 -3.4e+38 -3.4e+38 -3.4e+38 -3.4e+38
0.434635400772095 0.535238027572632 0.472089231014252 0.438971906900406 0.383980870246887 0.359394758939743 0.427479535341263 0.484132915735245 0.43981260061264 0.405687868595123 0.41544371843338 0.435171365737915 0.45882859826088 0.377742022275925 0.409998774528503 0.377789258956909 0.442209899425507 0.490266233682632 0.373452007770538 0.456284791231155 0.3369300365448 0.320302814245224 0.439819693565369 0.44702085852623 0.440047174692154 0.456885635852814 0.391777962446213 0.440624415874481 0.511662364006042 0.428318649530411 0.46118289232254 0.50622296333313 0.505891680717468 0.505302906036377 0.500440001487732 0.519074261188507 0.53057861328125 0.577157497406006 0.518400430679321 0.588256418704987 0.581171274185181 -3.4e+38 -3.4e+38 -3.4e+38 -3.4e+38 -3.4e+38 -3.4e+38
0.464923679828644 0.530395865440369 0.48365044593811 0.452824234962463 0.390592485666275 0.379080295562744 0.422774612903595 0.529468953609467 0.446219861507416 0.395643144845963 0.444994121789932 0.415777444839478 0.472345739603043 0.390975713729858 0.348512381315231 0.389002591371536 0.4115871489048 0.453922659158707 0.409185081720352 0.412304908037186 0.297224253416061 0.288091987371445 0.42107093334198 0.449754267930984 0.463905066251755 0.438766002655029 0.339616507291794 0.490648150444031 0.456885635852814 0.410167753696442 0.492765694856644 0.507031738758087 0.489731639623642 0.491303473711014 0.505302906036377 0.493145704269409 0.525730907917023 0.513592481613159 0.496841460466385 0.558063268661499 0.580726683139801 0.612841129302979 0.574003338813782 -3.4e+38 -3.4e+38 -3.4e+38 -3.4e+38
0.483259439468384 0.47879421710968 0.457383543252945 0.452749073505402 0.391229122877121 0.372236877679825 0.401902884244919 0.471949011087418 0.439021378755569 0.409311711788177 0.497174352407455 0.476061344146729 0.420175403356552 0.402310222387314 0.341916918754578 0.416075617074966 0.385990917682648 0.411606848239899 0.538553476333618 0.444610297679901 0.25926873087883 0.281255185604095 0.444195717573166 0.489832073450089 0.443293124437332 0.389491200447083 0.347000151872635 0.443821638822556 0.358271181583405 0.398220658302307 0.514373183250427 0.509462654590607 0.421445995569229 0.505652010440826 0.519932150840759 0.483425110578537 0.49071478843689 0.513592481613159 0.501438021659851 0.546037793159485 0.557724356651306 0.562170147895813 0.603522658348083 0.5576251745224 -3.4e+38 -3.4e+38 -3.4e+38
0.474479407072067 0.452665090560913 0.491478979587555 0.465105473995209 0.429812371730804 0.383669674396515 0.383669674396515 0.443867325782776 0.397235989570618 0.46762603521347 0.527045130729675 0.480518966913223 0.438222616910934 0.431415975093842 0.372363954782486 0.327163845300674 0.31624037027359 0.373961448669434 0.696924328804016 0.416257351636887 0.241168305277824 0.267331779003143 0.437800377607346 0.419440597295761 0.387133240699768 0.347671836614609 0.378183245658875 0.378461360931396 0.356084167957306 0.401064842939377 0.502219319343567 0.409684330224991 0.44676798582077 0.508423209190369 0.531799972057343 0.483425110578537 0.492387175559998 0.508731842041016 0.506351053714752 0.529448091983795 0.49576610326767 0.605943620204926 0.557674765586853 0.587814033031464 0.538695871829987 -3.4e+38 -3.4e+38
0.433461755514145 0.5246701836586 0.547948002815247 0.50363028049469 0.547117829322815 0.419195711612701 0.365796118974686 0.376888036727905 0.469725996255875 0.584544718265533 0.564800500869751 0.548403263092041 0.466022431850433 0.41484808921814 0.4315145611763 0.408040314912796 0.400070190429688 0.333808124065399 0.444367170333862 0.31671404838562 0.242501616477966 0.373248487710953 0.402987062931061 0.37416934967041 0.34090855717659 0.345728576183319 0.373802423477173 0.352404057979584 0.383095324039459 0.403906285762787 0.378433227539062 0.377672404050827 0.455600053071976 0.500889599323273 0.547957301139832 0.507159829139709 0.444790303707123 0.513317286968231 0.523030400276184 0.481993317604065 0.458085238933563 0.57097852230072 0.57127457857132 0.540358304977417 0.581745386123657 0.577612102031708 -3.4e+38
0.530602872371674 0.470778614282608 0.372978955507278 0.809458792209625 0.585368931293488 0.455391079187393 0.392539829015732 0.372861921787262 0.403566479682922 0.408257365226746 0.506978332996368 0.668666541576385 0.536831438541412 0.468089252710342 0.475765466690063 0.42670002579689 0.414799302816391 0.390721917152405 0.315620511770248 0.242406368255615 0.334098845720291 0.402987062931061 0.362899482250214 0.34090855717659 0.317411720752716 0.372132211923599 0.38126665353775 0.32188093662262 0.390014350414276 0.410761892795563 0.360529214143753 0.412087291479111 0.370429843664169 0.491164267063141 0.519725143909454 0.495369642972946 0.40108397603035 0.47961550951004 0.506025433540344 0.465021818876266 0.465071827173233 0.507973372936249 0.553310096263885 0.52075058221817 0.555323839187622 0.495353430509567 0.481085151433945
0.479389071464539 0.354799330234528 0.38213637471199 0.73456734418869 0.582897841930389 0.46227753162384 0.501204431056976 0.414549469947815 0.388890773057938 0.43834376335144 0.438442707061768 0.677786231040955 0.507769167423248 0.616441488265991 0.431947082281113 0.398019284009933 0.396728545427322 0.399709343910217 0.269532054662704 0.249822184443474 0.416355013847351 0.371441453695297 0.360653728246689 0.322208493947983 0.317693322896957 0.395173460245132 0.343691766262054 0.313620001077652 0.38539656996727 0.371669352054596 0.340234994888306 0.405036687850952 0.377249985933304 0.419959515333176 0.450449734926224 0.463822513818741 0.431222587823868 0.430429130792618 0.442085981369019 0.457820624113083 0.427546888589859 0.538424074649811 0.543675661087036 0.526690661907196 0.462328881025314 0.396886765956879 0.490006953477859
0.379565000534058 0.419251263141632 0.491321921348572 0.516429543495178 0.493713766336441 0.489048331975937 0.520645141601562 0.44403263926506 0.418719947338104 0.375722646713257 0.362605065107346 0.563211023807526 0.585972368717194 0.507218241691589 0.401951193809509 0.340492963790894 0.365361511707306 0.401393443346024 0.251846879720688 0.339672744274139 0.327289968729019 0.378326326608658 0.342558681964874 0.333727926015854 0.345728576183319 0.370311796665192 0.315313309431076 0.306737422943115 0.358053773641586 0.328242540359497 0.330152302980423 0.342061132192612 0.324909120798111 0.359322756528854 0.519830226898193 0.501639008522034 0.454162001609802 0.413871556520462 0.446443378925323 0.465437024831772 0.356428951025009 0.545716881752014 0.53435218334198 0.4848752617836 0.403301030397415 0.40374481678009 0.492647677659988
0.354829609394073 0.484293788671494 0.617232501506805 0.62470281124115 0.518121600151062 0.544645965099335 0.50830203294754 0.413078665733337 0.484238922595978 0.366257041692734 0.343396365642548 0.820697069168091 0.960783064365387 0.932190001010895 0.542866289615631 0.383350133895874 0.348924934864044 0.308936387300491 0.248330354690552 0.275837868452072 0.279324471950531 0.369473844766617 0.331975609064102 0.34291809797287 0.359091430902481 0.336677223443985 0.296046018600464 0.287945836782455 0.314810037612915 0.277071744203568 0.266792267560959 0.3693807721138 0.29655396938324 0.729453861713409 0.786096215248108 0.705723404884338 0.425365775823593 0.451000452041626 0.434458643198013 0.413822799921036 0.418383955955505 0.507697999477386 0.52707439661026 0.411984533071518 0.342657655477524 0.41800394654274 0.452651649713516
0.332155227661133 0.507652282714844 0.659060537815094 0.522845268249512 0.546937704086304 0.491282761096954 0.431151539087296 0.39435014128685 0.350344687700272 0.357165604829788 0.80082094669342 0.959147453308105 0.981632709503174 0.961792230606079 0.866570115089417 0.595982134342194 0.373322784900665 0.275408744812012 0.274469763040543 0.263515949249268 0.280884146690369 0.32395875453949 0.332263827323914 0.352404057979584 0.299067586660385 0.34049654006958 0.276497781276703 0.254183560609818 0.248429656028748 0.238939374685287 0.232072085142136 0.773585081100464 0.608681559562683 0.788335025310516 0.922407507896423 0.819115281105042 0.53819340467453 0.500880300998688 0.402126014232635 0.427596092224121 0.465437024831772 0.42324161529541 0.416135281324387 0.325764417648315 0.395045518875122 0.412913948297501 0.392920404672623
0.762485265731812 0.58753889799118 0.500847697257996 0.47644904255867 0.454931080341339 0.43981745839119 0.462175518274307 0.384197682142258 0.30444061756134 0.519447445869446 0.92354553937912 0.936665892601013 0.963237822055817 0.945934534072876 0.933484613895416 0.493475407361984 0.307869970798492 0.239359200000763 0.260948836803436 0.272226184606552 0.272373259067535 0.34366911649704 0.356459975242615 0.30247038602829 0.272709161043167 0.292336165904999 0.236287251114845 0.275602668523788 0.24300155043602 0.56938898563385 0.754393696784973 0.806092739105225 0.895901083946228 0.964349210262299 0.956115007400513 0.686431229114532 0.64044851064682 0.348791092634201 0.429783791303635 0.448897987604141 0.4394870698452 0.393770545721054 0.294778913259506 0.319201588630676 0.369669109582901 0.411515086889267 0.388880491256714
0.932090699672699 0.664684772491455 0.452261835336685 0.400287061929703 0.367548376321793 0.605679512023926 0.546859264373779 0.361373901367188 0.311207681894302 0.287066578865051 0.735209882259369 0.863455891609192 0.668639838695526 0.687861084938049 0.506681680679321 0.354961663484573 0.254541456699371 0.237833440303802 0.221218794584274 0.276270002126694 0.270096808671951 0.355659037828445 0.299876391887665 0.263517558574677 0.23279495537281 0.254971832036972 0.186222225427628 0.491119176149368 0.318733900785446 0.521420359611511 0.78061306476593 0.77400678396225 0.938965499401093 0.945863485336304 0.861390233039856 0.82050758600235 0.55947732925415 0.392566621303558 0.352043837308884 0.326560586690903 0.423631638288498 0.36873584985733 0.256078362464905 0.320796281099319 0.341442555189133 0.390256732702255 0.41705533862114
0.952515363693237 0.744506180286407 0.447410255670547 0.345738798379898 0.409748196601868 0.530090570449829 0.443678379058838 0.359132289886475 0.311324268579483 0.278295248746872 0.279764980077744 0.900690734386444 0.909094393253326 0.645112574100494 0.360991626977921 0.27775639295578 0.229471534490585 0.235393509268761 0.229618608951569 0.230465576052666 0.256269723176956 0.336011350154877 0.292557954788208 0.236470207571983 0.241160571575165 0.260286718606949 0.190855607390404 0.212865427136421 0.383574038743973 0.781832635402679 0.580200731754303 0.599688947200775 0.849537253379822 0.569208562374115 0.608732342720032 0.889133512973785 0.531605839729309 0.356092870235443 0.317598253488541 0.303247481584549 0.327518612146378 0.249591186642647 0.241791293025017 0.310251116752625 0.367723196744919 0.396975129842758 0.414048254489899
0.931911885738373 0.962997436523438 0.627444684505463 0.442556440830231 0.395519852638245 0.370446920394897 0.474383860826492 0.41447377204895 0.316774249076843 0.310452282428741 0.284985840320587 0.513039886951447 0.431370556354523 0.375390261411667 0.296020776033401 0.253547549247742 0.253698766231537 0.211772859096527 0.238386273384094 0.209442839026451 0.240446358919144 0.479081273078918 0.262952953577042 0.212190523743629 0.251442700624466 0.246076479554176 0.198208644986153 0.201870188117027 0.231875464320183 0.283457517623901 0.274209797382355 0.307464689016342 0.359712809324265 0.559467434883118 0.44257789850235 0.660477697849274 0.596576273441315 0.344664722681046 0.368982285261154 0.303325116634369 0.272232085466385 0.209202006459236 0.278101444244385 0.281088262796402 0.314893245697021 0.396816223859787 0.332633256912231
