output/projections/04_EH/Cassia ferruginea.asc
NCOLS 168 
NROWS 144 
XLLCORNER -41.0000000002598 
YLLCORNER -7.99999999976785 
CELLSIZE 0.0416666666664048 
NODATA_value -3.4e+38 
[rows 40 to 59 of 144, columns 0 to 45 of 168]
0.958059549331665 0.854240775108337 0.657575070858002 0.596590220928192 0.673318028450012 0.706745803356171 0.611959636211395 0.565845370292664 0.564794957637787 0.553559064865112 0.642106354236603 0.921700298786163 0.921657025814056 0.781721711158752 0.566231489181519 0.504501283168793 0.422186076641083 0.439066082239151 0.412272989749908 0.417662292718887 0.46041676402092 0.555888652801514 0.511981070041656 0.402364701032639 0.426094710826874 0.432292252779007 0.291331022977829 0.298639863729477 0.480825155973434 0.826119601726532 0.637196183204651 0.646170675754547 0.859893918037415 0.680263519287109 0.681653559207916 0.865643799304962 0.609358072280884 0.486505627632141 0.464173674583435 0.433689117431641 0.450072824954987 0.395313441753387 0.354824423789978 0.443490505218506 0.47258847951889 0.470570683479309
0.95145046710968 0.95877993106842 0.814705848693848 0.647684037685394 0.597684383392334 0.584959983825684 0.632135927677155 0.602023243904114 0.568076193332672 0.579265236854553 0.583447456359863 0.738823235034943 0.657958626747131 0.564493358135223 0.508430302143097 0.484092235565186 0.481986522674561 0.394014060497284 0.443499863147736 0.383260607719421 0.481646060943604 0.666622698307037 0.46880692243576 0.357701331377029 0.452190309762955 0.432292252779007 0.30634742975235 0.288034498691559 0.338951677083969 0.399682819843292 0.370736300945282 0.396526247262955 0.448483556509018 0.665624618530273 0.569074094295502 0.746207118034363 0.670280516147614 0.502285659313202 0.507055222988129 0.43058517575264 0.409022867679596 0.310867816209793 0.4029221534729 0.426455080509186 0.447545319795609 0.48808541893959
0.949865341186523 0.956549942493439 0.936367332935333 0.672801375389099 0.588580727577209 0.577115952968597 0.640296518802643 0.625348150730133 0.606386065483093 0.609383404254913 0.580756068229675 0.560431659221649 0.539639234542847 0.504501283168793 0.468318253755569 0.49806934595108 0.525161564350128 0.393007785081863 0.431257784366608 0.472100228071213 0.492099285125732 0.516336500644684 0.376506924629211 0.320256769657135 0.718271851539612 0.50798898935318 0.410916030406952 0.337941199541092 0.345528692007065 0.333306670188904 0.349419891834259 0.327709078788757 0.360954821109772 0.593371272087097 0.663843810558319 0.58701080083847 0.516335248947144 0.454697400331497 0.39731565117836 0.419724613428116 0.4029221534729 0.314969629049301 0.409491717815399 0.459409296512604 0.470825791358948 0.462355703115463
0.950719177722931 0.957134127616882 0.905310571193695 0.669679522514343 0.625323176383972 0.587288379669189 0.72689950466156 0.704787313938141 0.66496866941452 0.621103584766388 0.591242551803589 0.561205923557281 0.533776581287384 0.528687953948975 0.439066082239151 0.537668466567993 0.519671142101288 0.425614923238754 0.391264259815216 0.431257784366608 0.505801320075989 0.515283465385437 0.367641597986221 0.300289183855057 0.40678483247757 0.586817264556885 0.41603410243988 0.357131361961365 0.479347586631775 0.458543568849564 0.403790980577469 0.346482783555984 0.332177996635437 0.380608677864075 0.430363804101944 0.392470240592957 0.380011737346649 0.468318253755569 0.417051941156387 0.445592135190964 0.35726523399353 0.319054871797562 0.293971061706543 0.343827903270721 0.487094640731812 0.453381896018982
0.949715435504913 0.95758330821991 0.951013147830963 0.725978434085846 0.621818065643311 0.643851816654205 0.709745526313782 0.669853389263153 0.626084387302399 0.574512720108032 0.561592996120453 0.563333749771118 0.553838551044464 0.53788149356842 0.446347564458847 0.503339648246765 0.538840413093567 0.451839864253998 0.427951365709305 0.420947700738907 0.497369021177292 0.497369021177292 0.402704983949661 0.360938906669617 0.370720207691193 0.345528692007065 0.333306670188904 0.336123317480087 0.397721320390701 0.443928003311157 0.360938906669617 0.332304567098618 0.354227334260941 0.47211742401123 0.457491219043732 0.36191201210022 0.557666063308716 0.626920878887177 0.458536595106125 0.33908748626709 0.352439075708389 0.368965327739716 0.338143229484558 0.351477384567261 0.391273975372314 0.468476682901382
0.94799929857254 0.954717457294464 0.9608114361763 0.850718438625336 0.664267897605896 0.633207082748413 0.638665795326233 0.647325277328491 0.597684383392334 0.561399459838867 0.561012387275696 0.562560260295868 0.565652310848236 0.546465039253235 0.456443667411804 0.454974621534348 0.532193839550018 0.499334514141083 0.455183982849121 0.429190695285797 0.544756412506104 0.435399085283279 0.42108678817749 0.395626693964005 0.339830458164215 0.406839787960052 0.314774841070175 0.303136795759201 0.36588990688324 0.463589310646057 0.37473264336586 0.361980557441711 0.343691170215607 0.488955438137054 0.466923415660858 0.444890081882477 0.440380275249481 0.438027918338776 0.40074834227562 0.313153028488159 0.336691558361053 0.453307211399078 0.381816238164902 0.340979844331741 0.434165507555008 0.404403954744339
0.946027636528015 0.952563583850861 0.957391321659088 0.961106300354004 0.728161871433258 0.647145867347717 0.625164031982422 0.60013872385025 0.561786472797394 0.592571437358856 0.557137608528137 0.585532307624817 0.592191874980927 0.546075403690338 0.493175774812698 0.433880835771561 0.527908086776733 0.551421582698822 0.457417577505112 0.559358060359955 0.566766858100891 0.416842371225357 0.394618988037109 0.403719544410706 0.33417820930481 0.43763056397438 0.344642847776413 0.316665709018707 0.372705668210983 0.481253206729889 0.460575640201569 0.392682552337646 0.475333422422409 0.444890081882477 0.361780256032944 0.438651502132416 0.45079579949379 0.364905685186386 0.333872556686401 0.284424781799316 0.348460823297501 0.50096470117569 0.384806215763092 0.326914191246033 0.475343078374863 0.412553787231445
0.939279794692993 0.945178687572479 0.954342246055603 0.960095047950745 0.77077728509903 0.64372855424881 0.592191874980927 0.5711590051651 0.633389592170715 0.618325293064117 0.576732277870178 0.594088554382324 0.59862893819809 0.513929009437561 0.504894196987152 0.493175774812698 0.443499863147736 0.445790648460388 0.442808538675308 0.521673262119293 0.548935651779175 0.467899143695831 0.390597224235535 0.386590272188187 0.332304567098618 0.403796523809433 0.338956832885742 0.294309496879578 0.371161311864853 0.717082023620605 0.449076026678085 0.501471400260925 0.504827320575714 0.39448270201683 0.327332079410553 0.331056326627731 0.440380275249481 0.290469706058502 0.369805067777634 0.319041013717651 0.338577419519424 0.447045654058456 0.452894479036331 0.350516945123672 0.458774417638779 0.452894479036331
0.93837708234787 0.947336733341217 0.953373730182648 0.959151029586792 0.765458047389984 0.631013870239258 0.569618284702301 0.645831763744354 0.70183539390564 0.607885718345642 0.614608824253082 0.60032731294632 0.550163328647614 0.504501283168793 0.54002970457077 0.520848095417023 0.503339648246765 0.424857676029205 0.39952939748764 0.422187328338623 0.699493825435638 0.560397028923035 0.430436551570892 0.396706283092499 0.364906877279282 0.407802671194077 0.407676011323929 0.315699875354767 0.3738032579422 0.711195945739746 0.569777846336365 0.525941789150238 0.559166967868805 0.401691228151321 0.379480868577957 0.341596484184265 0.446832567453384 0.286484479904175 0.408462733030319 0.385989814996719 0.3846615254879 0.479881435632706 0.487487375736237 0.364070624113083 0.438313215970993 0.469021618366241
0.934736669063568 0.943484902381897 0.951414108276367 0.957615196704865 0.723331809043884 0.645831763744354 0.628390312194824 0.791746437549591 0.729113340377808 0.615539252758026 0.598817765712738 0.567968010902405 0.548022866249084 0.508626699447632 0.523789465427399 0.552478671073914 0.52124035358429 0.466497421264648 0.429190695285797 0.425203442573547 0.48795884847641 0.44913238286972 0.40277636051178 0.444907128810883 0.495147109031677 0.455014526844025 0.379507929086685 0.478544980287552 0.336718410253525 0.599178194999695 0.588941335678101 0.628156125545502 0.703620433807373 0.493233054876328 0.423143774271011 0.323814332485199 0.435539364814758 0.308803170919418 0.349030882120132 0.493010520935059 0.473849534988403 0.506072998046875 0.440390318632126 0.362120538949966 0.475343078374863 0.479808032512665
0.939010262489319 0.943652272224426 0.951377809047699 0.954785406589508 0.883546650409698 0.805150270462036 0.877719104290009 0.80613374710083 0.678342401981354 0.638302981853485 0.566424489021301 0.555973768234253 0.599572777748108 0.512554585933685 0.517709016799927 0.542743921279907 0.543524026870728 0.531998157501221 0.484582364559174 0.449961096048355 0.486831277608871 0.380608677864075 0.349419891834259 0.439117044210434 0.804524421691895 0.514970302581787 0.406658262014389 0.419492781162262 0.384042143821716 0.456680953502655 0.702998697757721 0.608703911304474 0.59674346446991 0.437686622142792 0.429330497980118 0.353835880756378 0.29197108745575 0.253284364938736 0.330123245716095 0.497226387262344 0.517709016799927 0.481991022825241 0.414598971605301 0.450174480676651 0.450174480676651 0.50076824426651
0.941569209098816 0.936018168926239 0.941265821456909 0.944317221641541 0.949677884578705 0.952314376831055 0.955358684062958 0.896765530109406 0.693547427654266 0.587819218635559 0.568847417831421 0.605447709560394 0.598817765712738 0.509215950965881 0.52535754442215 0.534150004386902 0.552393436431885 0.553947508335114 0.551421582698822 0.420947700738907 0.570756018161774 0.4752536714077 0.358026444911957 0.370794802904129 0.3896104991436 0.501316487789154 0.698578298091888 0.406207054853439 0.428034543991089 0.744671165943146 0.673661768436432 0.464830815792084 0.411937028169632 0.410844206809998 0.353065311908722 0.290461301803589 0.358864843845367 0.308142274618149 0.438511043787003 0.475952357053757 0.418077379465103 0.403789728879929 0.432503819465637 0.498410433530807 0.440800845623016 0.517316520214081
0.922466397285461 0.915503263473511 0.936206161975861 0.937829434871674 0.945056438446045 0.947454214096069 0.954136312007904 0.851309418678284 0.649388790130615 0.594697296619415 0.592991232872009 0.612932085990906 0.574128389358521 0.520455777645111 0.564022064208984 0.542743921279907 0.524612367153168 0.524754643440247 0.572739243507385 0.495260983705521 0.458464205265045 0.455325484275818 0.392677068710327 0.451163172721863 0.398671597242355 0.587253212928772 0.391492754220963 0.382049351930618 0.509176790714264 0.77829647064209 0.732035100460052 0.506741344928741 0.500548481941223 0.401691228151321 0.29675754904747 0.357057929039001 0.349222749471664 0.343495577573776 0.49420702457428 0.442459493875504 0.425614923238754 0.428369164466858 0.405821472406387 0.480933904647827 0.459929287433624 0.471747636795044
0.906520903110504 0.898604094982147 0.931148111820221 0.935829639434814 0.939324617385864 0.945544064044952 0.951487600803375 0.746917724609375 0.626059472560883 0.601121485233307 0.57692414522171 0.583050608634949 0.553644299507141 0.538449823856354 0.538254499435425 0.566339790821075 0.552976310253143 0.518442094326019 0.571199953556061 0.515283465385437 0.435539364814758 0.500605404376984 0.396706283092499 0.445948660373688 0.598771035671234 0.409840703010559 0.396526247262955 0.394319474697113 0.431531310081482 0.550214767456055 0.67162299156189 0.645972728729248 0.426312446594238 0.39468988776207 0.260362178087234 0.47211742401123 0.390597224235535 0.411865144968033 0.465800255537033 0.394281029701233 0.509679675102234 0.401761293411255 0.405140578746796 0.488584667444229 0.447666168212891 0.525885760784149
0.886345744132996 0.876364052295685 0.913456380367279 0.913020491600037 0.923417806625366 0.947921752929688 0.937858581542969 0.72721141576767 0.625323176383972 0.603192567825317 0.57941597700119 0.554226934909821 0.553061604499817 0.53336763381958 0.559765696525574 0.586335599422455 0.551615953445435 0.545801818370819 0.593913614749908 0.480513691902161 0.450175762176514 0.517469227313995 0.464830815792084 0.453252077102661 0.441785514354706 0.433355510234833 0.427990794181824 0.413345158100128 0.419165104627609 0.60191798210144 0.745909333229065 0.609860599040985 0.386660665273666 0.402781873941422 0.289017111063004 0.351344496011734 0.548749387264252 0.466923415660858 0.43139773607254 0.465800255537033 0.468596667051315 0.377036184072495 0.400070250034332 0.532193839550018 0.483529359102249 0.507983207702637
0.89039820432663 0.843170583248138 0.879079043865204 0.913828432559967 0.928255379199982 0.949073493480682 0.873351573944092 0.637852132320404 0.615885972976685 0.60281628370285 0.559657037258148 0.553644299507141 0.523985505104065 0.537082314491272 0.548698425292969 0.582135677337646 0.541544079780579 0.521673262119293 0.589926958084106 0.492173433303833 0.472174197435379 0.477436870336533 0.513256907463074 0.412964373826981 0.473037570714951 0.432320475578308 0.418727308511734 0.41846638917923 0.422881364822388 0.6224524974823 0.779303729534149 0.652852356433868 0.489678472280502 0.56005334854126 0.38566666841507 0.399556964635849 0.577782094478607 0.41288685798645 0.381468534469604 0.465658277273178 0.404394119977951 0.400338619947433 0.456020355224609 0.471958041191101 0.499477118253708 0.478483140468597
0.841970086097717 0.802976489067078 0.90784877538681 0.883080124855042 0.935689032077789 0.946865141391754 0.721246838569641 0.611040472984314 0.597346603870392 0.572313606739044 0.554615199565887 0.550534725189209 0.540012001991272 0.560927450656891 0.539816796779633 0.553753316402435 0.540497124195099 0.553108036518097 0.585356295108795 0.563510656356812 0.460632234811783 0.472179919481277 0.539466917514801 0.418084233999252 0.410860896110535 0.405641317367554 0.417440712451935 0.532419860363007 0.540709733963013 0.471871107816696 0.784674465656281 0.860635817050934 0.854897439479828 0.811466753482819 0.608150482177734 0.404751569032669 0.551879525184631 0.404806435108185 0.457491219043732 0.495260983705521 0.401351243257523 0.358670592308044 0.512123644351959 0.447874963283539 0.459511160850525 0.483751684427261
0.801949799060822 0.79385244846344 0.820605278015137 0.882206618785858 0.939549267292023 0.900805532932281 0.65370112657547 0.613279640674591 0.569425582885742 0.570003569126129 0.546447396278381 0.570388793945312 0.568847417831421 0.536496043205261 0.5566645860672 0.553170561790466 0.565801739692688 0.538475871086121 0.525885760784149 0.62009471654892 0.511150062084198 0.50476461648941 0.52582323551178 0.465817421674728 0.409840703010559 0.439577758312225 0.408501625061035 0.414367944002151 0.420363336801529 0.682562470436096 0.892535746097565 0.870109617710114 0.813912749290466 0.67750608921051 0.590981245040894 0.547952830791473 0.583486497402191 0.486848533153534 0.534287631511688 0.458464205265045 0.367445319890976 0.31720295548439 0.63421106338501 0.504821538925171 0.443922340869904 0.6392662525177
0.762044787406921 0.840279757976532 0.758370041847229 0.890279948711395 0.937861502170563 0.86732143163681 0.62909334897995 0.58690732717514 0.565953731536865 0.572313606739044 0.555694580078125 0.586526215076447 0.568461835384369 0.551810383796692 0.570814907550812 0.574853479862213 0.592206537723541 0.533232629299164 0.464825093746185 0.555005609989166 0.544569790363312 0.615862727165222 0.558127343654633 0.465817421674728 0.409713834524155 0.487303555011749 0.442234754562378 0.585378527641296 0.400809079408646 0.411146283149719 0.780839681625366 0.703452348709106 0.801716148853302 0.603450059890747 0.767747402191162 0.790348768234253 0.778762578964233 0.635607540607452 0.475327670574188 0.41800644993782 0.371571093797684 0.331243306398392 0.519380927085876 0.646602690219879 0.605089426040649 0.583486497402191
0.806595683097839 0.79196172952652 0.75682145357132 0.903068482875824 0.935309767723083 0.780112624168396 0.606360614299774 0.599776029586792 0.585954308509827 0.567497611045837 0.556858539581299 0.587859749794006 0.563055515289307 0.550643861293793 0.589166224002838 0.595429182052612 0.589926958084106 0.594505906105042 0.548941314220428 0.429408818483353 0.585837960243225 0.67803156375885 0.505687415599823 0.533896028995514 0.423032581806183 0.396335244178772 0.470134794712067 0.476037114858627 0.452499449253082 0.464288949966431 0.66661924123764 0.735683083534241 0.87172269821167 0.877672612667084 0.888154029846191 0.809588313102722 0.848929107189178 0.690497934818268 0.474282026290894 0.416028529405594 0.429403185844421 0.407786011695862 0.391672015190125 0.611749827861786 0.617870450019836 0.597985506057739
