output/projections/04_EH/Cassia ferruginea.asc
NCOLS 168 
NROWS 144 
XLLCORNER -41.0000000002598 
YLLCORNER -7.99999999976785 
CELLSIZE 0.0416666666664048 
NODATA_value -3.4e+38 
[rows 60 to 79 of 144, columns 92 to 137 of 168]
0.363810002803802 0.347291082143784 0.363446265459061 0.346756815910339 -3.4e+38 -3.4e+38 -3.4e+38 -3.4e+38 -3.4e+38 -3.4e+38 -3.4e+38 -3.4e+38 -3.4e+38 -3.4e+38 -3.4e+38 -3.4e+38 -3.4e+38 -3.4e+38 -3.4e+38 -3.4e+38 -3.4e+38 -3.4e+38 -3.4e+38 -3.4e+38 -3.4e+38 -3.4e+38 -3.4e+38 -3.4e+38 -3.4e+38 -3.4e+38 -3.4e+38 -3.4e+38 -3.4e+38 -3.4e+38 -3.4e+38 -3.4e+38 -3.4e+38 -3.4e+38 -3.4e+38 -3.4e+38 -3.4e+38 -3.4e+38 -3.4e+38 -3.4e+38 -3.4e+38 -3.4e+38
0.343027770519257 0.342673629522324 0.342496603727341 0.358551263809204 -3.4e+38 -3.4e+38 -3.4e+38 -3.4e+38 -3.4e+38 -3.4e+38 -3.4e+38 -3.4e+38 -3.4e+38 -3.4e+38 -3.4e+38 -3.4e+38 -3.4e+38 -3.4e+38 -3.4e+38 -3.4e+38 -3.4e+38 -3.4e+38 -3.4e+38 -3.4e+38 -3.4e+38 -3.4e+38 -3.4e+38 -3.4e+38 -3.4e+38 -3.4e+38 -3.4e+38 -3.4e+38 -3.4e+38 -3.4e+38 -3.4e+38 -3.4e+38 -3.4e+38 -3.4e+38 -3.4e+38 -3.4e+38 -3.4e+38 -3.4e+38 -3.4e+38 -3.4e+38 -3.4e+38 -3.4e+38
0.338437587022781 0.338261634111404 0.337734073400497 0.337734073400497 0.32156902551651 0.337031275033951 0.336855679750443 -3.4e+38 -3.4e+38 -3.4e+38 -3.4e+38 -3.4e+38 -3.4e+38 -3.4e+38 -3.4e+38 -3.4e+38 -3.4e+38 -3.4e+38 -3.4e+38 -3.4e+38 -3.4e+38 -3.4e+38 -3.4e+38 -3.4e+38 -3.4e+38 -3.4e+38 -3.4e+38 -3.4e+38 -3.4e+38 -3.4e+38 -3.4e+38 -3.4e+38 -3.4e+38 -3.4e+38 -3.4e+38 -3.4e+38 -3.4e+38 -3.4e+38 -3.4e+38 -3.4e+38 -3.4e+38 -3.4e+38 -3.4e+38 -3.4e+38 -3.4e+38 -3.4e+38
0.334052443504333 0.333702862262726 0.33335343003273 0.317638218402863 0.317297637462616 0.317127406597137 0.316617012023926 0.316617012023926 0.331957668066025 0.316277027130127 -3.4e+38 -3.4e+38 -3.4e+38 -3.4e+38 -3.4e+38 -3.4e+38 -3.4e+38 -3.4e+38 -3.4e+38 -3.4e+38 -3.4e+38 -3.4e+38 -3.4e+38 -3.4e+38 -3.4e+38 -3.4e+38 -3.4e+38 -3.4e+38 -3.4e+38 -3.4e+38 -3.4e+38 -3.4e+38 -3.4e+38 -3.4e+38 -3.4e+38 -3.4e+38 -3.4e+38 -3.4e+38 -3.4e+38 -3.4e+38 -3.4e+38 -3.4e+38 -3.4e+38 -3.4e+38 -3.4e+38 -3.4e+38
0.312823683023453 0.313733220100403 0.311177343130112 0.310629606246948 0.308989614248276 0.308444023132324 0.307722151279449 0.306824684143066 0.306824684143066 0.306824684143066 0.304141074419022 0.303249478340149 -3.4e+38 -3.4e+38 -3.4e+38 -3.4e+38 -3.4e+38 -3.4e+38 -3.4e+38 -3.4e+38 -3.4e+38 -3.4e+38 -3.4e+38 -3.4e+38 -3.4e+38 -3.4e+38 -3.4e+38 -3.4e+38 -3.4e+38 -3.4e+38 -3.4e+38 -3.4e+38 -3.4e+38 -3.4e+38 -3.4e+38 -3.4e+38 -3.4e+38 -3.4e+38 -3.4e+38 -3.4e+38 -3.4e+38 -3.4e+38 -3.4e+38 -3.4e+38 -3.4e+38 -3.4e+38
0.278014630079269 0.291794717311859 0.289187699556351 0.288321793079376 0.287457406520844 0.285733312368393 0.285733312368393 0.271295130252838 0.267973870038986 0.267973870038986 0.281450301408768 0.280598402023315 0.279748052358627 0.264678508043289 0.277206569910049 -3.4e+38 -3.4e+38 -3.4e+38 -3.4e+38 -3.4e+38 -3.4e+38 -3.4e+38 -3.4e+38 -3.4e+38 -3.4e+38 -3.4e+38 -3.4e+38 -3.4e+38 -3.4e+38 -3.4e+38 -3.4e+38 -3.4e+38 -3.4e+38 -3.4e+38 -3.4e+38 -3.4e+38 -3.4e+38 -3.4e+38 -3.4e+38 -3.4e+38 -3.4e+38 -3.4e+38 -3.4e+38 -3.4e+38 -3.4e+38 -3.4e+38
0.251759022474289 0.250965625047684 0.250965625047684 0.250965625047684 0.24938377737999 0.24938377737999 0.248595356941223 0.24780860543251 0.245458379387856 0.245458379387856 0.242348223924637 0.242348223924637 0.242348223924637 0.242348223924637 0.240803241729736 -3.4e+38 -3.4e+38 -3.4e+38 -3.4e+38 -3.4e+38 -3.4e+38 -3.4e+38 -3.4e+38 -3.4e+38 -3.4e+38 -3.4e+38 -3.4e+38 -3.4e+38 -3.4e+38 -3.4e+38 -3.4e+38 -3.4e+38 -3.4e+38 -3.4e+38 -3.4e+38 -3.4e+38 0.350254148244858 0.358778089284897 0.378009617328644 0.379303991794586 -3.4e+38 -3.4e+38 -3.4e+38 -3.4e+38 -3.4e+38 -3.4e+38
0.211252301931381 0.209850639104843 0.213367611169815 0.226463258266449 0.227202713489532 0.227943867444992 0.226463258266449 0.225725516676903 0.223522499203682 0.223522499203682 0.224255129694939 0.223522499203682 0.222791567444801 0.222062349319458 0.220609024167061 0.220609024167061 0.219884932041168 0.218441858887672 0.230210676789284 0.230958715081215 -3.4e+38 -3.4e+38 -3.4e+38 -3.4e+38 -3.4e+38 -3.4e+38 -3.4e+38 -3.4e+38 -3.4e+38 -3.4e+38 -3.4e+38 -3.4e+38 -3.4e+38 -3.4e+38 -3.4e+38 0.320201992988586 0.327588260173798 0.336000978946686 0.343567490577698 0.371433556079865 0.37641578912735 0.396412312984467 -3.4e+38 -3.4e+38 -3.4e+38 -3.4e+38
0.186315566301346 0.174474656581879 0.164970383048058 0.176917150616646 0.181255981326103 0.194883584976196 0.193563893437386 0.193563893437386 0.19159708917141 0.192906588315964 0.19159708917141 0.19159708917141 0.200980558991432 0.200980558991432 0.201658502221107 0.200980558991432 0.188353031873703 0.199629813432693 0.200304329395294 0.18770931661129 0.19828587770462 0.19828587770462 0.198956996202469 0.200980558991432 0.212063893675804 -3.4e+38 -3.4e+38 -3.4e+38 -3.4e+38 0.222823947668076 0.227976784110069 0.243918433785439 0.263808161020279 0.268750578165054 0.274590224027634 0.283068001270294 0.305699050426483 0.313811957836151 0.323884159326553 0.350047528743744 0.361644238233566 0.373420089483261 0.396412312984467 0.398859530687332 0.419059097766876 -3.4e+38
0.170264407992363 0.156998917460442 0.145632952451706 0.129997029900551 0.126229584217072 0.161514967679977 0.155753463506699 0.166135311126709 0.164970383048058 0.164390400052071 0.174580484628677 0.173368662595749 0.172765240073204 0.171563401818275 0.172163486480713 0.170964971184731 0.170368194580078 0.169179633259773 0.169179633259773 0.168587818741798 0.167409151792526 0.166822299361229 0.167409151792526 0.168587818741798 0.168587818741798 0.180808082222939 0.182689160108566 0.18522085249424 0.198315605521202 0.198986798524857 0.203049764037132 0.219902113080025 0.226480811834335 0.233197495341301 0.240051552653313 0.260545790195465 0.268750578165054 0.29419082403183 0.306594669818878 0.317454963922501 0.34717521071434 0.364569425582886 0.394321888685226 0.398106008768082 0.419059097766876 0.422698795795441
0.137318730354309 0.122555933892727 0.103569395840168 0.102882131934166 0.126888304948807 0.191668465733528 0.130474627017975 0.148681223392487 0.143423110246658 0.14187616109848 0.149343743920326 0.148808896541595 0.147213831543922 0.146685302257538 0.155428484082222 0.154875814914703 0.154324755072594 0.154324755072594 0.153227433562279 0.153227433562279 0.150512084364891 0.149973794817924 0.150512084364891 0.149437084794044 0.149973794817924 0.160537227988243 0.161676898598671 0.163398638367653 0.175282508134842 0.179589986801147 0.192993938922882 0.198972970247269 0.202354326844215 0.209943667054176 0.230879276990891 0.240755647420883 0.263684988021851 0.262990117073059 0.29070109128952 0.306594669818878 0.339570313692093 0.359699785709381 0.377016097307205 0.398671090602875 0.420016080141068 0.424809843301773
0.109465092420578 0.0931103602051735 0.0957835018634796 0.140112563967705 0.196807309985161 0.306401640176773 0.275430887937546 0.209152370691299 0.122871816158295 0.119726195931435 0.127631306648254 0.127162590622902 0.126229584217072 0.12530243396759 0.133001267910004 0.131549447774887 0.130589067935944 0.130111113190651 0.129159674048424 0.128214150667191 0.135537102818489 0.135537102818489 0.135537102818489 0.134552121162415 0.141119480133057 0.141119480133057 0.142659559845924 0.152764990925789 0.154960617423058 0.157181948423386 0.170447498559952 0.175269961357117 0.191628128290176 0.200938761234283 0.211285695433617 0.236047372221947 0.250797480344772 0.266148149967194 0.29839700460434 0.320004343986511 0.342412739992142 0.364569425582886 0.395848304033279 0.40036803483963 0.421931833028793 0.426346868276596
0.0821117460727692 0.0914291515946388 0.107374750077724 0.220820873975754 0.29463255405426 0.326460480690002 0.267167210578918 0.202944964170456 0.109313517808914 0.0964845567941666 0.102283135056496 0.10189663618803 0.101511433720589 0.103060021996498 0.102670930325985 0.103450424969196 0.109590128064156 0.109590128064156 0.116452090442181 0.109179377555847 0.115587256848812 0.114728011190891 0.114300474524498 0.120491459965706 0.119157440960407 0.126939371228218 0.133160725235939 0.132674798369408 0.132190376520157 0.145794212818146 0.152208879590034 0.15885329246521 0.178285360336304 0.187739863991737 0.200262635946274 0.230019062757492 0.246857151389122 0.279347330331802 0.301939815282822 0.323685348033905 0.36331981420517 0.388840138912201 0.398106008768082 0.402445316314697 0.407179325819016 0.429232656955719
0.0806520655751228 0.0994979441165924 0.121898382902145 0.19533497095108 0.325880825519562 0.340516537427902 0.222062349319458 0.165552034974098 0.120617777109146 0.0939421281218529 0.0911101549863815 0.0863386392593384 0.0814784169197083 0.079296700656414 0.0759759992361069 0.0806520655751228 0.08780287951231 0.0912390723824501 0.0919406712055206 0.0997197851538658 0.0985899567604065 0.10249362885952 0.100952588021755 0.104913204908371 0.102173782885075 0.103382676839828 0.108167611062527 0.122813232243061 0.128841236233711 0.145269900560379 0.14113162457943 0.152707099914551 0.162787616252899 0.177668511867523 0.202193781733513 0.216853648424149 0.238335952162743 0.276808083057404 0.303720116615295 0.344047218561172 0.372142285108566 0.394721120595932 0.400179356336594 0.42154848575592 0.409837990999222 0.431737542152405
0.0842573940753937 0.121898382902145 0.184314221143723 0.227419048547745 0.339924484491348 0.295199036598206 0.200906589627266 0.14655913412571 0.126553565263748 0.0904142633080482 0.0890368297696114 0.0827495455741882 -3.4e+38 -3.4e+38 0.0742189437150955 0.0743259191513062 0.0952686294913292 0.100479386746883 0.0985899567604065 0.0967322364449501 0.0949058309197426 0.0941839590668678 0.0942700132727623 0.0873121693730354 0.0900979861617088 0.0965565145015717 0.111901611089706 0.116160809993744 0.124632239341736 0.126018792390823 0.126950472593307 0.13805003464222 0.17210166156292 0.185085877776146 0.189578890800476 0.203557476401329 0.219009473919868 0.246074095368385 0.319747239351273 0.357488423585892 0.387034952640533 0.397729396820068 0.420207560062408 0.425386071205139 0.430388331413269 0.43559804558754
0.0979970321059227 0.133596375584602 0.2549067735672 0.298149645328522 0.300803244113922 0.315434515476227 0.232426524162292 0.144303813576698 0.108088038861752 0.0858629047870636 0.081027090549469 0.0758476555347443 -3.4e+38 -3.4e+38 0.0719343423843384 0.0679232180118561 0.0767710208892822 0.0957199037075043 0.0963644608855247 0.0916959941387177 0.0889250859618187 0.0823258832097054 0.0805093720555305 0.0834197103977203 0.0897905752062798 0.0932966023683548 0.103009775280952 0.113579928874969 0.109815135598183 0.114822998642921 0.127378433942795 0.133522972464561 0.158720403909683 0.160985365509987 0.187504768371582 0.213850438594818 0.219575852155685 0.274887531995773 0.322504729032516 0.362345069646835 0.39980211853981 0.403201550245285 0.424617826938629 0.429232656955719 0.434439063072205 0.439659953117371
0.132623329758644 0.269587159156799 0.352328658103943 0.286373466253281 0.20440362393856 0.26544913649559 0.227943867444992 0.151204809546471 0.0934287831187248 0.0782460644841194 0.0758476555347443 0.0761437267065048 -3.4e+38 -3.4e+38 0.0734603255987167 0.0687284022569656 0.0749970749020576 0.118715614080429 0.112183563411236 0.0845832899212837 0.0761754736304283 0.0774428397417068 0.0805637687444687 0.0787096470594406 0.0850816965103149 0.0922477468848228 0.0995482131838799 0.109368517994881 0.103358544409275 0.110544323921204 0.143472358584404 0.146609276533127 0.140391513705254 0.184136599302292 0.20321886241436 0.210131406784058 0.234912067651749 0.283931851387024 0.375749796628952 0.413520872592926 0.403012454509735 0.400934219360352 0.428462624549866 0.433087795972824 0.438498556613922 0.443148076534271
0.179297015070915 0.36453452706337 0.374761313199997 0.316542088985443 0.171563401818275 0.185788288712502 0.168343678116798 0.0985498651862144 0.0978032648563385 0.0764408558607101 0.0715317651629448 0.0677092000842094 0.0719343423843384 0.0670294240117073 0.0621900893747807 0.0681906342506409 0.0829652026295662 0.0858983248472214 0.0735476389527321 0.0696254298090935 0.074483647942543 0.069964624941349 0.0831330046057701 0.0796655565500259 0.084116630256176 0.0969337150454521 0.0918880477547646 0.098388135433197 0.100979872047901 0.108400665223598 0.156013950705528 0.152167052030563 0.156569927930832 0.209603250026703 0.194920748472214 0.229391694068909 0.247766867280006 0.31449231505394 0.412569254636765 0.367871701717377 0.411211401224136 0.429617792367935 0.414789378643036 0.436177790164948 0.440628290176392 0.463010042905807
0.183334559202194 0.301242977380753 0.289169877767563 0.214786365628242 0.160240486264229 0.125161975622177 0.136668682098389 0.085532546043396 0.120900258421898 0.0694601312279701 0.0614727921783924 0.0695962086319923 0.066766232252121 0.0723206400871277 0.0800290182232857 0.0620351061224937 0.0957199037075043 0.0729751139879227 0.074483647942543 0.0702394768595695 0.0768946334719658 0.0716776177287102 0.0734106078743935 0.0815541967749596 0.0766417160630226 0.0837857127189636 0.0936317816376686 0.0964784994721413 0.0975068062543869 0.113972380757332 0.16575314104557 0.16575314104557 0.185260072350502 0.190405428409576 0.223567590117455 0.259834319353104 0.314060598611832 0.400895148515701 0.353859812021255 0.425743699073792 0.42596247792244 0.422507017850876 0.433473765850067 0.439853578805923 0.443923979997635 0.46613797545433
0.110830515623093 0.172163486480713 0.190181225538254 0.142748951911926 0.113486796617508 0.106472864747047 0.0868609398603439 0.129376441240311 0.0818158090114594 0.0691881030797958 0.0597918890416622 0.0625763088464737 0.0694418177008629 0.071756936609745 0.0772793665528297 0.0615462474524975 0.0953555703163147 0.0658975020051003 0.0680683627724648 0.0708405077457428 0.0757382735610008 0.0708708390593529 0.0706059709191322 0.0760409906506538 0.0837580338120461 0.0911043956875801 0.0946563854813576 0.100515618920326 0.0942181572318077 0.128376886248589 0.22151418030262 0.191614001989365 0.189662352204323 0.204330176115036 0.29197108745575 0.338006436824799 0.333872556686401 0.32506138086319 0.394834697246552 0.430388212203979 0.416191846132278 0.419441819190979 0.459494590759277 0.447030335664749 0.446253329515457 0.451697528362274
