output/projections/04_EH/Cassia ferruginea.asc
NCOLS 168 
NROWS 144 
XLLCORNER -41.0000000002598 
YLLCORNER -7.99999999976785 
CELLSIZE 0.0416666666664048 
NODATA_value -3.4e+38 
[rows 20 to 39 of 144, columns 0 to 45 of 168]
0.535094976425171 -3.4e+38 0.539393603801727 0.541540801525116 0.528245806694031 0.539979338645935 0.537440419197083 0.537440419197083 0.535681486129761 0.536267876625061 0.533921718597412 0.544271290302277 0.548362016677856 0.543101370334625 0.548945844173431 0.55302906036377 0.547972679138184 0.552251875400543 0.560786426067352 0.561947584152222 0.533803164958954 0.542202949523926 0.544153094291687 0.541812717914581 0.541617631912231 0.52460914850235 0.524413108825684 0.524805128574371 0.525001168251038 0.525393128395081 0.525589108467102 0.5259810090065 0.5259810090065 0.526176929473877 0.526568830013275 0.526568830013275 0.526764750480652 0.526568830013275 0.527352452278137 0.527548372745514 0.527156591415405 0.527548372745514 0.527940094470978 0.527940094470978 0.528136014938354 0.528331816196442
0.535094976425171 0.541540801525116 0.545050919055939 0.544466197490692 0.526678681373596 0.539784133434296 0.53704959154129 0.540565013885498 0.529812335968018 0.53880774974823 0.538417160511017 0.537635743618011 0.544856071472168 0.540565013885498 0.543101370334625 0.551085531711578 0.544466197490692 0.549918711185455 0.555747270584106 0.563108026981354 0.519697785377502 0.530868232250214 0.558462202548981 0.537517368793488 0.544153094291687 0.541422486305237 0.520491421222687 0.52382504940033 0.524805128574371 0.5259810090065 0.526176929473877 0.526372909545898 0.50924277305603 0.509635627269745 0.50983202457428 0.50983202457428 0.527744233608246 0.527156591415405 0.527548372745514 0.527940094470978 0.527744233608246 0.527940094470978 0.511010408401489 -3.4e+38 0.527940094470978 0.528723537921906
0.53880774974823 0.539393603801727 0.561610519886017 0.548362016677856 0.507721900939941 0.551524519920349 0.561803996562958 0.53646332025528 0.535485982894897 0.524915039539337 0.559287190437317 0.551524519920349 0.559480845928192 0.543491423130035 0.542516231536865 0.545050919055939 0.546025216579437 0.54738861322403 0.553806066513062 0.558268368244171 0.512042820453644 0.544271290302277 0.551668763160706 0.52969366312027 0.555359184741974 0.539861023426056 0.518725752830505 0.541422486305237 0.525001168251038 0.520491421222687 0.526372909545898 0.510028421878815 0.51022481918335 0.510814011096954 0.510814011096954 0.511010408401489 0.511010408401489 0.511010408401489 0.511206805706024 0.511206805706024 0.511599540710449 0.511599540710449 0.511795938014984 -3.4e+38 0.529311001300812 -3.4e+38
0.540955364704132 0.537831127643585 0.562771141529083 0.569720268249512 0.531769752502441 0.547828197479248 0.560836374759674 0.554050326347351 0.559480845928192 0.531182646751404 0.527462303638458 0.556961238384247 0.551330089569092 0.558318316936493 0.556961238384247 0.561223447322845 0.563351213932037 0.54193103313446 0.555165112018585 0.535171985626221 0.505168080329895 0.538026511669159 0.544271290302277 0.54816734790802 0.550113201141357 0.529497861862183 0.533411979675293 0.514800548553467 0.51322990655899 0.52304083108902 0.500991523265839 0.500009119510651 0.510617613792419 0.511795938014984 0.512188673019409 0.512581408023834 0.512581408023834 0.511992335319519 0.512581408023834 0.512188673019409 0.512385070323944 0.512385070323944 0.512777745723724 0.512777745723724 0.513170480728149 0.512974143028259
0.556767284870148 0.556961238384247 0.58714097738266 0.578942716121674 0.524523019790649 0.548412203788757 0.565476655960083 0.548801422119141 0.561803996562958 0.561223447322845 0.522562563419342 0.552690625190735 0.552884876728058 0.553856134414673 0.558124542236328 0.559287190437317 0.562577784061432 0.539003074169159 0.569720268249512 0.547972679138184 0.49888077378273 0.532552421092987 0.540369808673859 0.543491423130035 0.541345655918121 0.546999096870422 0.532629489898682 0.498889744281769 0.5114626288414 0.517155945301056 0.516959667205811 0.502563416957855 0.50884997844696 0.514544785022736 0.512777745723724 0.51356315612793 0.51395583152771 0.496148079633713 0.51395583152771 0.51395583152771 0.51375949382782 0.5141521692276 0.51375949382782 0.51375949382782 0.51395583152771 0.496541053056717
0.581413984298706 0.582752287387848 0.602858781814575 0.57836788892746 0.507721900939941 0.54002970457077 0.587521910667419 0.556573331356049 0.562190890312195 0.563737869262695 0.5258948802948 0.54743880033493 0.546465039253235 0.568739235401154 0.573744058609009 0.577200174331665 0.552690625190735 0.557736814022064 0.565476655960083 0.551279962062836 0.475723803043365 0.526678681373596 0.539784133434296 0.539588868618011 0.539588868618011 0.523227989673615 0.52146315574646 0.493781477212906 0.523620069026947 0.508320152759552 0.515782058238983 0.513818919658661 0.499026715755463 0.518273949623108 0.517292737960815 0.517096519470215 0.515330016613007 0.515526294708252 0.498309344053268 0.514937400817871 0.514937400817871 0.515133738517761 0.497719913721085 0.497523427009583 0.497719913721085 0.497719913721085
0.611212849617004 0.601352512836456 0.609051465988159 0.550696671009064 0.522366464138031 0.5452960729599 0.586759865283966 0.57930850982666 0.585806727409363 0.562577784061432 0.545685768127441 0.544906318187714 0.549190640449524 0.544126570224762 0.565459191799164 0.572013258934021 0.570280730724335 0.575088977813721 0.581987738609314 0.565283536911011 0.492790311574936 0.517069697380066 0.552496314048767 0.535485982894897 0.538221836090088 0.538612484931946 0.517343282699585 0.487889021635056 0.52048248052597 0.526951730251312 0.513818919658661 0.479978561401367 0.508123755455017 0.52304083108902 0.519058763980865 0.520628154277802 0.521608829498291 0.502238988876343 0.518077731132507 0.517292737960815 0.499684721231461 0.516704022884369 0.516900241374969 0.498898774385452 0.499095261096954 0.498702317476273
0.609343588352203 0.629351258277893 0.579517364501953 0.570490777492523 0.530986905097961 0.542566537857056 0.582752287387848 0.584089398384094 0.597389340400696 0.556379377841949 0.544516444206238 0.561416983604431 0.554244518280029 0.54002970457077 0.566038429737091 0.559850692749023 0.592381656169891 0.582370042800903 0.554050326347351 0.5258948802948 0.493968993425369 0.507840991020203 0.547244071960449 0.551135659217834 0.535485982894897 0.534703969955444 0.51479160785675 0.485336601734161 0.520090162754059 0.508909463882446 0.472920954227448 0.497514367103577 0.511659026145935 0.520099103450775 0.527940094470978 0.511795938014984 0.518077731132507 0.525333762168884 0.501256585121155 0.522197127342224 0.502631962299347 0.50106006860733 0.50106006860733 0.500667154788971 0.500274181365967 0.500470638275146
0.605032205581665 0.61446475982666 0.579517364501953 0.572415471076965 0.537831127643585 0.545101165771484 0.582370042800903 0.597578346729279 0.567213892936707 0.555603265762329 0.556767284870148 0.575281023979187 0.582370042800903 0.53788149356842 0.5641068816185 0.554615199565887 0.59105259180069 0.586378693580627 0.518050909042358 0.57566499710083 0.489843964576721 0.499589323997498 0.544516444206238 0.548801422119141 0.531965434551239 0.537244975566864 0.502024531364441 0.509489715099335 0.525776147842407 0.490049302577972 0.494370847940445 0.50596284866333 0.51185542345047 0.515782058238983 0.499419689178467 0.501384496688843 0.507671356201172 0.519843518733978 0.488683581352234 0.525921642780304 0.50695413351059 0.506168365478516 0.504400193691254 0.503221392631531 0.502631962299347 0.502042531967163
0.609904706478119 0.629351258277893 0.603046953678131 0.574337959289551 0.556185364723206 0.552690625190735 0.579691529273987 0.626780927181244 0.57222306728363 0.555797338485718 0.568949460983276 0.557155132293701 0.587712407112122 0.545101165771484 0.530450105667114 0.559657037258148 0.582094967365265 0.594846427440643 0.564300119876862 0.549774289131165 0.481402367353439 0.472519785165787 0.556361794471741 0.567196428775787 0.556767284870148 0.534508407115936 0.470434188842773 0.535876989364624 0.514987945556641 0.482392430305481 0.519894003868103 0.51205176115036 0.51048070192337 0.493132650852203 0.500205636024475 0.498240798711777 0.504528105258942 0.502170443534851 0.499616175889969 0.514937400817871 0.519058763980865 0.530426383018494 0.510489761829376 0.50675767660141 0.505578994750977 0.504203736782074
0.620694220066071 0.602482438087463 0.579708874225616 0.576450109481812 0.558512151241302 0.554438650608063 0.577775418758392 0.596822142601013 0.584089398384094 0.57489687204361 0.632866680622101 0.593792617321014 0.575856983661652 0.551135659217834 0.530450105667114 0.61234724521637 0.572121202945709 0.572890639305115 0.652098119258881 0.575856983661652 0.434574723243713 0.482265681028366 0.577115952968597 0.593140542507172 0.55482691526413 0.505560994148254 0.47200083732605 0.515576839447021 0.475527793169022 0.496326565742493 0.528518795967102 0.531063973903656 0.477624982595444 0.5130335688591 0.520295262336731 0.494311362504959 0.498044312000275 0.501777470111847 0.498240798711777 0.51022481918335 0.514937400817871 0.518273949623108 0.531209349632263 0.505971908569336 0.508132755756378 0.507150590419769
0.595686912536621 0.572607815265656 0.602482438087463 0.582578480243683 0.573184728622437 0.558318316936493 0.555797338485718 0.587331473827362 0.573551833629608 0.624979794025421 0.643572688102722 0.597389340400696 0.581987738609314 0.57930850982666 0.559850692749023 0.543718993663788 0.553559064865112 0.603452205657959 0.763023436069489 0.570858418941498 0.416027247905731 0.477004110813141 0.582477331161499 0.550357818603516 0.508900463581085 0.476900070905685 0.501631557941437 0.481803715229034 0.472980290651321 0.497308939695358 0.526168048381805 0.487889021635056 0.495156705379486 0.528910458087921 0.521668195724487 0.493329107761383 0.508320152759552 0.517548441886902 0.516567170619965 0.504331648349762 0.493329107761383 0.542797029018402 0.501846015453339 0.509114921092987 0.482009083032608 0.505382537841797
0.595603823661804 0.665843546390533 0.662246406078339 0.636329293251038 0.637925982475281 0.567985475063324 0.551330089569092 0.566617548465729 0.652246475219727 0.710962951183319 0.663300395011902 0.646631598472595 0.604656517505646 0.588580727577209 0.609383404254913 0.598669171333313 0.581521332263947 0.560927450656891 0.607698380947113 0.508626699447632 0.425614923238754 0.552867293357849 0.547828197479248 0.522758603096008 0.493183195590973 0.492200970649719 0.483766227960587 0.47258847951889 0.498291343450546 0.486907243728638 0.480234116315842 0.476507931947708 0.510275363922119 0.542516231536865 0.537517368793488 0.517155945301056 0.497710853815079 0.516567170619965 0.521275997161865 0.493132650852203 0.485866099596024 0.531072914600372 0.516507744789124 0.491433262825012 0.526313543319702 0.509311318397522
0.708610832691193 0.641562640666962 0.611414015293121 0.848509252071381 0.662446022033691 0.57990038394928 0.557736814022064 0.547828197479248 0.5889613032341 0.607136130332947 0.690868258476257 0.73891407251358 0.657483756542206 0.637395203113556 0.624242722988129 0.609570443630219 0.590862572193146 0.566231489181519 0.508233845233917 0.415003269910812 0.542743921279907 0.5641068816185 0.517265975475311 0.491808116436005 0.484149843454361 0.501042127609253 0.5024174451828 0.466128975152969 0.50005966424942 0.504382193088531 0.472784370183945 0.502613961696625 0.490826010704041 0.53704959154129 0.532238185405731 0.51048070192337 0.471158146858215 0.50615930557251 0.515389442443848 0.503998219966888 0.503801763057709 0.5130335688591 0.530289947986603 0.50884997844696 0.52023583650589 0.470443308353424
0.645528972148895 0.577883005142212 0.645112335681915 0.825451254844666 0.661214709281921 0.593792617321014 0.603799283504486 0.560449182987213 0.567389369010925 0.613491296768188 0.64400178194046 0.749700486660004 0.663917243480682 0.714021861553192 0.59919536113739 0.570858418941498 0.565652310848236 0.565652310848236 0.467971712350845 0.43284547328949 0.582477331161499 0.536318302154541 0.514714300632477 0.485720276832581 0.484346151351929 0.523934960365295 0.473176211118698 0.457505106925964 0.49868431687355 0.477684378623962 0.466911375522614 0.499666720628738 0.492200970649719 0.504382193088531 0.515969395637512 0.516754508018494 0.497317880392075 0.493977934122086 0.497121423482895 0.499282687902451 0.489852905273438 0.532042503356934 0.525589108467102 0.506099820137024 0.480243176221848 0.462033152580261
0.60281628370285 0.629182040691376 0.650369465351105 0.648066937923431 0.621618926525116 0.601352512836456 0.60867714881897 0.572030663490295 0.562190890312195 0.54743880033493 0.573659658432007 0.713455200195312 0.70934522151947 0.637783050537109 0.575473010540009 0.537490785121918 0.590142846107483 0.568739235401154 0.432503819465637 0.546252608299255 0.523985505104065 0.536318302154541 0.507448136806488 0.505287170410156 0.508037388324738 0.49888077378273 0.464760154485703 0.467971712350845 0.492200970649719 0.480225205421448 0.481598556041718 0.481598556041718 0.474068075418472 0.499196350574493 0.579990446567535 0.537831127643585 0.514987945556641 0.485729217529297 0.508900463581085 0.498496770858765 0.458645850419998 0.548556625843048 0.524805128574371 0.500795066356659 0.460665971040726 0.457738369703293
0.591093003749847 0.696624159812927 0.764044106006622 0.737547159194946 0.641406416893005 0.649678528308868 0.607365965843201 0.563931107521057 0.611212849617004 0.562366843223572 0.598265826702118 0.865410566329956 0.946745693683624 0.919625639915466 0.685163021087646 0.553856134414673 0.541591107845306 0.49357607960701 0.438723295927048 0.483039319515228 0.466219156980515 0.532602846622467 0.50351893901825 0.506072998046875 0.510787189006805 0.486701965332031 0.445592135190964 0.438723295927048 0.475343078374863 0.418077379465103 0.390666633844376 0.517389357089996 0.386254817247391 0.750052630901337 0.773159801959991 0.686318039894104 0.521778166294098 0.524326980113983 0.505560994148254 0.488478153944016 0.50005966424942 0.525972068309784 0.51676344871521 0.465160220861435 0.445864856243134 0.456178158521652
0.649207532405853 0.75617378950119 0.796065270900726 0.689217627048492 0.668197274208069 0.605677902698517 0.573377013206482 0.559480845928192 0.539639234542847 0.63022369146347 0.878987789154053 0.949790418148041 0.958059549331665 0.946507394313812 0.889259397983551 0.732017755508423 0.547828197479248 0.481009930372238 0.479881435632706 0.451562970876694 0.466219156980515 0.520455777645111 0.521044194698334 0.508430302143097 0.458536595106125 0.50332248210907 0.424244493246078 0.386659413576126 0.384991019964218 0.355510026216507 0.316290497779846 0.792477369308472 0.692065834999084 0.802663803100586 0.888588726520538 0.784794807434082 0.597913563251495 0.566038429737091 0.497112452983856 0.501828014850616 0.515184223651886 0.475272417068481 0.457153171300888 0.441403180360794 0.446641683578491 0.480174720287323
0.87187534570694 0.779012799263 0.671762466430664 0.633049249649048 0.592654705047607 0.590185821056366 0.592844426631927 0.569702804088593 0.527316927909851 0.77261084318161 0.932247519493103 0.938013732433319 0.951884269714355 0.940610945224762 0.930277824401855 0.68343448638916 0.511179983615875 0.428369164466858 0.453652173280716 0.46726855635643 0.473849534988403 0.542938947677612 0.527512788772583 0.480933904647827 0.427677690982819 0.451562970876694 0.360354870557785 0.428297787904739 0.338007599115372 0.636975646018982 0.78421688079834 0.817869186401367 0.896457314491272 0.937448024749756 0.915790796279907 0.705174446105957 0.667064249515533 0.498213946819305 0.533776581287384 0.524326980113983 0.514006316661835 0.470570683479309 0.434632062911987 0.430580914020538 0.462941884994507 0.478017181158066
0.946706056594849 0.815771281719208 0.625716328620911 0.589151561260223 0.593939304351807 0.763334929943085 0.666976392269135 0.563140392303467 0.547421157360077 0.582683205604553 0.847263872623444 0.885887324810028 0.807237803936005 0.801551222801208 0.713314235210419 0.543346643447876 0.473223805427551 0.446347564458847 0.401082634925842 0.504604756832123 0.489849239587784 0.545473277568817 0.486198514699936 0.423554718494415 0.371113002300262 0.416637152433395 0.295702517032623 0.600641071796417 0.404625207185745 0.552072167396545 0.788620829582214 0.776799917221069 0.919121086597443 0.920298218727112 0.845629453659058 0.806134760379791 0.627992331981659 0.510394394397736 0.487291008234024 0.459409296512604 0.504382193088531 0.4598169028759 0.387279629707336 0.446379691362381 0.456890106201172 0.469983339309692
