output/projections/04_EH/Cassia ferruginea.asc
NCOLS 168 
NROWS 144 
XLLCORNER -41.0000000002598 
YLLCORNER -7.99999999976785 
CELLSIZE 0.0416666666664048 
NODATA_value -3.4e+38 
[rows 60 to 79 of 144, columns 0 to 45 of 168]
0.826389849185944 0.722181081771851 0.783309996128082 0.894706189632416 0.939624011516571 0.739732146263123 0.617839336395264 0.621543765068054 0.601661145687103 0.577156782150269 0.572354555130005 0.604107260704041 0.574469268321991 0.540570795536041 0.629124104976654 0.632236123085022 0.621574759483337 0.625080823898315 0.603828310966492 0.469028621912003 0.438668489456177 0.524441957473755 0.51286381483078 0.51181036233902 0.438342809677124 0.402145624160767 0.435846149921417 0.70954293012619 0.557547569274902 0.810663998126984 0.85683798789978 0.763477206230164 0.84459376335144 0.919335782527924 0.859785258769989 0.597642183303833 0.846391975879669 0.651896178722382 0.544105887413025 0.478295415639877 0.543523907661438 0.558318555355072 0.493227303028107 0.563554406166077 0.545555710792542 0.544287741184235
0.72819995880127 0.821330785751343 0.821607232093811 0.907383143901825 0.911513328552246 0.6891188621521 0.618797838687897 0.643851816654205 0.598454713821411 0.569851934909821 0.586309731006622 0.619508028030396 0.595807731151581 0.5279820561409 0.554093658924103 0.681112051010132 0.745400428771973 0.696773171424866 0.685233116149902 0.506872475147247 0.473037570714951 0.519181668758392 0.512595951557159 0.553169250488281 0.471520602703094 0.397087752819061 0.430669754743576 0.528801620006561 0.475096374750137 0.611487030982971 0.81147313117981 0.881742477416992 0.778613388538361 0.865035355091095 0.696339905261993 0.585319221019745 0.796252489089966 0.67162299156189 0.650446176528931 0.452077478170395 0.643074691295624 0.599307358264923 0.551022708415985 0.505801320075989 0.551421582698822 0.53923100233078
0.736722230911255 0.845526814460754 0.914401173591614 0.908238232135773 0.92098343372345 0.698762118816376 0.658186852931976 0.675125598907471 0.639514863491058 0.594861030578613 0.551022708415985 0.5655837059021 0.585928440093994 0.542670071125031 0.580864667892456 0.576558291912079 0.690161943435669 0.760515213012695 0.768439114093781 0.508980095386505 0.425092101097107 0.494343131780624 0.680530548095703 0.680737912654877 0.707127153873444 0.43878561258316 0.435846149921417 0.442581743001938 0.497449845075607 0.745053112506866 0.70509284734726 0.753285765647888 0.628537833690643 0.557279467582703 0.687264084815979 0.573619663715363 0.689830720424652 0.718348383903503 0.555849611759186 0.451225280761719 0.474282026290894 0.462654232978821 0.504747331142426 0.549671292304993 0.469646722078323 0.514151096343994
0.797585546970367 0.872662723064423 0.921277701854706 0.928375959396362 0.874196767807007 0.717519044876099 0.723690032958984 0.707131445407867 0.65934032201767 0.616911053657532 0.565801739692688 0.529032707214355 0.54685252904892 0.546790421009064 0.556890308856964 0.694180905818939 0.727289974689484 0.696773171424866 0.592112004756927 0.508649468421936 0.444580465555191 0.728203177452087 0.473934233188629 0.559123754501343 0.760144531726837 0.836909770965576 0.439997434616089 0.481408774852753 0.750104248523712 0.85174971818924 0.815456628799438 0.694323241710663 0.544221818447113 0.50217467546463 0.713787019252777 0.512337505817413 0.629140436649323 0.697430670261383 0.509435296058655 0.625472247600555 0.564485788345337 0.4984230697155 0.44162780046463 0.470697045326233 0.470418512821198 0.450174480676651
0.830066621303558 0.896667063236237 0.936581790447235 0.936019420623779 0.765489220619202 0.696843922138214 0.691504836082458 0.727757394313812 0.693479597568512 0.610389530658722 0.575710296630859 0.577582657337189 0.541561245918274 0.553964078426361 0.607852339744568 0.654992282390594 0.699753761291504 0.651614844799042 0.568302869796753 0.465221524238586 0.675482332706451 0.892149865627289 0.811080396175385 0.532189667224884 0.770515620708466 0.870287179946899 0.698922336101532 0.489152103662491 0.570756912231445 0.630504488945007 0.721557676792145 0.676138877868652 0.652147948741913 0.524968147277832 0.594463288784027 0.465061694383621 0.615973234176636 0.560091733932495 0.630056381225586 0.613865792751312 0.46587410569191 0.459511160850525 0.451004832983017 0.440380275249481 0.464399337768555 0.464121252298355
0.817680299282074 0.889864385128021 0.92900162935257 0.899662613868713 0.722588539123535 0.681453347206116 0.654414355754852 0.668736755847931 0.702717542648315 0.629490792751312 0.54685252904892 0.608144342899323 0.554093658924103 0.543654024600983 0.563319981098175 0.565196990966797 0.679573774337769 0.693011701107025 0.602105736732483 0.523916602134705 0.823687791824341 0.892384886741638 0.876106977462769 0.854526400566101 0.839616179466248 0.894331574440002 0.817709386348724 0.636220932006836 0.581848204135895 0.54243415594101 0.707803666591644 0.75492787361145 0.688460052013397 0.552300751209259 0.527168214321136 0.472883135080338 0.506113231182098 0.444157123565674 0.551161110401154 0.614619791507721 0.690528273582458 0.677711248397827 0.664369761943817 0.440588355064392 0.469857037067413 0.517389357089996
0.77933931350708 0.870154082775116 0.92858475446701 0.824799656867981 0.690930068492889 0.663141906261444 0.613865792751312 0.609860599040985 0.717678308486938 0.662944734096527 0.615083158016205 0.644899904727936 0.593272686004639 0.594147026538849 0.56312358379364 0.569074094295502 0.602662086486816 0.732222199440002 0.751715302467346 0.860036671161652 0.925016283988953 0.931081354618073 0.845526814460754 0.842857956886292 0.8839231133461 0.90088564157486 0.838725209236145 0.715506613254547 0.554659068584442 0.54243415594101 0.779772341251373 0.686648547649384 0.602662086486816 0.564204514026642 0.482754915952682 0.470134794712067 0.455058872699738 0.460868537425995 0.44207626581192 0.587990164756775 0.741347908973694 0.703128516674042 0.580409228801727 0.662439286708832 0.614897072315216 0.592965543270111
0.788620829582214 0.89321231842041 0.923077583312988 0.782487452030182 0.671169698238373 0.649649739265442 0.579643368721008 0.606846868991852 0.624799609184265 0.674284338951111 0.666294753551483 0.673420667648315 0.658717095851898 0.632203161716461 0.543325841426849 0.531530022621155 0.527640163898468 0.668015658855438 0.696792721748352 0.886907756328583 0.937599956989288 0.927324831485748 0.885869860649109 0.825517237186432 0.838658452033997 0.891931176185608 0.858753859996796 0.750141143798828 0.558450818061829 0.601201713085175 0.72806853055954 0.624140679836273 0.635458707809448 0.516472458839417 0.458933562040329 0.519226253032684 0.500667333602905 0.452325224876404 0.452325224876404 0.596588850021362 0.584510862827301 0.49949437379837 0.44184735417366 0.503710627555847 0.578829646110535 0.508820235729218
0.774797141551971 0.878848254680634 0.927410006523132 0.757347106933594 0.673938989639282 0.630922973155975 0.589880764484406 0.573467254638672 0.613865792751312 0.667865633964539 0.645164608955383 0.630711078643799 0.656146824359894 0.660150825977325 0.652692914009094 0.590315759181976 0.510152637958527 0.50557154417038 0.684178829193115 0.883045375347137 0.940390765666962 0.791016697883606 0.874844789505005 0.734690189361572 0.773057579994202 0.861856758594513 0.790348768234253 0.801665961742401 0.677177906036377 0.577168941497803 0.533940553665161 0.504478633403778 0.698891282081604 0.508381545543671 0.454748719930649 0.558373987674713 0.472838580608368 0.435231119394302 0.510488927364349 0.443539589643478 0.555584967136383 0.60483318567276 0.548879265785217 0.38559091091156 0.436649203300476 0.61601310968399
0.800607085227966 0.880316019058228 0.927726864814758 0.786077499389648 0.660129189491272 0.633846342563629 0.56849867105484 0.564160585403442 0.640491604804993 0.641668081283569 0.646961748600006 0.558970153331757 0.588600754737854 0.592353522777557 0.573907077312469 0.555893778800964 0.637319386005402 0.502951264381409 0.594498872756958 0.773539006710052 0.69811999797821 0.658599853515625 0.774565100669861 0.632466852664948 0.723026216030121 0.837016999721527 0.623602569103241 0.747042119503021 0.819924712181091 0.757595062255859 0.649020254611969 0.503111898899078 0.59438818693161 0.439381122589111 0.470470070838928 0.571140766143799 0.481452494859695 0.440616697072983 0.443736612796783 0.398671597242355 0.471520602703094 0.670845329761505 0.448095113039017 0.372705668210983 0.805757462978363 0.745009660720825
0.8039510846138 0.884234011173248 0.904075920581818 0.793557465076447 0.633481442928314 0.642737150192261 0.544699907302856 0.583747029304504 0.653218865394592 0.595986604690552 0.575528562068939 0.566232860088348 0.544371783733368 0.534678399562836 0.526992917060852 0.56270170211792 0.529269635677338 0.616263687610626 0.552575170993805 0.655750095844269 0.794170796871185 0.801415920257568 0.745369672775269 0.626184344291687 0.601201713085175 0.668860018253326 0.705180764198303 0.682567834854126 0.734005212783813 0.730413556098938 0.57493782043457 0.54201340675354 0.560783863067627 0.417895615100861 0.470737159252167 0.539919376373291 0.557930469512939 0.492116510868073 0.40990138053894 0.373750656843185 0.456060290336609 0.548551678657532 0.386666119098663 0.567312061786652 0.729735016822815 0.540497124195099
0.829393625259399 0.884798884391785 0.785548388957977 0.639663338661194 0.598207294940948 0.619353830814362 0.532126367092133 0.601052284240723 0.658010005950928 0.562282502651215 0.615118563175201 0.58477121591568 0.535993874073029 0.528379201889038 0.518578052520752 0.492884397506714 0.527678966522217 0.54317581653595 0.5507932305336 0.590426743030548 0.75394082069397 0.842515766620636 0.790531873703003 0.74776291847229 0.654336214065552 0.69073212146759 0.679345786571503 0.597081899642944 0.650938749313354 0.558705866336823 0.537823975086212 0.491785883903503 0.478295415639877 0.420975744724274 0.521286368370056 0.496001541614532 0.568302869796753 0.557087302207947 0.476385027170181 0.37473264336586 0.387666493654251 0.405828267335892 0.466866731643677 0.598207294940948 0.50896281003952 0.458322554826736
0.716039955615997 0.715923368930817 0.661890268325806 0.583043813705444 0.573790788650513 0.59203827381134 0.544699907302856 0.589053630828857 0.55617618560791 0.550836622714996 0.566232860088348 0.627760112285614 0.57320499420166 0.534678399562836 0.511206209659576 0.48550945520401 0.487143039703369 0.487655013799667 0.470212399959564 0.564715564250946 0.738097667694092 0.792436957359314 0.789017140865326 0.733181178569794 0.757185757160187 0.705377757549286 0.677177906036377 0.589923977851868 0.586230874061584 0.598447620868683 0.520234107971191 0.479347586631775 0.398671597242355 0.493893593549728 0.483558058738708 0.49303925037384 0.502525448799133 0.567464113235474 0.480593502521515 0.39771580696106 0.338007599115372 0.584814608097076 0.667464256286621 0.651079416275024 0.454280018806458 0.450102299451828
0.724945485591888 0.717825174331665 0.608331620693207 0.599118590354919 0.597583651542664 0.597985506057739 0.539529204368591 0.55825674533844 0.585988283157349 0.603263676166534 0.578615665435791 0.561047911643982 0.555584967136383 0.530480027198792 0.529094457626343 0.517120897769928 0.500843167304993 0.471871107816696 0.464964210987091 0.539699137210846 0.71032577753067 0.748554229736328 0.70954293012619 0.718923807144165 0.836049735546112 0.78119295835495 0.756583273410797 0.649980127811432 0.588903605937958 0.611545443534851 0.59572845697403 0.49303925037384 0.41597318649292 0.507795214653015 0.427282571792603 0.501471400260925 0.478426307439804 0.517406582832336 0.498502999544144 0.326715528964996 0.376657068729401 0.695908188819885 0.715123474597931 0.437692284584045 0.523390293121338 0.679060101509094
0.799622356891632 0.867912650108337 0.765343487262726 0.610015630722046 0.598740994930267 0.602887868881226 0.562411606311798 0.540514230728149 0.590073883533478 0.628057539463043 0.646782219409943 0.599783539772034 0.619527518749237 0.547952830791473 0.602662086486816 0.541853904724121 0.54759019613266 0.477127730846405 0.506390631198883 0.507989883422852 0.676375031471252 0.730696201324463 0.703422904014587 0.687349677085876 0.70080691576004 0.786834239959717 0.764590919017792 0.644203126430511 0.590315759181976 0.563896954059601 0.532846689224243 0.494093149900436 0.458481311798096 0.460575640201569 0.417058825492859 0.402781873941422 0.50476461648941 0.502719283103943 0.378622740507126 0.370789438486099 0.379690527915955 0.719200670719147 0.635850429534912 0.428297787904739 0.499477118253708 0.440380275249481
0.821658790111542 0.877263188362122 0.873051345348358 0.655090987682343 0.601946711540222 0.598174393177032 0.617499232292175 0.583043813705444 0.56020599603653 0.570566058158875 0.578615665435791 0.618850708007812 0.604511499404907 0.531530022621155 0.549639821052551 0.548127055168152 0.564242839813232 0.484495252370834 0.499012470245361 0.590557157993317 0.816270887851715 0.784425973892212 0.721556067466736 0.706084191799164 0.729117214679718 0.689626514911652 0.663200199604034 0.529094457626343 0.57184374332428 0.534945130348206 0.488824367523193 0.469885677099228 0.524641036987305 0.483689069747925 0.517406582832336 0.464830815792084 0.466929137706757 0.476379305124283 0.38160315155983 0.411937028169632 0.424245774745941 0.537433564662933 0.532109200954437 0.466707527637482 0.466497421264648 0.46726855635643
0.832474887371063 0.882210433483124 0.858214497566223 0.672188341617584 0.617127895355225 0.618797838687897 0.638757109642029 0.623052597045898 0.581890821456909 0.630373775959015 0.594970941543579 0.594970941543579 0.597757637500763 0.556625723838806 0.536441147327423 0.515014946460724 0.55280739068985 0.512947380542755 0.492313235998154 0.547898054122925 0.575913846492767 0.5437171459198 0.661467909812927 0.777496337890625 0.632086873054504 0.668709278106689 0.55438494682312 0.520858466625214 0.686325371265411 0.501003801822662 0.535727262496948 0.507595658302307 0.556890308856964 0.529895663261414 0.493170350790024 0.5143101811409 0.450175762176514 0.438651502132416 0.407648235559464 0.397508084774017 0.453093588352203 0.419714689254761 0.419714689254761 0.448708921670914 0.457835406064987 0.433538973331451
0.890070497989655 0.897238492965698 0.763645470142365 0.683705449104309 0.65659373998642 0.637486636638641 0.638394296169281 0.638575732707977 0.630556881427765 0.626264095306396 0.647858798503876 0.629728496074677 0.660679578781128 0.624484062194824 0.574541926383972 0.590485811233521 0.572015881538391 0.521910607814789 0.512947380542755 0.48870849609375 0.487045168876648 0.533001780509949 0.624591708183289 0.692530632019043 0.527678966522217 0.486089736223221 0.518655836582184 0.73235559463501 0.552768886089325 0.510801494121552 0.586860597133636 0.631002366542816 0.59064120054245 0.557087302207947 0.490009039640427 0.506935119628906 0.46797302365303 0.506929397583008 0.420947700738907 0.442808538675308 0.543019235134125 0.451839864253998 0.472798466682434 0.391670763492584 0.399736225605011 0.40074834227562
0.860555410385132 0.899093627929688 0.858501195907593 0.713667809963226 0.672382771968842 0.657125174999237 0.655529677867889 0.632933795452118 0.637305021286011 0.623867511749268 0.610115647315979 0.604081451892853 0.614864766597748 0.588600754737854 0.545151591300964 0.572479367256165 0.550683319568634 0.52296257019043 0.528729677200317 0.533979296684265 0.512337505817413 0.534794688224792 0.604230463504791 0.593808650970459 0.489152103662491 0.647164404392242 0.828197121620178 0.691428601741791 0.479772746562958 0.688927888870239 0.699207186698914 0.572479367256165 0.682768106460571 0.59572845697403 0.566428959369659 0.464830815792084 0.560335218906403 0.480587750673294 0.436576187610626 0.509037017822266 0.549282193183899 0.479108184576035 0.483318507671356 0.469368249177933 0.435611039400101 0.405419915914536
0.899093627929688 0.895839393138885 0.873746573925018 0.713828384876251 0.685533821582794 0.677898645401001 0.656948089599609 0.65072226524353 0.629824221134186 0.654819428920746 0.618108808994293 0.636583566665649 0.648933827877045 0.592678487300873 0.581108152866364 0.599071502685547 0.531841516494751 0.563738942146301 0.565279245376587 0.525576829910278 0.492923349142075 0.492313235998154 0.594596862792969 0.777726292610168 0.657400906085968 0.873461425304413 0.832721769809723 0.712924838066101 0.583600103855133 0.609487652778625 0.748557329177856 0.742258727550507 0.792218744754791 0.71126526594162 0.536192417144775 0.516353726387024 0.567592859268188 0.521679043769836 0.521673262119293 0.481566220521927 0.497226387262344 0.467546910047531 0.499123424291611 0.470418512821198 0.462726712226868 0.421779811382294
