output/projections/04_EH/Myrcia silvatica.asc
NCOLS 168 
NROWS 144 
XLLCORNER -41.0000000002598 
YLLCORNER -7.99999999976785 
CELLSIZE 0.0416666666664048 
NODATA_value -3.4e+38 
[rows 100 to 119 of 144, columns 90 to 134 of 168]
0.0751121267676353 0.0689598843455315 0.043226633220911 0.0511554963886738 0.0516703389585018 0.121680818498135 0.105204813182354 0.222130939364433 0.254258632659912 0.21731248497963 0.129988476634026 0.135567843914032 0.484455704689026 0.269765943288803 0.209189802408218 0.399481266736984 0.212720021605492 0.195263609290123 0.141332998871803 0.172280848026276 0.176998913288116 0.218780130147934 0.230170413851738 0.327192008495331 0.510137021541595 0.513572156429291 0.278129577636719 0.309041976928711 0.242806628346443 0.184117823839188 0.26472681760788 0.248564556241035 0.261798501014709 0.241070911288261 0.220573738217354 0.176045671105385 0.195075750350952 0.264644891023636 0.295144021511078 0.338931709527969 0.408147841691971 0.47926926612854 0.5062215924263 0.520230233669281 0.556646049022675
0.0537048056721687 0.0561347045004368 0.0486306138336658 0.0520438551902771 0.048526618629694 0.127185523509979 0.0908091440796852 0.171044930815697 0.234258815646172 0.186100363731384 0.15102244913578 0.127231135964394 0.141738787293434 0.109609678387642 0.0945921167731285 0.155065670609474 0.182246014475822 0.144047453999519 0.123704180121422 0.149752408266068 0.180232465267181 0.186268299818039 0.233115002512932 0.363496959209442 0.503093838691711 0.510089337825775 0.497205317020416 0.334480702877045 0.223724499344826 0.173813208937645 0.20711313188076 0.260958522558212 0.2238549888134 0.23823769390583 0.19061541557312 0.178030833601952 0.309293031692505 0.325785994529724 0.330745369195938 0.398367494344711 0.429514318704605 0.517070293426514 0.571078658103943 0.585677206516266 0.622247874736786
0.0518349669873714 0.0555293411016464 0.0452345386147499 0.0658910349011421 0.0704376697540283 0.0770974978804588 0.115706861019135 0.273730635643005 0.299105733633041 0.170195758342743 0.147078484296799 0.1046042740345 0.108711741864681 0.0759822726249695 0.0894392803311348 0.199015274643898 0.227997362613678 0.114957094192505 0.143990337848663 0.209677755832672 0.159167602658272 0.172794997692108 0.334307670593262 0.496625542640686 0.518313646316528 0.483047604560852 0.369949102401733 0.298051446676254 0.240049064159393 0.185655251145363 0.24194523692131 0.299022763967514 0.217617124319077 0.187294140458107 0.201626911759377 0.228243187069893 0.393497109413147 0.373124837875366 0.351863890886307 0.371152400970459 0.412071079015732 0.47926926612854 0.533259928226471 0.568871915340424 0.604090809822083
0.0561441108584404 0.0547950491309166 0.0602913089096546 0.0702557042241096 0.126952543854713 0.13253265619278 0.0958137884736061 0.401919364929199 0.343847781419754 0.209821626543999 0.124945230782032 0.0908554196357727 0.0761528834700584 0.0834411904215813 0.267924100160599 0.319611251354218 0.249203845858574 0.112300470471382 0.223780959844589 0.163194671273232 0.183389320969582 0.207276448607445 0.359885275363922 0.567612528800964 0.409590721130371 0.274708718061447 0.402387619018555 0.326957851648331 0.229120954871178 0.223840668797493 0.204860135912895 0.267796516418457 0.183653339743614 0.187593296170235 0.246334806084633 0.258339583873749 0.331545859575272 0.316465020179749 0.297344923019409 0.358542501926422 0.431069135665894 0.506678342819214 0.535791635513306 0.561354696750641 0.587206780910492
0.0734180733561516 0.06404759734869 0.0559745095670223 0.0610030181705952 0.0864774584770203 0.0756238102912903 0.152356177568436 0.180883660912514 0.257908821105957 0.176207005977631 0.115163758397102 0.0744378715753555 0.0732208639383316 0.0994764417409897 0.266975432634354 0.169803380966187 0.117505379021168 0.128400504589081 0.27359014749527 0.163795307278633 0.143713220953941 0.17906665802002 0.245449185371399 0.516076028347015 0.391944885253906 0.42685529589653 0.529383420944214 0.252541720867157 0.252196907997131 0.175525784492493 0.189737245440483 0.185340106487274 0.198781222105026 0.257415473461151 0.210856035351753 0.273485392332077 0.27807542681694 0.347308337688446 0.321885854005814 0.378102272748947 0.493602633476257 0.548152446746826 0.560106217861176 0.589068830013275 0.556628704071045
0.0913679897785187 0.064605824649334 0.06047622859478 0.0671178996562958 0.0624405182898045 0.0638410970568657 0.175971433520317 0.119012653827667 0.14722041785717 0.137725323438644 0.104893267154694 0.0817207247018814 0.0857220664620399 0.113090023398399 0.159296974539757 0.242247328162193 0.101042687892914 0.271478265523911 0.217242881655693 0.171229153871536 0.14961351454258 0.168831139802933 0.253487676382065 0.455221921205521 0.428264051675797 0.664968848228455 0.534792721271515 0.31714341044426 0.25062084197998 0.210656151175499 0.22308574616909 0.360822528600693 0.283354341983795 0.209703147411346 0.228767365217209 0.275936603546143 0.676866412162781 0.574612438678741 0.37711501121521 0.497410982847214 0.563890695571899 0.573887705802917 0.60532683134079 0.614711761474609 0.626710057258606
0.072696715593338 0.102863036096096 0.0794081464409828 0.0626580417156219 0.0666752010583878 0.106157340109348 0.131867602467537 0.108472608029842 0.134808599948883 0.0922837257385254 0.0869095101952553 0.0923283398151398 0.0934338197112083 0.10601394623518 0.0850563794374466 0.15503166615963 0.207946985960007 0.372517645359039 0.173310056328773 0.184930220246315 0.198093116283417 0.177765160799026 0.332946211099625 0.511541306972504 0.593801259994507 0.702081978321075 0.659085333347321 0.307372868061066 0.364018082618713 0.384649753570557 0.277938216924667 0.335538536310196 0.330711901187897 0.234160646796227 0.424958467483521 0.743277907371521 0.777837038040161 0.685120105743408 0.590208292007446 0.607187151908875 0.603521466255188 0.633880138397217 0.648813486099243 0.65025007724762 0.656024515628815
0.09779192507267 0.108106933534145 0.0692801997065544 0.079934187233448 0.0683069080114365 0.078073538839817 0.0880318358540535 0.140811964869499 0.0865993276238441 0.0971884503960609 0.127091750502586 0.120952479541302 0.106984712183475 0.0869268700480461 0.0829501450061798 0.171552434563637 0.15096141397953 0.25808522105217 0.214810609817505 0.203266933560371 0.26540395617485 0.183593705296516 0.414868265390396 0.438915252685547 0.650896310806274 0.640927314758301 0.720627665519714 0.395369797945023 0.53523063659668 0.493734747171402 0.333240449428558 0.320125550031662 0.348957806825638 0.366893529891968 0.62110298871994 0.522610545158386 0.659631490707397 0.710374772548676 0.61912739276886 0.621070325374603 0.615038096904755 0.626725554466248 0.634446680545807 0.60409027338028 0.686938047409058
0.11428065598011 0.0776641294360161 0.076295793056488 0.0839440822601318 0.0818752646446228 0.0796748027205467 0.0899490863084793 0.0955222621560097 0.0877606570720673 0.0961984843015671 0.10427375882864 0.086989626288414 0.0871197357773781 0.0907428041100502 0.101707331836224 0.203472226858139 0.262887805700302 0.239295497536659 0.310549288988113 0.276159226894379 0.305332064628601 0.199052542448044 0.252848118543625 0.493001461029053 0.56832879781723 0.508088529109955 0.4696986079216 0.417526304721832 0.322752237319946 0.41539853811264 0.308058798313141 0.637284994125366 0.369724005460739 0.558261334896088 0.744522571563721 0.71916538476944 0.860166847705841 0.781532645225525 0.618133127689362 0.549617826938629 0.621653318405151 0.634149730205536 0.642390251159668 0.623129367828369 0.714984834194183
0.103690326213837 0.0692204460501671 0.0815835371613503 0.0885521844029427 0.0986739248037338 0.0807403773069382 0.102335646748543 0.0853027850389481 0.100010238587856 0.100026212632656 0.0939015224575996 0.0920725986361504 0.0939863249659538 0.0946808382868767 0.158589467406273 0.169766798615456 0.124717406928539 0.198928356170654 0.220385581254959 0.413898169994354 0.349040687084198 0.235429510474205 0.304959237575531 0.482400476932526 0.531869888305664 0.451956540346146 0.395653516054153 0.398245930671692 0.302090734243393 0.58015638589859 0.397034227848053 0.577819406986237 0.497577697038651 0.762306869029999 0.861023962497711 0.892364621162415 0.878118634223938 0.726863622665405 0.483658641576767 0.645186245441437 0.759634137153625 0.727811634540558 0.700751662254333 0.648507475852966 0.788755655288696
0.108751080930233 0.077319972217083 0.0781923830509186 0.106192260980606 0.102917186915874 0.0884114056825638 0.135436505079269 0.103428333997726 0.0887539014220238 0.0881414189934731 0.12382660061121 0.10692473500967 0.0958800092339516 0.108390964567661 0.167244285345078 0.1806960105896 0.130857899785042 0.315567702054977 0.33606094121933 0.455153852701187 0.41574901342392 0.284529656171799 0.314482122659683 0.502844929695129 0.511783123016357 0.438911944627762 0.34333935379982 0.328234940767288 0.558240711688995 0.71839565038681 0.560940086841583 0.682847738265991 0.792965471744537 0.84812593460083 0.872150123119354 0.88122433423996 0.741972208023071 0.637481212615967 0.865127563476562 0.890339255332947 0.782988309860229 0.726540088653564 0.692407786846161 0.696192622184753 0.784256756305695
0.103108689188957 0.0756952911615372 0.0801893621683121 0.0951047390699387 0.114261917769909 0.104926452040672 0.150198668241501 0.0986485034227371 0.0955965593457222 0.100438289344311 0.116250820457935 0.135294541716576 0.108657464385033 0.133844420313835 0.130025491118431 0.137840569019318 0.189745098352432 0.207343429327011 0.333464026451111 0.402167528867722 0.398356586694717 0.317288011312485 0.368379890918732 0.557022333145142 0.5535768866539 0.431068181991577 0.363323658704758 0.542006015777588 0.708734154701233 0.588329315185547 0.641091108322144 0.698550403118134 0.845980286598206 0.814789235591888 0.848104238510132 0.848742425441742 0.670956373214722 0.693498313426971 0.832671523094177 0.848701775074005 0.786859750747681 0.650101006031036 0.675828158855438 0.807245492935181 0.82111781835556
0.0961817502975464 0.0852261260151863 0.0926659256219864 0.100493684411049 0.109642714262009 0.110803782939911 0.17886346578598 0.100994147360325 0.0943037867546082 0.104779288172722 0.110393308103085 0.119930952787399 0.122433580458164 0.113685004413128 0.135698869824409 0.107693083584309 0.109151296317577 0.146661713719368 0.245464086532593 0.274132817983627 0.386539578437805 0.383320242166519 0.467989861965179 0.528125822544098 0.468499362468719 0.418843626976013 0.444097906351089 0.590814292430878 0.52433830499649 0.532243967056274 0.602949798107147 0.550366699695587 0.593410611152649 0.604575157165527 0.693155884742737 0.624816358089447 0.617228209972382 0.678918898105621 0.90208512544632 0.895930409431458 0.75398576259613 0.704633295536041 0.841331243515015 0.89649361371994 0.840100705623627
0.113866291940212 0.090430274605751 0.106504663825035 0.100845605134964 0.109281100332737 0.140625566244125 0.152116656303406 0.103194616734982 0.108357906341553 0.108768448233604 0.116956122219563 0.117931604385376 0.133754298090935 0.116892829537392 0.305155009031296 0.110911555588245 0.133553937077522 0.176643401384354 0.242210015654564 0.285129636526108 0.366237133741379 0.484151035547256 0.471862882375717 0.529138684272766 0.464673787355423 0.435053080320358 0.47430431842804 0.482744842767715 0.452821850776672 0.54721212387085 0.553014636039734 0.457858800888062 0.557332992553711 0.711480736732483 0.820881545543671 0.655476570129395 0.736043095588684 0.822424650192261 0.95464414358139 0.959650993347168 0.907859146595001 0.889815330505371 0.9094358086586 0.80403071641922 0.774374544620514
0.136501967906952 0.0845364481210709 0.0984788089990616 0.108214274048805 0.135425329208374 0.130901023745537 0.140062794089317 0.114172294735909 0.115408509969711 0.0996560528874397 0.114161342382431 0.177157402038574 0.149394661188126 0.20395664870739 0.301905602216721 0.103835247457027 0.112375222146511 0.176903411746025 0.260214328765869 0.356633305549622 0.393860906362534 0.43753507733345 0.399943262338638 0.481842041015625 0.496772319078445 0.480776429176331 0.456693857908249 0.475668400526047 0.502293109893799 0.604121387004852 0.550491571426392 0.490040183067322 0.581943273544312 0.752989232540131 0.876608192920685 0.831916332244873 0.931471586227417 0.933078348636627 0.970226943492889 0.959988296031952 0.930201232433319 0.786387264728546 0.765567302703857 0.785750210285187 0.853008508682251
0.167271733283997 0.0940396264195442 0.092888668179512 0.181334599852562 0.17263051867485 0.18555948138237 0.142463490366936 0.115012273192406 0.112823374569416 0.108772449195385 0.188383549451828 0.403603941202164 0.19104628264904 0.333321124315262 0.267122149467468 0.111330561339855 0.134684860706329 0.25396254658699 0.292011886835098 0.342453867197037 0.384384632110596 0.343326777219772 0.35151481628418 0.431800842285156 0.505313515663147 0.465637624263763 0.519097089767456 0.451385974884033 0.601838946342468 0.599267423152924 0.548364400863647 0.495583295822144 0.585764169692993 0.71883761882782 0.882281422615051 0.896784126758575 0.906056523323059 0.928468108177185 0.966309905052185 0.947638928890228 0.872885227203369 0.84010922908783 0.873724460601807 0.83541214466095 0.84830778837204
0.14044588804245 0.117788217961788 0.117536194622517 0.112413048744202 0.204151213169098 0.212000802159309 0.154608368873596 0.1194738894701 0.116809718310833 0.130913600325584 0.282393097877502 0.301374137401581 0.231929108500481 0.463967323303223 0.234850093722343 0.136356219649315 0.173928394913673 0.170535460114479 0.229631751775742 0.263472706079483 0.310593366622925 0.312014549970627 0.373404949903488 0.466370612382889 0.476943910121918 0.499033123254776 0.564111590385437 0.534674346446991 0.587156176567078 0.563964426517487 0.583684086799622 0.503722250461578 0.654866218566895 0.789645910263062 0.891046285629272 0.920660495758057 0.942705690860748 0.95424085855484 0.947131812572479 0.94451493024826 0.944577753543854 0.907080471515656 0.839913010597229 0.827545821666718 0.782490909099579
0.173902362585068 0.188112244009972 0.178749293088913 0.107873879373074 0.10806305706501 0.240234613418579 0.149392753839493 0.146150022745132 0.116427555680275 0.141490042209625 0.249328777194023 0.382558971643448 0.270290195941925 0.512498080730438 0.24634151160717 0.229918837547302 0.224036931991577 0.240140855312347 0.300562649965286 0.338497072458267 0.41107901930809 0.385615170001984 0.413227081298828 0.47580748796463 0.485391348600388 0.555575013160706 0.597497165203094 0.515691637992859 0.525991439819336 0.487214744091034 0.511177480220795 0.550647020339966 0.685779869556427 0.84758198261261 0.921693027019501 0.932520627975464 0.918961048126221 0.948899745941162 0.947640478610992 0.94782280921936 0.905457496643066 0.832228660583496 0.783790588378906 0.785300612449646 0.78227972984314
0.129596933722496 0.200667843222618 0.138086810708046 0.127949014306068 0.120086461305618 0.109102040529251 0.156680464744568 0.185916483402252 0.121765501797199 0.193267270922661 0.268823891878128 0.468848437070847 0.288880407810211 0.439663767814636 0.389664828777313 0.358949095010757 0.279591172933578 0.321138054132462 0.422306627035141 0.404974520206451 0.464361518621445 0.474929839372635 0.460086494684219 0.470962405204773 0.419159114360809 0.52056097984314 0.519703209400177 0.428441375494003 0.525957465171814 0.654289186000824 0.597041726112366 0.576541662216187 0.836469948291779 0.92316210269928 0.905027747154236 0.939177691936493 0.961299061775208 0.966144502162933 0.961992502212524 0.963225841522217 0.906652390956879 0.865928053855896 0.84465891122818 0.776361048221588 0.737006545066833
0.124869048595428 0.126633867621422 0.140929117798805 0.13600292801857 0.128008440136909 0.120312951505184 0.137387230992317 0.2014240026474 0.252070128917694 0.284115582704544 0.43632310628891 0.483033299446106 0.374745637178421 0.477290272712708 0.430823504924774 0.322939455509186 0.356864899396896 0.434761047363281 0.493100106716156 0.412410289049149 0.459168344736099 0.461655467748642 0.43251034617424 0.463540822267532 0.418525010347366 0.449910283088684 0.484127819538116 0.576211452484131 0.683379054069519 0.626926839351654 0.549813210964203 0.645363926887512 0.894306123256683 0.931812882423401 0.944685757160187 0.967542469501495 0.974309980869293 0.97225159406662 0.964603006839752 0.948074877262115 0.890288591384888 0.872451782226562 0.828827202320099 0.746055066585541 0.733294248580933
