output/projections/04_EH/Myrcia silvatica.asc
NCOLS 168 
NROWS 144 
XLLCORNER -41.0000000002598 
YLLCORNER -7.99999999976785 
CELLSIZE 0.0416666666664048 
NODATA_value -3.4e+38 
[rows 60 to 79 of 144, columns 90 to 134 of 168]
0.179284200072289 0.18173323571682 0.194982722401619 0.18420821428299 0.20916448533535 0.197393253445625 -3.4e+38 -3.4e+38 -3.4e+38 -3.4e+38 -3.4e+38 -3.4e+38 -3.4e+38 -3.4e+38 -3.4e+38 -3.4e+38 -3.4e+38 -3.4e+38 -3.4e+38 -3.4e+38 -3.4e+38 -3.4e+38 -3.4e+38 -3.4e+38 -3.4e+38 -3.4e+38 -3.4e+38 -3.4e+38 -3.4e+38 -3.4e+38 -3.4e+38 -3.4e+38 -3.4e+38 -3.4e+38 -3.4e+38 -3.4e+38 -3.4e+38 -3.4e+38 -3.4e+38 -3.4e+38 -3.4e+38 -3.4e+38 -3.4e+38 -3.4e+38 -3.4e+38
0.162664547562599 0.174821689724922 0.174270927906036 0.176479816436768 0.186907649040222 0.192188277840614 -3.4e+38 -3.4e+38 -3.4e+38 -3.4e+38 -3.4e+38 -3.4e+38 -3.4e+38 -3.4e+38 -3.4e+38 -3.4e+38 -3.4e+38 -3.4e+38 -3.4e+38 -3.4e+38 -3.4e+38 -3.4e+38 -3.4e+38 -3.4e+38 -3.4e+38 -3.4e+38 -3.4e+38 -3.4e+38 -3.4e+38 -3.4e+38 -3.4e+38 -3.4e+38 -3.4e+38 -3.4e+38 -3.4e+38 -3.4e+38 -3.4e+38 -3.4e+38 -3.4e+38 -3.4e+38 -3.4e+38 -3.4e+38 -3.4e+38 -3.4e+38 -3.4e+38
0.150711834430695 0.153008580207825 0.152513071894646 0.15717938542366 0.16634339094162 0.169010147452354 0.168651983141899 0.181159794330597 0.18362782895565 -3.4e+38 -3.4e+38 -3.4e+38 -3.4e+38 -3.4e+38 -3.4e+38 -3.4e+38 -3.4e+38 -3.4e+38 -3.4e+38 -3.4e+38 -3.4e+38 -3.4e+38 -3.4e+38 -3.4e+38 -3.4e+38 -3.4e+38 -3.4e+38 -3.4e+38 -3.4e+38 -3.4e+38 -3.4e+38 -3.4e+38 -3.4e+38 -3.4e+38 -3.4e+38 -3.4e+38 -3.4e+38 -3.4e+38 -3.4e+38 -3.4e+38 -3.4e+38 -3.4e+38 -3.4e+38 -3.4e+38 -3.4e+38
0.13377171754837 0.137957960367203 0.146035730838776 0.148112550377846 0.157015159726143 0.159389138221741 0.161619931459427 0.164050787687302 0.16352641582489 0.176104471087456 0.186127305030823 0.181148767471313 -3.4e+38 -3.4e+38 -3.4e+38 -3.4e+38 -3.4e+38 -3.4e+38 -3.4e+38 -3.4e+38 -3.4e+38 -3.4e+38 -3.4e+38 -3.4e+38 -3.4e+38 -3.4e+38 -3.4e+38 -3.4e+38 -3.4e+38 -3.4e+38 -3.4e+38 -3.4e+38 -3.4e+38 -3.4e+38 -3.4e+38 -3.4e+38 -3.4e+38 -3.4e+38 -3.4e+38 -3.4e+38 -3.4e+38 -3.4e+38 -3.4e+38 -3.4e+38 -3.4e+38
0.125712543725967 0.127401575446129 0.12697722017765 0.139635428786278 0.139024004340172 0.141016855835915 0.140708684921265 0.151685982942581 0.151521846652031 0.156163409352303 0.156332433223724 0.168289065361023 0.167932942509651 0.17025825381279 -3.4e+38 -3.4e+38 -3.4e+38 -3.4e+38 -3.4e+38 -3.4e+38 -3.4e+38 -3.4e+38 -3.4e+38 -3.4e+38 -3.4e+38 -3.4e+38 -3.4e+38 -3.4e+38 -3.4e+38 -3.4e+38 -3.4e+38 -3.4e+38 -3.4e+38 -3.4e+38 -3.4e+38 -3.4e+38 -3.4e+38 -3.4e+38 -3.4e+38 -3.4e+38 -3.4e+38 -3.4e+38 -3.4e+38 -3.4e+38 -3.4e+38
0.1120964884758 0.111970119178295 0.114013113081455 0.123206377029419 0.122793391346931 0.132588684558868 0.134653031826019 0.136593878269196 0.145079389214516 0.14746555685997 0.146985620260239 0.149234801530838 0.160752817988396 0.163173168897629 0.172796562314034 0.165446504950523 0.174991577863693 -3.4e+38 -3.4e+38 -3.4e+38 -3.4e+38 -3.4e+38 -3.4e+38 -3.4e+38 -3.4e+38 -3.4e+38 -3.4e+38 -3.4e+38 -3.4e+38 -3.4e+38 -3.4e+38 -3.4e+38 -3.4e+38 -3.4e+38 -3.4e+38 -3.4e+38 -3.4e+38 -3.4e+38 -3.4e+38 -3.4e+38 -3.4e+38 -3.4e+38 -3.4e+38 -3.4e+38 -3.4e+38
0.102807313203812 0.104347296059132 0.106267847120762 0.107973404228687 0.115048058331013 0.11700788885355 0.116744443774223 0.126267313957214 0.126267969608307 0.130254700779915 0.129966497421265 0.140241801738739 0.139781519770622 0.150862574577332 0.153326794505119 0.155655309557915 0.164923503994942 -3.4e+38 -3.4e+38 -3.4e+38 -3.4e+38 -3.4e+38 -3.4e+38 -3.4e+38 -3.4e+38 -3.4e+38 -3.4e+38 -3.4e+38 -3.4e+38 -3.4e+38 -3.4e+38 -3.4e+38 -3.4e+38 -3.4e+38 -3.4e+38 -3.4e+38 -3.4e+38 -3.4e+38 0.343955904245377 0.375951081514359 0.381647229194641 0.35523784160614 -3.4e+38 -3.4e+38 -3.4e+38
0.0954080000519753 0.0966260954737663 0.0866446271538734 0.0861322283744812 0.0966262221336365 0.106755547225475 0.107126787304878 0.109346285462379 0.108715616166592 0.117267854511738 0.116197690367699 0.125541493296623 0.128087788820267 0.129797369241714 0.137618660926819 0.13928134739399 0.140645682811737 0.142971113324165 0.153753235936165 0.152744427323341 0.164122447371483 0.164656400680542 -3.4e+38 -3.4e+38 -3.4e+38 -3.4e+38 -3.4e+38 -3.4e+38 -3.4e+38 -3.4e+38 -3.4e+38 -3.4e+38 -3.4e+38 -3.4e+38 -3.4e+38 -3.4e+38 -3.4e+38 0.330842137336731 0.337078034877777 0.347981780767441 0.334509640932083 0.350285828113556 0.352612882852554 0.364629924297333 -3.4e+38
0.0874642953276634 0.079303577542305 0.0756342932581902 0.0706299245357513 0.0699844807386398 0.0765567570924759 0.0852070823311806 0.0879476070404053 0.0888610109686852 0.0963575541973114 0.101571537554264 0.104051128029823 0.103447452187538 0.112023256719112 0.112766191363335 0.114562071859837 0.116915442049503 0.126021519303322 0.127275183796883 0.135272487998009 0.140119075775146 0.139338701963425 0.141174137592316 0.152180552482605 0.155171260237694 0.168865501880646 0.181187584996223 -3.4e+38 -3.4e+38 -3.4e+38 -3.4e+38 0.210801258683205 0.22144940495491 0.240044176578522 0.26614698767662 0.274260878562927 0.287211418151855 0.301096588373184 0.326619356870651 0.302695572376251 0.313561379909515 0.335923969745636 0.347677707672119 0.355523705482483 0.385546684265137
0.0844404995441437 -3.4e+38 0.063356988132 0.0583245009183884 0.0576969645917416 0.0548085160553455 0.0523285754024982 0.0697106868028641 0.0727750062942505 0.0780235528945923 0.0788428038358688 0.085269883275032 0.0867721810936928 0.0934500172734261 0.0947475284337997 0.100234046578407 0.102327100932598 0.101732298731804 0.104792289435863 0.110915645956993 0.112814053893089 0.11421674489975 0.120816484093666 0.124371029436588 0.132807716727257 0.135783940553665 0.138041913509369 0.146136939525604 0.159184098243713 0.166334971785545 0.168137565255165 0.181380033493042 0.190499469637871 0.197744756937027 0.215366065502167 0.240340515971184 0.250354766845703 0.277692079544067 0.289470076560974 0.28232529759407 0.304577201604843 0.315755635499954 0.335356146097183 0.352897793054581 0.361974537372589
0.0769355669617653 0.0676691308617592 0.0498010739684105 0.0436482839286327 0.0363187566399574 0.0387169942259789 0.0478100217878819 0.0806665197014809 0.0531859919428825 0.0628297328948975 0.0647742301225662 0.0696364417672157 0.0701204687356949 0.0758951082825661 0.0801945179700851 0.0813244953751564 0.0838279351592064 0.0906214118003845 0.0918836295604706 0.0980198979377747 0.0990265607833862 0.102371044456959 0.107125706970692 0.108590357005596 0.110836409032345 0.117266677320004 0.121558837592602 0.124458767473698 0.135272681713104 0.141058579087257 0.144828021526337 0.164703622460365 0.169527158141136 0.179894387722015 0.196490719914436 0.209377720952034 0.242448568344116 0.258872985839844 0.25438991189003 0.259926319122314 0.297495871782303 0.308639615774155 0.321845233440399 0.335625022649765 0.366102933883667
0.0802209004759789 0.0523515567183495 0.0389271713793278 0.0321766138076782 0.0332954972982407 0.0534993931651115 0.0778892338275909 0.133583635091782 0.115522719919682 0.0899167135357857 0.0535118021070957 0.0530385337769985 0.0567427016794682 0.0614884905517101 0.0631929561495781 0.0670676380395889 0.0680263340473175 0.0731135755777359 0.0726748332381248 0.0799434334039688 0.0807810798287392 0.0870417878031731 0.0865272730588913 0.0938472151756287 0.0970356166362762 0.0963565707206726 0.102967962622643 0.104746371507645 0.111140638589859 0.12109363079071 0.126791432499886 0.138855502009392 0.146218791604042 0.161891669034958 0.174440920352936 0.190726906061172 0.217566102743149 0.211287513375282 0.23034006357193 0.260517090559006 0.287373602390289 0.308368623256683 0.342488944530487 0.357273608446121 0.372933119535446
0.0505007766187191 -3.4e+38 0.0287904012948275 0.0317407473921776 0.0375992842018604 0.0847479030489922 0.126315996050835 0.137975618243217 0.117946766316891 0.0870946869254112 0.0475424975156784 0.0421113520860672 0.0447003878653049 0.0484907701611519 0.0483117364346981 0.052471499890089 0.0532334521412849 0.0546047203242779 0.0579154156148434 0.0641189217567444 0.0650383979082108 0.0706811100244522 0.0702558606863022 0.0770258978009224 0.0781150162220001 0.0838888138532639 0.0844629183411598 0.093120276927948 0.0979477167129517 0.0991862267255783 0.100554548203945 0.116498149931431 0.127348214387894 0.139203324913979 0.165619626641273 0.16911680996418 0.185259878635406 0.209296613931656 0.242950022220612 0.263460129499435 0.309578716754913 0.328848332166672 0.343927323818207 0.364033639431 0.401662766933441
0.0365788526833057 0.0294446833431721 0.0260372925549746 0.0345695912837982 0.0427988842129707 0.0777150616049767 0.144798740744591 0.142275273799896 0.0901301205158234 0.0636351630091667 0.0490920804440975 0.0410273373126984 0.0391451343894005 0.0365164279937744 0.0376209989190102 0.0366934426128864 0.0377203896641731 0.0400507561862469 0.0434710271656513 0.0491214208304882 0.0495461598038673 0.0556504614651203 0.0598716512322426 0.0594172738492489 0.0606968700885773 0.0643320977687836 0.0681692510843277 0.0658811777830124 0.0759967491030693 0.0850289389491081 0.0981202125549316 0.117940552532673 0.118683271110058 0.126666277647018 0.152286574244499 0.160729348659515 0.187840804457664 0.206600934267044 0.235403046011925 0.278790563344955 0.315077066421509 0.334498375654221 0.371152609586716 0.371443510055542 0.409654170274734
0.0281308200210333 0.027233337983489 0.0272854212671518 0.0400156229734421 0.0630912631750107 0.0860882624983788 0.14100843667984 0.119952261447906 0.0793982148170471 0.0598093904554844 0.0514429211616516 0.0362724848091602 0.038277268409729 0.035041518509388 -3.4e+38 -3.4e+38 0.0344278626143932 0.0340154096484184 0.0471194162964821 0.0505328960716724 0.049668975174427 0.0496535375714302 0.0531181134283543 0.0536910817027092 0.0548807196319103 0.0510471574962139 0.0546548143029213 0.0606798157095909 0.0738416686654091 0.0830967202782631 0.0880902484059334 0.101423904299736 0.105692908167839 0.118801780045033 0.15178544819355 0.155766203999519 0.174437135457993 0.195159301161766 0.218137979507446 0.262925922870636 0.335514515638351 0.346806198358536 0.380123496055603 0.397082030773163 0.436100214719772
0.0265125390142202 0.0248679481446743 0.0318209081888199 0.0440911017358303 0.0936893746256828 0.120412550866604 0.121653124690056 0.126002624630928 0.0930680856108665 0.0597090013325214 0.0431759096682072 0.036774504929781 0.0348070710897446 0.0321354418992996 -3.4e+38 -3.4e+38 0.0327973626554012 0.0306627433747053 0.0358001552522182 0.0474777296185493 0.0485203675925732 0.0494941659271717 0.0489929169416428 0.0463321395218372 0.0463822036981583 0.0490234792232513 0.0537500716745853 0.0627151727676392 0.070427194237709 0.0765338912606239 0.0818838626146317 0.0833069607615471 0.10476316511631 0.108622334897518 0.138642191886902 0.142833009362221 0.163698732852936 0.208064720034599 0.216458514332771 0.268168777227402 0.342408835887909 0.368477255105972 0.400447636842728 0.414601147174835 0.430460751056671
0.0233067627996206 0.0247231665998697 0.0409212224185467 0.0980981066823006 0.13482291996479 0.113943494856358 0.0767188966274261 0.102463521063328 0.0911180898547173 0.0625348091125488 0.034839604049921 0.0293388552963734 0.0305094607174397 0.0321766138076782 -3.4e+38 -3.4e+38 0.0313105955719948 0.0309342909604311 0.0343639962375164 0.0597826167941093 0.0563715696334839 0.0428229421377182 0.0414696708321571 0.0402879528701305 0.0434920825064182 0.0455378033220768 0.0501307472586632 0.0582977272570133 0.064091220498085 0.0729826018214226 0.0703745856881142 0.0807823091745377 0.118263088166714 0.126651212573051 0.127837255597115 0.154155269265175 0.177279651165009 0.202647656202316 0.231345176696777 0.277457118034363 0.379831314086914 0.403524100780487 0.414291471242905 0.410889238119125 0.462905883789062
0.0207381304353476 0.0272427443414927 0.0575037412345409 0.142748236656189 0.140421494841576 0.113639295101166 0.0609304048120975 0.0706406235694885 0.0633367225527763 0.0385649651288986 0.0389394089579582 0.0281894318759441 0.0283009950071573 0.0282432902604342 0.0294918864965439 0.0275882184505463 0.0280043445527554 0.0307020880281925 0.0377867817878723 0.0425726175308228 0.0367122702300549 0.0349218435585499 0.0380580127239227 0.0383975058794022 0.0434183701872826 0.0431771464645863 0.0465556755661964 0.0574499703943729 0.059437207877636 0.0648629292845726 0.0692076086997986 0.0783512443304062 0.121563419699669 0.124676182866096 0.142878115177155 0.176150545477867 0.181526258587837 0.220834285020828 0.247595623135567 0.314030289649963 0.385861814022064 0.377730667591095 0.404745131731033 0.460378497838974 0.451199859380722
0.0240252315998077 0.0255682971328497 0.0641786009073257 0.11159935593605 0.10712868720293 0.0812764838337898 0.0564048700034618 0.0437080860137939 0.047777708619833 0.0308322049677372 0.0450264662504196 0.0269479062408209 0.025690570473671 0.0284664873033762 0.027449881657958 0.0297203343361616 0.0363025441765785 0.0275279209017754 0.043493714183569 0.0328597240149975 0.0372724793851376 0.0352793820202351 0.0393179208040237 0.0368040464818478 0.0385357439517975 0.0443228594958782 0.0418131723999977 0.0482310317456722 0.0596831999719143 0.058940514922142 0.0673226416110992 0.0829888433218002 0.128004506230354 0.134540721774101 0.152457490563393 0.159230098128319 0.197055757045746 0.240577399730682 0.318234950304031 0.406607210636139 0.358667939901352 0.415858119726181 0.449945062398911 0.444583147764206 0.475608736276627
0.0270536057651043 0.0262261033058167 0.0339782014489174 0.0544885769486427 0.0643918439745903 0.0498843677341938 0.0395187325775623 0.0358330644667149 0.0313002243638039 0.0443764738738537 0.0294633843004704 0.0268461667001247 0.0233630277216434 0.0240038149058819 0.0284713972359896 0.0294969659298658 0.0339106768369675 0.0272865165024996 0.0432791709899902 0.0318516157567501 0.03299480676651 0.0350327976047993 0.0381785370409489 0.0364905893802643 0.0365871079266071 0.0401652902364731 0.0459002144634724 0.0518331602215767 0.0605718940496445 0.0615178272128105 0.0640814676880836 0.0940866619348526 0.180408149957657 0.151792481541634 0.155411466956139 0.172170504927635 0.261806696653366 0.319538354873657 0.322466552257538 0.321156859397888 0.392526835203171 0.429228782653809 0.425472289323807 0.435160398483276 0.516390085220337
