output/projections/04_EH/Myrcia silvatica.asc
NCOLS 168 
NROWS 144 
XLLCORNER -41.0000000002598 
YLLCORNER -7.99999999976785 
CELLSIZE 0.0416666666664048 
NODATA_value -3.4e+38 
[rows 120 to 139 of 144, columns 90 to 134 of 168]
0.127459794282913 0.124060548841953 0.137861415743828 0.144021883606911 0.189225286245346 0.143964767456055 0.206104084849358 0.351644665002823 0.461319148540497 0.397787541151047 0.489796578884125 0.556294679641724 0.555648267269135 0.370616436004639 0.310286551713943 0.34766286611557 0.428287029266357 0.447258085012436 0.426888346672058 0.4039166867733 0.45172992348671 0.396286159753799 0.394154191017151 0.386058121919632 0.433652430772781 0.406820088624954 0.513637363910675 0.588854551315308 0.557992041110992 0.524859189987183 0.609877288341522 0.839090764522552 0.91836005449295 0.942314684391022 0.939034044742584 0.954859793186188 0.944128334522247 0.937970817089081 0.86326140165329 0.86756694316864 0.820166170597076 0.824264228343964 0.789372503757477 0.764662802219391 0.806636571884155
0.128326892852783 0.125920653343201 0.134338468313217 0.317482024431229 0.236890226602554 0.220753416419029 0.283716231584549 0.506512641906738 0.632233858108521 0.605612933635712 0.537339329719543 0.526612460613251 0.42155447602272 0.369259089231491 0.303120523691177 0.351968586444855 0.330813884735107 0.385737806558609 0.425300776958466 0.437974810600281 0.372113347053528 0.325656563043594 0.336012691259384 0.426705151796341 0.403657704591751 0.396851122379303 0.473005652427673 0.528459548950195 0.583193361759186 0.640946924686432 0.807939529418945 0.901919782161713 0.928422331809998 0.93719482421875 0.958563089370728 0.956375002861023 0.946438074111938 0.856525003910065 0.848827481269836 0.789178848266602 0.771031439304352 0.807033717632294 0.799989402294159 0.83717405796051 0.839756429195404
0.139616578817368 0.128946095705032 0.154822468757629 0.151983171701431 0.211386471986771 0.2322668582201 0.351367801427841 0.365711092948914 0.2804294526577 0.219949826598167 0.269712269306183 0.356861472129822 0.364778697490692 0.338420480489731 0.283680588006973 0.361747264862061 0.418040096759796 0.431649953126907 0.399203538894653 0.388916194438934 0.366075813770294 0.321114510297775 0.415414780378342 0.468934208154678 0.399295568466187 0.414888501167297 0.50139969587326 0.540949761867523 0.657834470272064 0.659435272216797 0.835114538669586 0.891797244548798 0.921795904636383 0.93794184923172 0.951867043972015 0.942849636077881 0.912259936332703 0.887170970439911 0.831567406654358 0.810014545917511 0.804850101470947 0.789603233337402 0.815621793270111 0.794217109680176 0.776823282241821
0.148609340190887 0.123256556689739 0.11724379658699 0.148288771510124 0.297970592975616 0.136412307620049 0.147721320390701 0.330813407897949 0.413322180509567 0.374253511428833 0.393323391675949 0.352223515510559 0.361108034849167 0.347693771123886 0.301515400409698 0.362604200839996 0.348015606403351 0.345300406217575 0.358933657407761 0.344742596149445 0.341453522443771 0.324794560670853 0.408390820026398 0.413637310266495 0.420840352773666 0.430540084838867 0.481277257204056 0.601371586322784 0.623772859573364 0.712649405002594 0.832823753356934 0.872105419635773 0.923800826072693 0.939987242221832 0.942930459976196 0.931875586509705 0.888846755027771 0.907452762126923 0.926486909389496 0.848509430885315 0.827421903610229 0.860085308551788 0.819234371185303 0.759819865226746 0.852220237255096
0.227162674069405 0.247929856181145 0.596284925937653 0.711036324501038 0.610660433769226 0.462434411048889 0.591482400894165 0.61619758605957 0.558078110218048 0.471145242452621 0.385928153991699 0.342456758022308 0.331454157829285 0.347103178501129 0.29899662733078 0.343369692564011 0.352958559989929 0.328225493431091 0.33979007601738 0.34826335310936 0.325899183750153 0.349102884531021 0.3747878074646 0.402679651975632 0.399096101522446 0.461581319570541 0.540099442005157 0.576704323291779 0.670045733451843 0.677909553050995 0.84621649980545 0.888918817043304 0.92557817697525 0.926440119743347 0.903214275836945 0.922050893306732 0.945339381694794 0.933149039745331 0.913872122764587 0.834936320781708 0.786645233631134 0.812165498733521 0.753022730350494 0.804460883140564 0.860374391078949
0.716610729694366 0.617067933082581 0.65700352191925 0.73188304901123 0.541672945022583 0.497388571500778 0.515366792678833 0.499376505613327 0.407398611307144 0.345235347747803 0.351337134838104 0.326951384544373 0.35389032959938 0.325701236724854 0.305002450942993 0.310006618499756 0.347941398620605 0.336271166801453 0.316331535577774 0.345621228218079 0.318539142608643 0.391252785921097 0.348728060722351 0.378585904836655 0.400654047727585 0.478162378072739 0.49093958735466 0.478557378053665 0.577057301998138 0.706267714500427 0.781455338001251 0.837658524513245 0.891966998577118 0.902330458164215 0.887470841407776 0.895478427410126 0.909153699874878 0.861336648464203 0.871937692165375 0.763252675533295 0.765794038772583 0.825240314006805 0.869912147521973 0.8839271068573 0.836656987667084
0.730378687381744 0.654475629329681 0.573349833488464 0.52425879240036 0.427405059337616 0.449375987052917 0.466094791889191 0.411590367555618 0.425700455904007 0.452064007520676 0.396380394697189 0.373979151248932 0.428714483976364 0.335121303796768 0.287445515394211 0.324635863304138 0.384578287601471 0.355248272418976 0.329932928085327 0.340941488742828 0.327891886234283 0.342647641897202 0.346374452114105 0.342316031455994 0.418511837720871 0.47480782866478 0.474076718091965 0.465271472930908 0.587024092674255 0.626266241073608 0.705724239349365 0.738899886608124 0.856382608413696 0.858874022960663 0.855803549289703 0.874084234237671 0.875191390514374 0.861340939998627 0.807279765605927 0.744380414485931 0.92735892534256 0.932580292224884 0.899079382419586 0.833503901958466 0.814280688762665
0.672449111938477 0.708727419376373 0.571927964687347 0.542204618453979 0.520539462566376 0.543846249580383 0.457363069057465 0.496618181467056 0.439536154270172 0.405717253684998 0.375199735164642 0.373679041862488 0.357453525066376 0.322218239307404 0.284990638494492 0.323915600776672 0.349998891353607 0.361504852771759 0.334243804216385 0.313530176877975 0.301320374011993 0.376726567745209 0.329848736524582 0.351412326097488 0.396381080150604 0.394444346427917 0.421302706003189 0.456216961145401 0.507005095481873 0.552930414676666 0.619680047035217 0.729669153690338 0.795338034629822 0.834482729434967 0.817447006702423 0.821730375289917 0.832867324352264 0.840683460235596 0.848205864429474 0.815662145614624 0.843364894390106 0.814292192459106 0.80486273765564 0.823174476623535 0.807635486125946
0.595608532428741 0.670086562633514 0.559386253356934 0.643333673477173 0.633124589920044 0.513305723667145 0.548062324523926 0.505977690219879 0.448134660720825 0.409903675317764 0.457163602113724 0.421627849340439 0.356814712285995 0.413474828004837 0.335914999246597 0.28810241818428 0.323064923286438 0.366905361413956 0.349915206432343 0.328427106142044 0.306253045797348 0.339041024446487 0.324995070695877 0.382476180791855 0.384043037891388 0.473110973834991 0.558065831661224 0.518225729465485 0.49983823299408 0.544223248958588 0.623036503791809 0.724233090877533 0.828743815422058 0.881579339504242 0.925130128860474 0.916768789291382 0.899693608283997 0.884357810020447 0.856544196605682 0.816422462463379 0.774196982383728 0.738531291484833 0.746090710163116 0.724761188030243 0.699418008327484
0.684980988502502 0.602876603603363 0.533655047416687 0.574180722236633 0.520784795284271 0.646450936794281 0.559551119804382 0.498650431632996 0.503427505493164 0.464571505784988 0.436987787485123 0.391704022884369 0.356445491313934 0.377709865570068 0.352625280618668 0.323035031557083 0.27717199921608 0.282062202692032 0.280785232782364 0.283927530050278 0.326351821422577 0.358014911413193 0.320140093564987 0.358864992856979 0.421342432498932 0.470602571964264 0.488345891237259 0.539448976516724 0.578038990497589 0.550521850585938 0.655919432640076 0.771043062210083 0.807274162769318 0.863479912281036 0.878119647502899 0.84625643491745 0.758270680904388 0.755018472671509 0.714411973953247 0.665744721889496 0.63154149055481 0.606257021427155 0.682999312877655 0.74543285369873 0.795092523097992
0.536552727222443 0.650684893131256 0.521183013916016 0.481514573097229 0.460902631282806 0.56616872549057 0.536973237991333 0.495530635118484 0.453875541687012 0.519375562667847 0.411240547895432 0.454359143972397 0.48816442489624 0.4420545399189 0.353220194578171 0.338130593299866 0.349019110202789 0.307166516780853 0.318619012832642 0.374765336513519 0.352831035852432 0.306244373321533 0.308375477790833 0.360655665397644 0.44876629114151 0.457990407943726 0.482029795646667 0.491577088832855 0.543103098869324 0.526981055736542 0.671250879764557 0.694392919540405 0.739830315113068 0.746200263500214 0.747700691223145 0.663004338741302 0.65290641784668 0.696104228496552 0.634437441825867 0.594713747501373 0.582477986812592 0.645788848400116 0.867539465427399 0.916834473609924 0.891063392162323
0.553899824619293 0.536233901977539 0.467099875211716 0.443844676017761 0.474732220172882 0.535036563873291 0.638528406620026 0.677535951137543 0.636962413787842 0.598391592502594 0.547430813312531 0.52021986246109 0.496212691068649 0.44689729809761 0.362645208835602 0.351673275232315 0.34621986746788 0.314699709415436 0.399782776832581 0.386061161756516 0.412351012229919 0.414735972881317 0.344903111457825 0.307892948389053 0.45069020986557 0.379828661680222 0.368596196174622 0.402847319841385 0.525447368621826 0.612133264541626 0.525930464267731 0.588042378425598 0.601077735424042 0.573955714702606 0.52224326133728 0.510468900203705 0.613738775253296 0.722771048545837 0.872397065162659 0.61928528547287 0.767942190170288 0.933642685413361 0.976009368896484 0.960767805576324 0.924718916416168
0.459242522716522 0.491310209035873 0.573070049285889 0.606368839740753 0.636201918125153 0.664442539215088 0.647700130939484 0.657394170761108 0.543034374713898 0.548903703689575 0.618102490901947 0.569305181503296 0.495329707860947 0.403617888689041 0.419029265642166 0.367827862501144 0.389655500650406 0.439808785915375 0.442919492721558 0.423152208328247 0.410425513982773 0.401590913534164 0.378123909235001 0.317078560590744 0.301576197147369 0.326940089464188 0.401804327964783 0.467613577842712 0.445944249629974 0.477250725030899 0.488209903240204 0.629519939422607 0.607391953468323 0.577556967735291 0.687130153179169 0.813794016838074 0.921239674091339 0.928153336048126 0.83912605047226 0.61235100030899 0.783551931381226 0.952847540378571 0.978553295135498 0.960574924945831 0.958440721035004
0.497903883457184 0.571915149688721 0.682421147823334 0.649875640869141 0.651682794094086 0.694996297359467 0.685857713222504 0.553701162338257 0.591901361942291 0.626172602176666 0.522673845291138 0.532175242900848 0.51221227645874 0.503833532333374 0.49217289686203 0.403608053922653 0.51431131362915 0.445121467113495 0.443834990262985 0.433541715145111 0.428451001644135 0.403152078390121 0.329845756292343 0.286056697368622 0.333573848009109 0.481961667537689 0.544354915618896 0.536424994468689 0.620601952075958 0.621815145015717 0.506671130657196 0.599287331104279 0.739677965641022 0.817955017089844 0.892240285873413 0.859695255756378 0.890996694564819 0.832095563411713 0.825989544391632 0.746050775051117 0.890716195106506 0.971278369426727 0.970519185066223 0.944197058677673 0.954791605472565
0.532565593719482 0.635744094848633 0.667534112930298 0.647771716117859 0.664399981498718 0.701105058193207 0.608983159065247 0.565116763114929 0.557425856590271 0.55519050359726 0.477957487106323 0.463431924581528 0.527653157711029 0.505330264568329 0.519940972328186 0.433039158582687 0.471499174833298 0.454741477966309 0.433508157730103 0.380050033330917 0.402922302484512 0.308596611022949 0.280080884695053 0.312756061553955 0.384278625249863 0.534586131572723 0.563806533813477 0.521133184432983 0.510328590869904 0.60170191526413 0.498975723981857 0.646979033946991 0.778226256370544 0.804030299186707 0.836395263671875 0.696620166301727 0.873862862586975 0.835529506206512 0.769380390644073 0.775560081005096 0.943810105323792 0.976392924785614 0.978337109088898 0.978255093097687 0.978997707366943
0.596620380878448 0.715397119522095 0.656813442707062 0.647998869419098 0.65234500169754 0.614302814006805 0.604123711585999 0.501262545585632 0.532891690731049 0.501753568649292 0.631165027618408 0.523330628871918 0.441287696361542 0.528540372848511 0.470700591802597 0.459178477525711 0.462641984224319 0.378996402025223 0.348966479301453 0.294822841882706 0.280221045017242 0.31534743309021 0.36741915345192 0.405372768640518 0.526327908039093 0.548907876014709 0.480187833309174 0.520333290100098 0.58703076839447 0.560049831867218 0.555568873882294 0.548114538192749 0.661597728729248 0.682124018669128 0.636137247085571 0.578854382038116 0.660941183567047 0.683946192264557 0.825924873352051 0.928315460681915 0.967256903648376 0.969323635101318 0.949991285800934 0.943093597888947 0.931751549243927
0.605903387069702 0.657655417919159 0.713053166866302 0.68975293636322 0.645668387413025 0.633121848106384 0.591159880161285 0.58543187379837 0.555355668067932 0.557274520397186 0.515568375587463 0.49168199300766 0.481000810861588 0.448536366224289 0.469732254743576 0.448816508054733 0.502125442028046 0.454342514276505 0.368602126836777 0.299185544252396 0.379025548696518 0.370518445968628 0.39643332362175 0.499306052923203 0.526079654693604 0.516297996044159 0.460619032382965 0.616911649703979 0.657284736633301 0.619229853153229 0.55549144744873 0.457736968994141 0.608786404132843 0.655737996101379 0.649787127971649 0.734529793262482 0.821856141090393 0.925847351551056 0.954148948192596 0.971242785453796 0.961810886859894 0.964122891426086 0.946875393390656 0.944311618804932 0.90974634885788
0.622144520282745 0.625300705432892 0.692318439483643 0.691489815711975 0.720910131931305 0.650951862335205 0.59049391746521 0.688201129436493 0.641993641853333 0.561386048793793 0.587082803249359 0.602073609828949 0.572242617607117 0.579368352890015 0.591829061508179 0.455238670110703 0.467191964387894 0.37204647064209 0.348455458879471 0.328544557094574 0.397530227899551 0.428815275430679 0.42239698767662 0.521163582801819 0.521925985813141 0.494399785995483 0.562904179096222 0.751310706138611 0.738910138607025 0.718641459941864 0.547077178955078 0.610020041465759 0.828813374042511 0.825127005577087 0.892605364322662 0.92816823720932 0.938678562641144 0.950025379657745 0.947664737701416 0.952028036117554 0.95808470249176 0.958077132701874 0.922652542591095 0.965838670730591 0.954167068004608
0.706920027732849 0.689239203929901 0.744599521160126 0.808998882770538 0.733284652233124 0.67459112405777 0.636656701564789 0.716952621936798 0.641739726066589 0.642927289009094 0.584163546562195 0.633350133895874 0.536685526371002 0.521636247634888 0.475508093833923 0.526528120040894 0.492541342973709 0.3838911652565 0.368119925260544 0.397847086191177 0.401610642671585 0.475001603364944 0.474270462989807 0.516951858997345 0.569433212280273 0.580794274806976 0.663433134555817 0.781103193759918 0.754194438457489 0.582579970359802 0.665403962135315 0.741796910762787 0.877529501914978 0.914815068244934 0.926452934741974 0.926535069942474 0.920496582984924 0.911490678787231 0.930237054824829 0.947403371334076 0.962317645549774 0.947636723518372 0.927327930927277 0.934456884860992 0.946544408798218
0.864939630031586 0.771174669265747 0.73926454782486 0.847445368766785 0.776393353939056 0.752190828323364 0.745180130004883 0.623890519142151 0.692147195339203 0.679936349391937 0.599656403064728 0.585591018199921 0.582247495651245 0.544415414333344 0.54043436050415 0.525922894477844 0.522408902645111 0.486791729927063 0.419411510229111 0.49928542971611 0.547928094863892 0.576261222362518 0.578391313552856 0.646754264831543 0.623820662498474 0.68028712272644 0.742057859897614 0.763803541660309 0.750573575496674 0.739588499069214 0.852391719818115 0.814016938209534 0.855241417884827 0.862331032752991 0.890584528446198 0.894161701202393 0.891495525836945 0.911778151988983 0.942302882671356 0.950729608535767 0.953054547309875 0.926904320716858 0.899180233478546 0.905575931072235 0.902479767799377
