output/projections/04_EH/Myrcia silvatica.asc
NCOLS 168 
NROWS 144 
XLLCORNER -41.0000000002598 
YLLCORNER -7.99999999976785 
CELLSIZE 0.0416666666664048 
NODATA_value -3.4e+38 
[rows 100 to 119 of 144, columns 45 to 89 of 168]
0.0620245859026909 0.0483643859624863 0.0587092079222202 0.109703868627548 0.0588412545621395 0.0870566815137863 0.0728325769305229 0.0718932375311852 0.0510408952832222 0.0353113450109959 0.051852036267519 0.0334935709834099 0.0750537365674973 0.244483023881912 0.423255860805511 0.368133336305618 0.275897562503815 0.249244853854179 0.129129678010941 0.106401212513447 0.100372865796089 0.0704683363437653 0.06285659968853 0.0577976070344448 0.0591121688485146 0.0627638399600983 0.082707479596138 0.0779459923505783 0.0717471912503242 0.138741225004196 0.103051953017712 0.107740439474583 0.156875684857368 0.110844530165195 0.0909945294260979 0.091208204627037 0.0802270323038101 0.073184959590435 0.0703818947076797 0.0742302313446999 0.0663222074508667 0.0631387382745743 0.068487785756588 0.0680008977651596 0.0681632086634636
0.0583445318043232 0.0572347156703472 0.0568935349583626 0.0672661438584328 0.0585568845272064 0.0671064406633377 0.0588413849473 0.0759044215083122 0.0487443655729294 0.0400580242276192 0.0512262508273125 0.0325069651007652 0.2751145362854 0.303410470485687 0.419213682413101 0.292221635580063 0.220171317458153 0.168688431382179 0.190858066082001 0.084174245595932 0.0741456225514412 0.0749375373125076 0.0697197020053864 0.0662438496947289 0.0668779015541077 0.0704655572772026 0.0613507851958275 0.0662452876567841 0.0704751387238503 0.0967357233166695 0.204199552536011 0.196630343794823 0.205027058720589 0.107007741928101 0.0903654769062996 0.0844690725207329 0.0839764624834061 0.0760029703378677 0.0752895101904869 0.0711364299058914 0.0707163512706757 0.0748489573597908 0.0745838731527328 0.076184943318367 0.0774495154619217
0.0649784430861473 0.0622466579079628 0.0636795312166214 0.0535680800676346 0.0641373619437218 0.0807831808924675 0.0605579242110252 0.0586978793144226 0.0434224233031273 0.0391102284193039 0.035334587097168 0.0798450261354446 0.457480698823929 0.414248704910278 0.208356916904449 0.16495743393898 0.188887253403664 0.285680860280991 0.106033384799957 0.0904738828539848 0.0815583392977715 0.0674371719360352 0.104120701551437 0.0634600892663002 0.0724121332168579 0.0742331147193909 0.0691571682691574 0.0662562698125839 0.0668408945202827 0.150405243039131 0.187728255987167 0.216701239347458 0.227946043014526 0.17652316391468 0.119282521307468 0.0918473973870277 0.0818418115377426 0.0806037709116936 0.0795695707201958 0.080509252846241 0.0811730399727821 0.0716444402933121 0.0749373808503151 0.0731006041169167 0.0737082064151764
0.0697004571557045 0.0744818896055222 0.0712938606739044 0.0607756264507771 0.0811598896980286 0.102563202381134 0.0858442559838295 0.0608486495912075 0.0455906987190247 0.0350101366639137 0.0421994440257549 0.298843204975128 0.330169141292572 0.266304075717926 0.226580128073692 0.272578805685043 0.286716729402542 0.117944546043873 0.125583216547966 0.178007736802101 0.0757353752851486 0.0807939991354942 0.0965253412723541 0.0719869881868362 0.079572506248951 0.0801352560520172 0.0760586932301521 0.0658557489514351 0.0835234448313713 0.115976400673389 0.188893675804138 0.335580348968506 0.225035339593887 0.156539723277092 0.116364412009716 0.0888066813349724 0.088600367307663 0.0858566612005234 0.0775399059057236 0.0789206847548485 0.0877794027328491 0.078273743391037 0.0686500370502472 0.0529364794492722 0.0529453791677952
0.11633063107729 0.0803000777959824 0.0786227881908417 0.0555372163653374 0.0816347450017929 0.0892012640833855 0.068395584821701 0.0485631674528122 0.044938575476408 0.0420684292912483 0.0689336955547333 0.195426106452942 0.381554454565048 0.444537162780762 0.351371645927429 0.315682053565979 0.137215912342072 0.13980433344841 0.285154163837433 0.153196051716805 0.0868645161390305 0.0790110155940056 0.109470874071121 0.0755585879087448 0.0872721970081329 0.0948710143566132 0.0834867432713509 0.0735053420066833 0.0848494097590446 0.124188050627708 0.176888898015022 0.148137763142586 0.123777285218239 0.116629786789417 0.103170901536942 0.094539687037468 0.081649474799633 0.0664886683225632 0.102463647723198 0.106644749641418 0.0795720741152763 0.0677510499954224 0.0496592223644257 0.0556833185255527 0.0682903900742531
0.134184494614601 0.0899198576807976 0.0652088895440102 0.0600472688674927 0.081154964864254 0.0666256919503212 0.0525404661893845 0.0531149618327618 0.0477591119706631 0.0496509037911892 0.110006831586361 0.28904327750206 0.459372222423553 0.475246965885162 0.23152220249176 0.25138583779335 0.22972846031189 0.349068462848663 0.204602539539337 0.0974124595522881 0.0960772410035133 0.074168473482132 0.128698423504829 0.0834862887859344 0.100140236318111 0.176151588559151 0.107860468327999 0.110463358461857 0.149102002382278 0.185978308320045 0.173208773136139 0.133786246180534 0.108850538730621 0.112230844795704 0.104235284030437 0.0858568027615547 0.0890930518507957 0.107621498405933 0.10106784850359 0.0859600231051445 0.0822250172495842 0.0763640701770782 0.0486375354230404 0.058197233825922 0.0805017352104187
0.132708072662354 0.0874469578266144 0.0847396776080132 0.0978396087884903 0.0722261369228363 0.057164840400219 0.0666273087263107 0.0683112367987633 0.0519947819411755 0.120469734072685 0.0647808462381363 0.212791383266449 0.39516407251358 0.307726323604584 0.278929978609085 0.156512334942818 0.214301779866219 0.272841989994049 0.1337820738554 0.101177632808685 0.0981998443603516 0.100483044981956 0.107003286480904 0.109466329216957 0.146059617400169 0.224138349294662 0.143527284264565 0.129988208413124 0.116360045969486 0.108353227376938 0.127416178584099 0.124327622354031 0.108849965035915 0.0996819213032722 0.0915277153253555 0.0791966468095779 0.0941032618284225 0.103173516690731 0.0843687430024147 0.0825143977999687 0.0769054740667343 0.061392430216074 0.0538721047341824 0.0543446950614452 0.0713639110326767
0.104200705885887 0.115414850413799 0.108567744493484 0.0931050330400467 0.0737776085734367 0.0617245770990849 0.0845498293638229 0.0734296590089798 0.0498191528022289 0.131999835371971 0.102160468697548 0.260828971862793 0.158371597528458 0.366605669260025 0.209605827927589 0.126125141978264 0.212373316287994 0.129404753446579 0.11312298476696 0.137369722127914 0.138885617256165 0.165315166115761 0.115709252655506 0.126703724265099 0.192035853862762 0.177260562777519 0.162863507866859 0.132606849074364 0.116753667593002 0.114151313900948 0.103758685290813 0.118878804147243 0.101064741611481 0.0875749140977859 0.0900529101490974 0.0920591801404953 0.0818406194448471 0.0780911073088646 0.0810792669653893 0.0635839179158211 0.0569935329258442 0.0589129999279976 0.0622403845191002 0.0607441402971745 0.0593097396194935
0.131533026695251 0.124145194888115 0.102200306952 0.0938617214560509 0.0789951309561729 0.0659928396344185 0.14163164794445 0.16162371635437 0.102796472609043 0.102209620177746 0.125142529606819 0.148112908005714 0.339524805545807 0.213208943605423 0.140860542654991 0.135401234030724 0.128396987915039 0.0925421938300133 0.109705194830894 0.171373650431633 0.219507202506065 0.124877162277699 0.123074740171432 0.168145775794983 0.201097428798676 0.121302016079426 0.130274653434753 0.154354363679886 0.134670048952103 0.105070844292641 0.102225475013256 0.102342657744884 0.107859157025814 0.0991132482886314 0.0708593875169754 0.0857346728444099 0.115323677659035 0.0849644839763641 0.0642924606800079 0.0606795586645603 0.0684067606925964 0.0732660368084908 0.0563627742230892 0.0863126888871193 0.0807828456163406
0.178885594010353 0.106850273907185 0.107955202460289 0.103495739400387 0.0877569317817688 0.069702260196209 0.0919324308633804 0.184218376874924 0.152183353900909 0.213642090559006 0.271034777164459 0.201679229736328 0.198823124170303 0.140701100230217 0.114004693925381 0.118331730365753 0.0897280275821686 0.091799259185791 0.205633088946342 0.188486501574516 0.129691243171692 0.122251160442829 0.122251160442829 0.134965151548386 0.112353056669235 0.136313378810883 0.121024891734123 0.17485024034977 0.146532312035561 0.130850031971931 0.101059652864933 0.0947320982813835 0.0879857838153839 0.121444776654243 0.0994520336389542 0.0853595212101936 0.0764532908797264 0.054637685418129 0.0503935962915421 0.0971941202878952 0.0968592092394829 0.0878293663263321 0.0532257929444313 0.077513799071312 0.136169373989105
0.211479976773262 0.122497335076332 0.13096421957016 0.119784757494926 0.0925674512982368 0.0815359428524971 0.0834675654768944 0.0928962603211403 0.156164392828941 0.166693925857544 0.139629319310188 0.120335012674332 0.130545914173126 0.118460558354855 0.103508554399014 0.0980771332979202 0.100354179739952 0.130404934287071 0.19641774892807 0.161640271544456 0.117939569056034 0.120751954615116 0.111087016761303 0.116881191730499 0.124180220067501 0.101494267582893 0.177794858813286 0.38852059841156 0.263086915016174 0.172106981277466 0.116358406841755 0.0786646008491516 0.207320332527161 0.133636370301247 0.109967947006226 0.0813646614551544 0.0653840899467468 0.0603391788899899 0.0649114325642586 0.123362451791763 0.105315081775188 0.0902621001005173 0.0655551552772522 0.0663837790489197 0.1010881960392
0.236748069524765 0.225419893860817 0.125271201133728 0.106007941067219 0.103022135794163 0.0932156890630722 0.0916101783514023 0.0946271568536758 0.0977363362908363 0.127964466810226 0.103982649743557 0.126688256859779 0.11872735619545 0.111332178115845 0.0955110043287277 0.0961741805076599 0.138262882828712 0.134060889482498 0.158036857843399 0.141336232423782 0.137811422348022 0.121023200452328 0.103395767509937 0.173374101519585 0.112859554588795 0.102844230830669 0.120197489857674 0.277915686368942 0.334423571825027 0.224130347371101 0.135710462927818 0.0841866880655289 0.1590755879879 0.0978632941842079 0.0893227532505989 0.065860778093338 0.0679449364542961 0.0616854503750801 0.0790916457772255 0.0941546708345413 0.12756173312664 0.138745099306107 0.0857667550444603 0.0823140814900398 0.122813433408737
0.275565534830093 0.217073127627373 0.124434553086758 0.106128945946693 0.112841717898846 0.112335115671158 0.107470937073231 0.0959497839212418 0.0968421921133995 0.10760360211134 0.119667783379555 0.135997429490089 0.118197232484818 0.109452299773693 0.105655297636986 0.122929118573666 0.139330461621284 0.125707596540451 0.11530340462923 0.109701909124851 0.118597656488419 0.105418317019939 0.153179675340652 0.164596572518349 0.136908873915672 0.0973464623093605 0.121290452778339 0.178543612360954 0.16094858944416 0.132153764367104 0.11375992000103 0.0970744490623474 0.10071274638176 0.0782887563109398 0.078045018017292 0.0671896487474442 0.0739421620965004 0.0685755982995033 0.193834006786346 0.212193831801414 0.138440877199173 0.0858673378825188 0.0860860049724579 0.106929749250412 0.132027268409729
0.261552035808563 0.252302825450897 0.213407650589943 0.112204514443874 0.104927189648151 0.11399968713522 0.135543495416641 0.127253249287605 0.100123651325703 0.113752841949463 0.117536909878254 0.139333143830299 0.132299780845642 0.130982950329781 0.115302197635174 0.10687093436718 0.10687093436718 0.116482518613338 0.104342922568321 0.101166903972626 0.100357472896576 0.108955718576908 0.108095332980156 0.103271946310997 0.102685295045376 0.116216354072094 0.125986814498901 0.148444697260857 0.128824055194855 0.12515027821064 0.103988640010357 0.0896284580230713 0.0786418318748474 0.0927508100867271 0.103757202625275 0.0646363273262978 0.0790807455778122 0.129036396741867 0.171574711799622 0.162010699510574 0.125306352972984 0.0787288248538971 0.0860860049724579 0.0947531163692474 0.140583276748657
0.24775730073452 0.227213829755783 0.217077240347862 0.115943387150764 0.118052370846272 0.140544518828392 0.11568570882082 0.139478042721748 0.141790807247162 0.114911809563637 0.118863046169281 0.143359690904617 0.193007990717888 0.142421469092369 0.118332639336586 0.121153742074966 0.116744838654995 0.111590564250946 0.114400394260883 0.106144949793816 0.104940205812454 0.111334390938282 0.111082702875137 0.103629663586617 0.0939812138676643 0.123894438147545 0.118463270366192 0.146998450160027 0.115696385502815 0.0949667096138 0.0894176363945007 0.0918151363730431 0.0928346440196037 0.121708787977695 0.103282921016216 0.0889548137784004 0.0988414362072945 0.161308482289314 0.181963935494423 0.147662162780762 0.117420189082623 0.0866996124386787 0.0966320484876633 0.100124344229698 0.130837291479111
0.262792944908142 0.237684443593025 0.226770222187042 0.199626669287682 0.115811616182327 0.224760845303535 0.123060531914234 0.127819687128067 0.164238542318344 0.130113363265991 0.131127342581749 0.153836250305176 0.15087416768074 0.152520805597305 0.170647293329239 0.163548961281776 0.143207520246506 0.11940510571003 0.119539357721806 0.111210986971855 0.109830982983112 0.107728354632854 0.107238657772541 0.105055972933769 0.100934140384197 0.113880969583988 0.111967459321022 0.10292000323534 0.0933341458439827 0.115435086190701 0.11465959995985 0.0879989564418793 0.101719588041306 0.135562285780907 0.121303327381611 0.119949631392956 0.0872509181499481 0.0913895443081856 0.186950266361237 0.176716968417168 0.144635185599327 0.115772277116776 0.0974411219358444 0.100607112050056 0.148776635527611
0.291124105453491 0.249436885118484 0.241635888814926 0.133017554879189 0.177779763936996 0.241871327161789 0.198413759469986 0.194395631551743 0.248006537556648 0.149895831942558 0.163887932896614 0.160769879817963 0.161978825926781 0.17082254588604 0.156348332762718 0.149255722761154 0.146840557456017 0.138120993971825 0.144937351346016 0.118601277470589 0.138424411416054 0.1301199644804 0.135857924818993 0.128826111555099 0.132885947823524 0.137961015105247 0.112985610961914 0.126976266503334 0.121289439499378 0.132738962769508 0.113755278289318 0.106510989367962 0.11209999024868 0.134671688079834 0.16303925216198 0.130276724696159 0.106079675257206 0.111804768443108 0.171931251883507 0.145110949873924 0.174126237630844 0.135277539491653 0.119848735630512 0.104195952415466 0.123662278056145
0.302843630313873 0.313163101673126 0.329845875501633 0.256407111883163 0.14810337126255 0.158189937472343 0.141321137547493 0.161276489496231 0.286414176225662 0.201070412993431 0.192405492067337 0.16093672811985 0.168484643101692 0.161286309361458 0.163198977708817 0.155015349388123 0.155517503619194 0.157534033060074 0.1255714148283 0.139182791113853 0.206882804632187 0.258400082588196 0.2025206387043 0.228809952735901 0.203134804964066 0.142729014158249 0.149246737360954 0.17705063521862 0.153679087758064 0.145725905895233 0.114403799176216 0.120617397129536 0.126418769359589 0.145261868834496 0.154856368899345 0.139351889491081 0.127256974577904 0.119456574320793 0.176519706845284 0.152538955211639 0.156203851103783 0.133738279342651 0.143004074692726 0.109261102974415 0.110594265162945
0.337228447198868 0.378516674041748 0.318123817443848 0.266515552997589 0.242102384567261 0.253269284963608 0.153162762522697 0.175556033849716 0.214705660939217 0.217082038521767 0.186333164572716 0.176306024193764 0.205414012074471 0.185185357928276 0.175017148256302 0.185575693845749 0.158721923828125 0.134666606783867 0.141490742564201 0.154007956385612 0.170097634196281 0.156010642647743 0.1546710729599 0.142264664173126 0.137661308050156 0.145086586475372 0.155341237783432 0.169206649065018 0.149412974715233 0.120212331414223 0.124177001416683 0.14305317401886 0.152198418974876 0.15302748978138 0.16531303524971 0.168154582381248 0.152700871229172 0.146775647997856 0.183864653110504 0.20049050450325 0.181588783860207 0.137403175234795 0.175597846508026 0.177080705761909 0.121609322726727
0.467277079820633 0.430690824985504 0.35951954126358 0.310977786779404 0.260078907012939 0.183252707123756 0.192400470376015 0.173899844288826 0.215998828411102 0.205192998051643 0.2358428388834 0.216863825917244 0.27178680896759 0.193006068468094 0.209187358617783 0.273839712142944 0.199857339262962 0.207940384745598 0.222365975379944 0.192621663212776 0.251621037721634 0.236564710736275 0.16671659052372 0.157532155513763 0.169384717941284 0.175941228866577 0.163892611861229 0.1438297778368 0.128116354346275 0.133478939533234 0.145094782114029 0.159585699439049 0.185398578643799 0.172837570309639 0.198856085538864 0.312132120132446 0.217990189790726 0.209848001599312 0.242391958832741 0.224591329693794 0.195029601454735 0.164616748690605 0.186757609248161 0.176893949508667 0.117384888231754
