output/projections/04_EH/Scinax nebulosus.asc
NCOLS 168 
NROWS 144 
XLLCORNER -41.0000000002598 
YLLCORNER -7.99999999976785 
CELLSIZE 0.0416666666664048 
NODATA_value -3.4e+38 
[rows 40 to 59 of 144, columns 46 to 91 of 168]
0.529201507568359 0.435290306806564 0.391301542520523 0.478436291217804 0.500008583068848 0.466755360364914 0.374446600675583 0.842507779598236 0.788010895252228 0.713012754917145 0.746861457824707 0.68570351600647 0.772247314453125 0.761069238185883 0.755159854888916 0.764075934886932 0.759556114673615 0.760453879833221 0.758717119693756 0.756897807121277 0.753530323505402 0.751759767532349 0.749980688095093 0.748117327690125 0.747889816761017 0.743962943553925 0.748138785362244 0.736067891120911 0.732604384422302 0.723551750183105 -3.4e+38 -3.4e+38 -3.4e+38 -3.4e+38 -3.4e+38 -3.4e+38 -3.4e+38 -3.4e+38 -3.4e+38 -3.4e+38 -3.4e+38 -3.4e+38 -3.4e+38 -3.4e+38 -3.4e+38 -3.4e+38
0.418415427207947 0.36629518866539 0.433307558298111 0.410201668739319 0.410872787237167 0.381958723068237 0.509164333343506 0.842070341110229 0.747597694396973 0.721801221370697 0.68705952167511 0.637538433074951 0.766703724861145 0.770542085170746 0.794542849063873 0.805296838283539 0.767056286334991 0.753621399402618 0.756510198116302 0.754977464675903 0.747122585773468 0.745245158672333 0.751684665679932 0.749905228614807 0.739558160305023 0.744192779064178 0.740643739700317 0.735462129116058 0.731914579868317 0.721899747848511 0.726303100585938 -3.4e+38 -3.4e+38 -3.4e+38 -3.4e+38 -3.4e+38 -3.4e+38 -3.4e+38 -3.4e+38 -3.4e+38 -3.4e+38 -3.4e+38 -3.4e+38 -3.4e+38 -3.4e+38 -3.4e+38
0.337647050619125 0.380016833543777 0.363720715045929 0.3926060795784 0.339530616998672 0.40095466375351 0.481883555650711 0.931182324886322 0.765015780925751 0.603030860424042 0.627254724502563 0.645334720611572 0.77183324098587 0.757855474948883 0.77566784620285 0.781562566757202 0.788567423820496 0.767056286334991 0.753621399402618 0.750524997711182 0.74507462978363 0.747122585773468 0.74366557598114 0.741771340370178 0.73986804485321 0.738386988639832 0.733097791671753 0.736536681652069 0.730452477931976 0.728575825691223 0.726543009281158 -3.4e+38 -3.4e+38 -3.4e+38 -3.4e+38 -3.4e+38 -3.4e+38 -3.4e+38 -3.4e+38 -3.4e+38 -3.4e+38 -3.4e+38 -3.4e+38 -3.4e+38 -3.4e+38 -3.4e+38
0.329622119665146 0.384340941905975 0.284818351268768 0.367727428674698 0.393414855003357 0.716140031814575 0.58604508638382 0.744078934192657 0.489357560873032 0.627902865409851 0.765949070453644 0.667074084281921 0.771659553050995 0.711451470851898 0.771303653717041 0.759556114673615 0.774392068386078 0.77728009223938 0.765569388866425 0.75207644701004 0.748215973377228 0.74507462978363 0.74190765619278 0.742002546787262 0.7401003241539 0.736016750335693 0.730776309967041 0.726250767707825 0.720808982849121 0.716262757778168 0.719768643379211 0.716091871261597 0.714966237545013 -3.4e+38 -3.4e+38 -3.4e+38 -3.4e+38 -3.4e+38 -3.4e+38 -3.4e+38 -3.4e+38 -3.4e+38 -3.4e+38 -3.4e+38 -3.4e+38 -3.4e+38
0.374006450176239 0.355748385190964 0.251097738742828 0.479762375354767 0.528814971446991 0.793578803539276 0.456643253564835 0.353837609291077 0.517361760139465 0.870907604694366 0.78695672750473 0.706089675426483 0.691404581069946 0.72237753868103 0.735451519489288 0.749750196933746 0.777799844741821 0.77077317237854 0.759736120700836 0.753621399402618 0.748967111110687 0.745831906795502 0.74190765619278 0.740314543247223 0.737109243869781 0.73625123500824 0.72923082113266 0.722960710525513 0.718435823917389 0.713784098625183 0.708194077014923 0.705327093601227 0.699641406536102 0.706050395965576 -3.4e+38 -3.4e+38 -3.4e+38 -3.4e+38 -3.4e+38 -3.4e+38 -3.4e+38 -3.4e+38 -3.4e+38 -3.4e+38 -3.4e+38 -3.4e+38
0.389035820960999 0.364849269390106 0.295905023813248 0.645355522632599 0.606902003288269 0.40366867184639 0.316001087427139 0.292802661657333 0.927943110466003 0.854558527469635 0.677895903587341 0.659381866455078 0.635225355625153 0.739562153816223 0.696069836616516 0.76143616437912 0.712075769901276 0.777109384536743 0.741718769073486 0.758036434650421 0.748967111110687 0.7442547082901 0.741081058979034 0.738715052604675 0.736690163612366 0.729141592979431 0.725781202316284 0.717091917991638 0.713311731815338 0.707716286182404 0.702960669994354 0.699085652828217 0.693402528762817 0.689371764659882 -3.4e+38 -3.4e+38 -3.4e+38 -3.4e+38 -3.4e+38 -3.4e+38 -3.4e+38 -3.4e+38 -3.4e+38 -3.4e+38 -3.4e+38 -3.4e+38
0.312619864940643 0.371450781822205 0.613343060016632 0.520720720291138 0.445087194442749 0.337356448173523 0.293055146932602 0.600384593009949 0.876832246780396 0.648871004581451 0.677732765674591 0.807110369205475 0.629764199256897 0.743319630622864 0.71640956401825 0.678289115428925 0.614501774311066 0.724188566207886 0.763119459152222 -3.4e+38 0.741081058979034 0.74190765619278 0.738715052604675 0.736625730991364 0.725781202316284 0.720591008663177 0.711943030357361 0.71016663312912 0.706665635108948 0.691852867603302 0.697601139545441 -3.4e+38 -3.4e+38 0.681989908218384 0.675040423870087 -3.4e+38 -3.4e+38 -3.4e+38 -3.4e+38 -3.4e+38 -3.4e+38 -3.4e+38 -3.4e+38 -3.4e+38 -3.4e+38 -3.4e+38
0.314413875341415 0.375981032848358 0.624559342861176 0.464926898479462 0.418249309062958 0.399022102355957 0.453139811754227 0.510710000991821 0.596859276294708 0.4623803794384 0.938432574272156 0.715845048427582 0.685995042324066 0.733817875385284 0.611027896404266 0.598548710346222 0.597849607467651 0.676474571228027 0.716489195823669 0.770542085170746 0.74190765619278 0.732612371444702 0.735497117042542 0.727498650550842 0.718039572238922 0.711943030357361 0.703970074653625 0.696784794330597 0.692271769046783 0.685933411121368 0.673420429229736 0.681260585784912 0.678739249706268 0.673656523227692 0.666687726974487 0.662550985813141 -3.4e+38 -3.4e+38 -3.4e+38 -3.4e+38 -3.4e+38 -3.4e+38 -3.4e+38 -3.4e+38 -3.4e+38 -3.4e+38
0.349274635314941 0.377448916435242 0.564225673675537 0.497716844081879 0.4537653028965 0.527130484580994 0.583259105682373 0.48979926109314 0.381555110216141 0.824869930744171 0.901083648204803 0.631203353404999 0.733030140399933 0.521040260791779 0.624299764633179 0.582334637641907 0.646465599536896 0.654829263687134 0.666942119598389 0.72920173406601 0.754977464675903 0.695027709007263 0.707563161849976 0.709417402744293 0.706665635108948 0.697697401046753 0.689502120018005 0.683060884475708 0.676548719406128 0.672828614711761 0.668128848075867 0.663392961025238 0.649456024169922 0.656478703022003 0.654730319976807 0.661145925521851 -3.4e+38 -3.4e+38 -3.4e+38 -3.4e+38 -3.4e+38 -3.4e+38 -3.4e+38 -3.4e+38 -3.4e+38 -3.4e+38
0.330778509378433 0.331048399209976 0.417981952428818 0.829474866390228 0.606389999389648 0.765009105205536 0.683260440826416 0.467388957738876 0.623550236225128 0.796769738197327 0.712894916534424 0.580418288707733 0.551990926265717 0.503286063671112 0.591505944728851 0.58378005027771 0.632185161113739 0.646489560604095 0.650791049003601 0.660848438739777 0.73395848274231 0.731097459793091 0.634556472301483 0.678363025188446 0.684929668903351 0.683135092258453 0.675601959228516 0.669967412948608 0.662352681159973 0.652770757675171 0.647933661937714 0.642989754676819 0.641078948974609 0.636169731616974 0.633165180683136 0.631154656410217 0.629219591617584 0.626269102096558 0.624321162700653 -3.4e+38 -3.4e+38 -3.4e+38 -3.4e+38 -3.4e+38 -3.4e+38 -3.4e+38
0.333512812852859 0.298265308141708 0.298775851726532 0.874203324317932 0.889075040817261 0.750069260597229 0.796612858772278 0.65227997303009 0.622886776924133 0.638130307197571 0.577349185943604 0.623388528823853 0.425525516271591 0.490010946989059 0.578174889087677 0.599978864192963 0.570177733898163 0.552749335765839 0.573925614356995 0.623359203338623 0.603582203388214 0.67805540561676 0.677698731422424 0.624935328960419 0.651559233665466 0.656527638435364 0.656604945659637 0.649827837944031 0.642987251281738 0.638089418411255 0.632157981395721 0.624160289764404 0.610583424568176 0.617116272449493 0.613103568553925 0.608045637607574 0.605983197689056 0.602964460849762 0.588159561157227 0.598899841308594 -3.4e+38 -3.4e+38 -3.4e+38 -3.4e+38 -3.4e+38 -3.4e+38
0.316103100776672 0.320133149623871 0.383614629507065 0.913287699222565 0.844858467578888 0.92587822675705 0.902456820011139 0.88731324672699 0.74830549955368 0.603634238243103 0.589832782745361 0.426142573356628 0.436273485422134 0.500075817108154 0.505130708217621 0.530474781990051 0.481121361255646 0.552482903003693 0.506428182125092 0.619041740894318 0.622725009918213 0.656652987003326 0.57616925239563 0.645029544830322 0.597368836402893 0.626799345016479 0.629907965660095 0.627039909362793 0.620176017284393 0.617116272449493 0.613022267818451 0.605901300907135 0.592095911502838 0.584850668907166 0.591526389122009 0.585327804088593 0.582259953022003 0.581208050251007 0.578234493732452 0.57484233379364 0.570925831794739 -3.4e+38 -3.4e+38 -3.4e+38 -3.4e+38 -3.4e+38
0.293314307928085 0.40847635269165 0.58102959394455 0.930778980255127 0.931841313838959 0.902727842330933 0.810984432697296 0.807985603809357 0.870666921138763 0.647924304008484 0.442537575960159 0.455548048019409 0.511031746864319 0.509469330310822 0.527773082256317 0.435929954051971 0.426543712615967 0.523638367652893 0.534383356571198 0.53890073299408 0.491978913545609 0.440581917762756 0.468544870615005 0.59615433216095 0.612058460712433 0.570232748985291 0.5972039103508 0.598408162593842 0.592405021190643 0.592570543289185 0.588389098644257 0.584197461605072 0.580071926116943 0.563884735107422 0.557684481143951 0.564471781253815 0.563181042671204 0.559239506721497 0.556357741355896 0.554222702980042 0.539224207401276 0.552721500396729 -3.4e+38 -3.4e+38 -3.4e+38 -3.4e+38
0.404752194881439 0.485298842191696 0.884481966495514 0.934938192367554 0.933920741081238 0.9192835688591 0.925915956497192 0.9127596616745 0.587429523468018 0.365735113620758 0.651689350605011 0.579961895942688 0.563388228416443 0.506520390510559 0.494891673326492 0.417484402656555 0.301536351442337 0.354232639074326 0.364903271198273 0.40950545668602 0.433069854974747 0.445916205644608 0.451582223176956 0.463275671005249 0.530270636081696 0.572747468948364 0.533082485198975 0.570064723491669 0.567133128643036 0.562072455883026 0.559150636196136 0.558922529220581 0.554655313491821 0.54962831735611 0.539576768875122 0.544591188430786 0.529543697834015 0.537396192550659 0.535565912723541 0.531582415103912 0.52974933385849 0.527594923973083 0.513568639755249 0.511812806129456 -3.4e+38 -3.4e+38
0.317028403282166 0.478495806455612 0.857441008090973 0.934431314468384 0.924009323120117 0.718505084514618 0.586196660995483 0.863923013210297 0.587116539478302 0.597678899765015 0.770978152751923 0.598548471927643 0.51085901260376 0.488667786121368 0.386805862188339 0.244191765785217 0.345687210559845 0.320575386285782 0.444161742925644 0.405420869588852 0.382755488157272 0.355045557022095 0.40045040845871 0.384785443544388 0.463341265916824 0.517652750015259 0.527111113071442 0.504723012447357 0.546701371669769 0.539530038833618 0.525497674942017 0.531698286533356 0.528031349182129 0.528031349182129 0.515844523906708 0.511524736881256 0.508605182170868 0.504604339599609 0.511813938617706 0.507813990116119 0.506733477115631 0.503812968730927 0.501973032951355 0.497971504926682 0.486844301223755 -3.4e+38
0.352191478013992 0.795538067817688 0.917415857315063 0.928055822849274 0.913350760936737 0.687077879905701 0.373219728469849 0.80612725019455 0.729280054569244 0.636966645717621 0.568741500377655 0.508149027824402 0.466868549585342 0.323324114084244 0.266287177801132 0.334876775741577 0.354434490203857 0.257032185792923 0.454167574644089 0.386207431554794 0.338031709194183 0.321727693080902 0.359250515699387 0.380788445472717 0.397743910551071 0.415201544761658 0.49271497130394 0.491342157125473 0.411411255598068 0.530671000480652 0.504794120788574 0.495670348405838 0.504605531692505 0.489796757698059 0.490877121686935 0.489796757698059 0.507056057453156 0.493005961179733 0.489764660596848 0.475648492574692 0.472735464572906 0.481009989976883 0.477015525102615 0.473701924085617 0.471699714660645 0.456118166446686
0.503909051418304 0.914864361286163 0.92300683259964 0.89249050617218 0.845162868499756 0.563394546508789 0.474117040634155 0.651715874671936 0.551640212535858 0.581041693687439 0.437450349330902 0.397087842226028 0.378873586654663 0.230637609958649 0.385779589414597 0.354038208723068 0.331752985715866 0.302269250154495 0.317728340625763 0.326481610536575 0.25427308678627 0.262721687555313 0.303347259759903 0.302448570728302 0.334291785955429 0.348513692617416 0.392433851957321 0.41298970580101 0.432851999998093 0.439296633005142 0.512837529182434 0.480986624956131 0.474719643592834 0.467387914657593 0.462626308202744 0.458874613046646 0.469947993755341 0.468953996896744 0.4531269967556 0.449881911277771 0.447885394096375 0.442912191152573 0.450935482978821 0.445205479860306 0.44569855928421 0.405345857143402
0.789690792560577 0.926939129829407 0.923492610454559 0.899163961410522 0.76937061548233 0.672771573066711 0.584293782711029 0.503727197647095 0.507977843284607 0.463697016239166 0.357840001583099 0.317995756864548 0.244931980967522 0.263432860374451 0.423684626817703 0.340584099292755 0.293270111083984 0.298257946968079 0.312149882316589 0.216155782341957 0.269108921289444 0.278075993061066 0.321141511201859 0.325945764780045 0.27896311879158 0.330306053161621 0.332940250635147 0.306617915630341 0.361385673284531 0.416632682085037 0.433415979146957 0.52320271730423 0.463164895772934 0.447670429944992 0.435239315032959 0.433001011610031 0.43053126335144 0.436029762029648 0.423630475997925 0.419208258390427 0.417983293533325 0.412610173225403 0.420498847961426 0.418533533811569 0.41657081246376 0.410950630903244
0.713015913963318 0.896806001663208 0.734129309654236 0.66585111618042 0.69908219575882 0.620340585708618 0.549966633319855 0.409515142440796 0.38227167725563 0.313459753990173 0.332853585481644 0.299352824687958 0.307218819856644 0.358078926801682 0.336116522550583 0.307290494441986 0.317410081624985 0.265659749507904 0.194046258926392 0.193883284926414 0.266200840473175 0.270510971546173 0.307952880859375 0.293032616376877 0.271177262067795 0.287560313940048 0.246018096804619 0.269720077514648 0.352939695119858 0.425284832715988 0.5347820520401 0.495129436254501 0.440000146627426 0.443961024284363 0.419482618570328 0.409689396619797 0.410949975252151 0.397803157567978 0.39251446723938 0.389394402503967 0.397139310836792 0.395934879779816 0.391605347394943 0.386099100112915 0.385379493236542 0.382280439138412
0.396852344274521 0.653879940509796 0.822756588459015 0.765731692314148 0.616902470588684 0.559292137622833 0.582987248897552 0.436897814273834 0.357004553079605 0.259664118289948 0.309199452400208 0.33044970035553 0.410815536975861 0.344552844762802 0.32103243470192 0.279143512248993 0.2655248939991 0.199020832777023 0.188781812787056 0.181490510702133 0.189713805913925 0.268819898366928 0.343608736991882 0.251453071832657 0.252171695232391 0.259222745895386 0.248879045248032 0.23209784924984 0.291468471288681 0.423611104488373 0.518710255622864 0.420793682336807 0.470761924982071 0.434843719005585 0.420729726552963 0.394937574863434 0.379863858222961 0.370648175477982 0.368545591831207 0.375886738300323 0.369536638259888 0.3664890229702 0.362288355827332 0.361586958169937 0.358567625284195 0.355559438467026
