output/projections/04_EH/Scinax nebulosus.asc
NCOLS 168 
NROWS 144 
XLLCORNER -41.0000000002598 
YLLCORNER -7.99999999976785 
CELLSIZE 0.0416666666664048 
NODATA_value -3.4e+38 
[rows 100 to 119 of 144, columns 92 to 137 of 168]
0.0501557253301144 0.0518314875662327 0.049896314740181 0.113475389778614 0.0874882712960243 0.179657697677612 0.230871483683586 0.178299456834793 0.0778388530015945 0.0656146481633186 0.175827622413635 0.101694099605083 0.0660522282123566 0.130514100193977 0.0715364962816238 0.061309453099966 0.0376636013388634 0.0378464572131634 0.0330358445644379 0.0367619842290878 0.034180048853159 0.0439563989639282 0.0843782722949982 0.102777630090714 0.0563658364117146 0.0700581967830658 0.056634146720171 0.039914958178997 0.0558327920734882 0.0524755045771599 0.0558258406817913 0.0500034391880035 0.0454210005700588 0.0329895243048668 0.0346246771514416 0.0473902933299541 0.0546785481274128 0.063013531267643 0.0807235911488533 0.0985066890716553 0.105204448103905 0.108248583972454 0.117309562861919 0.280847489833832 0.312660753726959 0.556798696517944
0.0516269877552986 0.0557933896780014 0.0472970940172672 0.125243455171585 0.0764969363808632 0.137846276164055 0.216366738080978 0.139129787683487 0.105968736112118 0.0750635340809822 0.0764919966459274 0.0521542318165302 0.0397225208580494 0.05439717695117 0.0630706548690796 0.0433464720845222 0.032556876540184 0.0343465954065323 0.034014280885458 0.0327157825231552 0.034180048853159 0.0537726022303104 0.0940288975834846 0.103806428611279 0.11035118997097 0.0823754593729973 0.0529849119484425 0.0391455665230751 0.0429108552634716 0.0593766756355762 0.0465364344418049 0.0490556731820107 0.035493865609169 0.0299325007945299 0.0549941137433052 0.0630758702754974 0.0624526739120483 0.0767279267311096 0.0877086073160172 0.114588111639023 0.156112939119339 0.184479802846909 0.202535673975945 0.365433931350708 0.505747139453888 0.541381657123566
0.0451957583427429 0.0658069923520088 0.0642353072762489 0.0657277554273605 0.0956554934382439 0.169371336698532 0.296340852975845 0.136981889605522 0.0986468270421028 0.0609279721975327 0.0552671067416668 0.0346687957644463 0.0345139242708683 0.0578106641769409 0.0767161622643471 0.0350206419825554 0.034014280885458 0.0431180447340012 0.0295311566442251 0.0273085851222277 0.0404976457357407 0.0822311714291573 0.102785542607307 0.106558755040169 0.0826053321361542 0.0725286081433296 0.0581284016370773 0.0433207228779793 0.0481551848351955 0.0687523931264877 0.0445672497153282 0.0369077958166599 0.0361987873911858 0.039305429905653 0.0754057019948959 0.0729500353336334 0.0670220926403999 0.0657416805624962 0.0759807899594307 0.0954888537526131 0.131028816103935 0.148505672812462 0.180235385894775 0.297938466072083 0.351392596960068 0.352624446153641
0.0595218576490879 0.0669364780187607 0.117824144661427 0.115640886127949 0.0699018239974976 0.24908185005188 0.312564343214035 0.173468708992004 0.085908018052578 0.0496430471539497 0.0364913307130337 0.0358811430633068 0.0874029025435448 0.106294400990009 0.0822441279888153 0.032556876540184 0.0550210066139698 0.0374815948307514 0.0327157825231552 0.0304090566933155 0.0427046157419682 0.091913990676403 0.0730791762471199 0.0488520450890064 0.0774199739098549 0.0773456543684006 0.0540042780339718 0.0497898384928703 0.0414712056517601 0.0568965822458267 0.0349983610212803 0.0330147817730904 0.0426776632666588 0.0452032685279846 0.059881966561079 0.057640578597784 0.0509047657251358 0.0639267563819885 0.079610139131546 0.099225640296936 0.12673257291317 0.146129816770554 0.158169478178024 0.140346422791481 0.148394778370857 0.158191278576851
0.06118518486619 0.0614850558340549 0.0852888077497482 0.0646591410040855 0.122037999331951 0.14597100019455 0.228231325745583 0.13794894516468 0.0804629474878311 0.0427354797720909 0.0355125404894352 0.0384008102118969 0.0915161445736885 0.0617202185094357 0.0364071801304817 0.0338492877781391 0.0667407587170601 0.0353624299168587 0.0283987708389759 0.0270424578338861 0.0281223282217979 0.0666706115007401 0.0483872331678867 0.0558068752288818 0.101678431034088 0.0512446016073227 0.0542619973421097 0.0365795195102692 0.0393353253602982 0.0355209670960903 0.0353489331901073 0.046559851616621 0.0346599668264389 0.0450205430388451 0.0447707809507847 0.0610254779458046 0.053405549377203 0.066084049642086 0.0961686968803406 0.119612105190754 0.131602972745895 0.150714263319969 0.120665609836578 0.110977679491043 0.211451858282089 0.419414103031158
0.0646900534629822 0.0697539076209068 0.0610360391438007 0.0562759824097157 0.151027962565422 0.0991643443703651 0.119430176913738 0.107390329241753 0.067187026143074 0.0449728071689606 0.0409646444022655 0.0454397201538086 0.048974446952343 0.0716113671660423 0.0301136504858732 0.0575417689979076 0.0509346053004265 0.0346820391714573 0.0282602217048407 0.0247581414878368 0.0271752048283815 0.0414869375526905 0.0385864451527596 0.0843111276626587 0.0914082527160645 0.0537726022303104 0.0463427528738976 0.0380301661789417 0.0397225208580494 0.0542619973421097 0.0481551848351955 0.0357028879225254 0.034180048853159 0.039914958178997 0.113212034106255 0.125479072332382 0.060151033103466 0.0931527614593506 0.126178160309792 0.118447363376617 0.160846620798111 0.176914125680923 0.179825991392136 0.318001717329025 0.548669934272766 0.598787367343903
0.0904333367943764 0.0645800530910492 0.0606888458132744 0.0956096649169922 0.119822457432747 0.0862077325582504 0.111697994172573 0.0623020566999912 0.0534818284213543 0.0500787571072578 0.0497170723974705 0.0515186339616776 0.0331927761435509 0.0428514704108238 0.0480015315115452 0.0831722989678383 0.0362316332757473 0.0327157825231552 0.0317734703421593 0.0245162416249514 0.0302610043436289 0.0459213145077229 0.0612446367740631 0.0907472744584084 0.109578117728233 0.0408906228840351 0.0479250028729439 0.0598625354468822 0.0431180447340012 0.0472407080233097 0.0522323362529278 0.0333589315414429 0.0505154244601727 0.123840764164925 0.196917682886124 0.170229226350784 0.130460038781166 0.146230384707451 0.145289421081543 0.171374708414078 0.194176152348518 0.195359110832214 0.192482829093933 0.257968455553055 0.318922370672226 0.367643237113953
0.0763732269406319 0.0812872126698494 0.0636274516582489 0.0666444599628448 0.0694792196154594 0.118892483413219 0.0639131143689156 0.0640431419014931 0.0848375037312508 0.0728581324219704 0.056230865418911 0.0385181456804276 0.032084621489048 0.0476813241839409 0.0354464799165726 0.0526735335588455 0.0397434756159782 0.032556876540184 0.0393403097987175 0.0241577085107565 0.0420915670692921 0.0425192341208458 0.0844720005989075 0.0828488171100616 0.110863201320171 0.0497969202697277 0.0763483121991158 0.0726629942655563 0.0420915670692921 0.0389616265892982 0.0416875518858433 0.0384001545608044 0.0812651440501213 0.0696953684091568 0.113919675350189 0.166559338569641 0.129547253251076 0.148125633597374 0.141452789306641 0.162411600351334 0.158946588635445 0.130447059869766 0.209491223096848 0.195304155349731 0.220442414283752 0.204023942351341
0.0763183236122131 0.0835913121700287 0.080256499350071 0.069585420191288 0.0743902325630188 0.0745277032256126 0.0678204521536827 0.0647752955555916 0.0697776302695274 0.0489919483661652 0.0416899994015694 0.0402046181261539 0.0358972102403641 0.0508884526789188 0.0551880784332752 0.0415087826550007 0.0445373840630054 0.038455743342638 0.0428906641900539 0.0251253563910723 0.0253731105476618 0.0508801639080048 0.0774322301149368 0.0665465071797371 0.0558617524802685 0.0500347763299942 0.0365841686725616 0.0461208149790764 0.0319286808371544 0.0766918584704399 0.0365841686725616 0.0490864478051662 0.0912091806530952 0.0882910937070847 0.220337808132172 0.218776568770409 0.125178575515747 0.100206062197685 0.124542109668255 0.14007742702961 0.144096538424492 0.130930587649345 0.197290450334549 0.266820728778839 0.209562033414841 0.165633499622345
0.0808541402220726 0.086426168680191 0.0927514806389809 0.0677322745323181 0.0833858475089073 0.0625303685665131 0.0718905255198479 0.0653293654322624 0.0615111067891121 0.0505265966057777 0.0454337187111378 0.0398230068385601 0.0497398264706135 0.0489824377000332 0.0299669913947582 0.0317734703421593 0.0305578093975782 0.0530210919678211 0.0420298241078854 0.0252489373087883 0.0270424578338861 0.0494414083659649 0.0648789554834366 0.0498673096299171 0.0403025187551975 0.0424993261694908 0.0283987708389759 0.0595216639339924 0.0350206419825554 0.0569036602973938 0.0433261916041374 0.083165355026722 0.144888445734978 0.234857231378555 0.271547913551331 0.148901402950287 0.0696526169776917 0.124304421246052 0.23492693901062 0.219419926404953 0.190296038985252 0.13679613173008 0.335874736309052 0.237221881747246 0.12727715075016 0.342565447092056
0.073758989572525 0.102085165679455 0.0934477895498276 0.07107824832201 0.115667209029198 0.0803724303841591 0.0615009143948555 0.0553525052964687 0.0743789747357368 0.0585684888064861 0.0471694059669971 0.044711247086525 0.0536872483789921 0.0505541265010834 0.027577256783843 0.0404010824859142 0.0368861518800259 0.0515250787138939 0.0468606576323509 0.0267788544297218 0.0267788544297218 0.0505917519330978 0.0569936670362949 0.0479025691747665 0.0317734703421593 0.0283987708389759 0.0479250028729439 0.0911492183804512 0.0512446016073227 0.0713772922754288 0.105670094490051 0.153455346822739 0.174112737178802 0.254380166530609 0.130525231361389 0.0920061618089676 0.2250095307827 0.404763340950012 0.290718615055084 0.192553728818893 0.15381908416748 0.152378901839256 0.308391481637955 0.175566434860229 0.148865655064583 0.523709177970886
0.0694116204977036 0.0803788751363754 0.100725345313549 0.0798673778772354 0.129095792770386 0.0726351737976074 0.0655896440148354 0.0604873485863209 0.066926896572113 0.0785393044352531 0.0507940389215946 0.0574429035186768 0.0444967560470104 0.0384942553937435 0.0352077521383762 0.0310083124786615 0.036056287586689 0.041346836835146 0.0391689352691174 0.0273085851222277 0.0304090566933155 0.0551293529570103 0.0625394135713577 0.0425995886325836 0.0304090566933155 0.0510733053088188 0.0915741771459579 0.070126049220562 0.0763362124562263 0.0854573920369148 0.156626999378204 0.154892608523369 0.155541345477104 0.211624950170517 0.0928505882620811 0.0985106974840164 0.182490453124046 0.281372606754303 0.247213020920753 0.110589593648911 0.118264347314835 0.279661059379578 0.335914462804794 0.317195028066635 0.36300978064537 0.610105276107788
0.0859891176223755 0.0829627737402916 0.0899790376424789 0.0831281244754791 0.14746880531311 0.0719080343842506 0.0601330175995827 0.0630726218223572 0.0644089430570602 0.0618558265268803 0.0577773377299309 0.0458478219807148 0.0484715588390827 0.0328267514705658 0.0260029472410679 0.0243961587548256 0.0279850866645575 0.0252489373087883 0.0322412997484207 0.0302610043436289 0.0382147319614887 0.0533225759863853 0.0461449846625328 0.0374815948307514 0.0404976457357407 0.0639637187123299 0.0589075833559036 0.0577194429934025 0.0731971487402916 0.0596658140420914 0.0661899670958519 0.0696953684091568 0.0949921682476997 0.0779465585947037 0.068722665309906 0.0801448822021484 0.216854929924011 0.350145548582077 0.175131529569626 0.123671777546406 0.297059297561646 0.536933422088623 0.401705533266068 0.358686506748199 0.367307484149933 0.304441422224045
0.0922204777598381 0.0843529999256134 0.0816064476966858 0.107840679585934 0.122942343354225 0.0657922029495239 0.0670570284128189 0.0575532279908657 0.0596719160676003 0.0491767711937428 0.0547821000218391 0.039138488471508 0.0917036756873131 0.0291014704853296 0.0260029472410679 0.0241577085107565 0.0256232414394617 0.0247581414878368 0.0295311566442251 0.0417061075568199 0.0389799475669861 0.0485999248921871 0.0407127812504768 0.0373004302382469 0.0422949753701687 0.0448102876543999 0.0437453649938107 0.0593840442597866 0.0619654431939125 0.0439563989639282 0.0495584644377232 0.0758035629987717 0.123771876096725 0.0665017440915108 0.0797746032476425 0.105897314846516 0.363307476043701 0.499447643756866 0.444558531045914 0.418613910675049 0.540427923202515 0.29484885931015 0.232591286301613 0.221580132842064 0.20708692073822 0.261791348457336
0.0819191634654999 0.0896740853786469 0.1058284714818 0.0975487232208252 0.105279892683029 0.0706905424594879 0.068740613758564 0.0486157946288586 0.044718574732542 0.0599011555314064 0.0487082041800022 0.0488935261964798 0.0817408561706543 0.0265177488327026 0.0226622894406319 0.0226622894406319 0.025875773280859 0.0307072680443525 0.0327157825231552 0.0365841686725616 0.0293872486799955 0.0365841686725616 0.0401271246373653 0.0393403097987175 0.0362310148775578 0.0395309738814831 0.0420915670692921 0.0649563744664192 0.0560987181961536 0.0452431365847588 0.0534923039376736 0.0858901888132095 0.145484372973442 0.116848476231098 0.285868763923645 0.273682415485382 0.529789805412292 0.568416833877563 0.541501402854919 0.241841003298759 0.216166123747826 0.243451133370399 0.404063940048218 0.407873690128326 0.382472157478333 0.422517210245132
0.0669047981500626 0.134271159768105 0.137110531330109 0.137110531330109 0.0899584367871284 0.0684191063046455 0.0540586598217487 0.0411990471184254 0.0463822074234486 0.105292320251465 0.0497931092977524 0.0631524994969368 0.0641715526580811 0.0245162416249514 0.0225510764867067 0.0296757481992245 0.0282602217048407 0.0310083124786615 0.0317734703421593 0.0253731105476618 0.0236876085400581 0.0289595946669579 0.0391505286097527 0.0333589315414429 0.0404976457357407 0.033521618694067 0.055568054318428 0.0593840442597866 0.0519837290048599 0.0424993261694908 0.0500347763299942 0.0710121169686317 0.154465213418007 0.198142543435097 0.231908038258553 0.301948010921478 0.537960171699524 0.531391143798828 0.370270758867264 0.281204581260681 0.416634649038315 0.350366920232773 0.397056758403778 0.424396365880966 0.427201867103577 0.498970538377762
0.0926070287823677 0.0783069357275963 0.136158511042595 0.143558472394943 0.0956521257758141 0.0596183426678181 0.0466516204178333 0.0413191840052605 0.0585521906614304 0.0588302612304688 0.042737603187561 0.0734558776021004 0.0467830561101437 0.0229991525411606 0.0247581414878368 0.0209455247968435 0.0214678756892681 0.0215738657861948 0.0235714856535196 0.0216803662478924 0.0243961587548256 0.0308574344962835 0.0317734703421593 0.0330358445644379 0.0416875518858433 0.0406936779618263 0.0514898672699928 0.0495584644377232 0.0510004423558712 0.0404976457357407 0.0529849119484425 0.0801448822021484 0.138677090406418 0.227455511689186 0.342601597309113 0.454910486936569 0.490570038557053 0.52157598733902 0.53740918636322 0.509194076061249 0.355938196182251 0.336455345153809 0.238480597734451 0.243591666221619 0.242250367999077 0.225735649466515
0.14983081817627 0.0758014917373657 0.0680329576134682 0.137593731284142 0.0791474729776382 0.0686794891953468 0.0420855768024921 0.0346365012228489 0.0410792417824268 0.0577773377299309 0.0343331322073936 0.0770299136638641 0.0342670120298862 0.0270424578338861 0.0236876085400581 0.0211529564112425 0.0233409032225609 0.0232264380902052 0.0299669913947582 0.0261307265609503 0.0269103422760963 0.0330358445644379 0.0302610043436289 0.0367619842290878 0.0441684015095234 0.0378464572131634 0.0395309738814831 0.0369406305253506 0.0378464572131634 0.0393403097987175 0.0517362393438816 0.0989585891366005 0.189946398139 0.237692385911942 0.219059213995934 0.387597888708115 0.44951406121254 0.532031536102295 0.474468618631363 0.29593351483345 0.226043581962585 0.225118204951286 0.218645423650742 0.174063995480537 0.165554270148277 0.241137102246284
0.107199683785439 0.087443970143795 0.0714324712753296 0.0572363846004009 0.0636418908834457 0.0699163526296616 0.0370033569633961 0.0359752513468266 0.0350421108305454 0.0683473199605942 0.0315721035003662 0.0519293583929539 0.0427766963839531 0.0341981835663319 0.0235714856535196 0.0241577085107565 0.0305578093975782 0.0304090566933155 0.0328754372894764 0.0338492877781391 0.0313122123479843 0.0322412997484207 0.0246369019150734 0.0314652398228645 0.032556876540184 0.0243961587548256 0.0317734703421593 0.0470146797597408 0.0429108552634716 0.0376636013388634 0.0847120434045792 0.171619400382042 0.137479051947594 0.227440431714058 0.399860352277756 0.498455703258514 0.515421450138092 0.608486711978912 0.482793837785721 0.363294988870621 0.348179429769516 0.212381660938263 0.152116626501083 0.150789022445679 0.152048587799072 0.258585602045059
0.0940133035182953 0.0802550166845322 0.065774030983448 0.0547865442931652 0.0454583279788494 0.0485275126993656 0.0440377183258533 0.0396375246345997 0.054939579218626 0.0652693882584572 0.0394398681819439 0.0507001020014286 0.044711247086525 0.0279850866645575 0.0270424578338861 0.0333589315414429 0.0421522669494152 0.0308574344962835 0.0350206419825554 0.0345139242708683 0.0296757481992245 0.0310083124786615 0.0245162416249514 0.0251253563910723 0.0248799622058868 0.0330358445644379 0.0467896834015846 0.0414869375526905 0.0330358445644379 0.0397225208580494 0.109770782291889 0.186261996626854 0.253936737775803 0.44629493355751 0.552646636962891 0.589800596237183 0.614038944244385 0.584448158740997 0.446770429611206 0.40374755859375 0.306103080511093 0.154766067862511 0.139614298939705 0.15150249004364 0.242237240076065 0.392426460981369
