output/projections/04_EH/Scinax nebulosus.asc
NCOLS 168 
NROWS 144 
XLLCORNER -41.0000000002598 
YLLCORNER -7.99999999976785 
CELLSIZE 0.0416666666664048 
NODATA_value -3.4e+38 
[rows 80 to 99 of 144, columns 0 to 45 of 168]
0.886660277843475 0.873187243938446 0.912025511264801 0.781686663627625 0.6430983543396 0.655212044715881 0.602080523967743 0.561608850955963 0.486363530158997 0.603471755981445 0.449455738067627 0.429663479328156 0.51388818025589 0.538504123687744 0.415414243936539 0.341866314411163 0.327549874782562 0.289325773715973 0.287509977817535 0.258342772722244 0.219780504703522 0.199339836835861 0.318550288677216 0.368223011493683 0.385008990764618 0.488939821720123 0.413515120744705 0.592369794845581 0.332688421010971 0.433896899223328 0.52741926908493 0.585774004459381 0.700607538223267 0.46109938621521 0.357712239027023 0.469561755657196 0.482568860054016 0.411118239164352 0.346189200878143 0.32105877995491 0.339774370193481 0.315540939569473 0.357327461242676 0.269100904464722 0.261204242706299 0.308313250541687
0.839772462844849 0.895776212215424 0.91167801618576 0.802700161933899 0.678787887096405 0.637019753456116 0.574024617671967 0.531660079956055 0.495428740978241 0.534662485122681 0.510288178920746 0.387995481491089 0.40881273150444 0.407114923000336 0.413267284631729 0.404981136322021 0.327110350131989 0.365205705165863 0.328487992286682 0.233697965741158 0.196870923042297 0.255653411149979 0.547005951404572 0.403304487466812 0.280534595251083 0.300034314393997 0.463554710149765 0.381174147129059 0.388322770595551 0.573256194591522 0.653538882732391 0.696367502212524 0.687535047531128 0.422364175319672 0.519999444484711 0.534445822238922 0.453364282846451 0.391459435224533 0.376862764358521 0.35900405049324 0.335890978574753 0.342211127281189 0.283552765846252 0.31111466884613 0.290979593992233 0.230934739112854
0.661297261714935 0.8669513463974 0.91027569770813 0.781474471092224 0.65730756521225 0.621983289718628 0.556946873664856 0.546989381313324 0.448275864124298 0.497512191534042 0.539430558681488 0.412907779216766 0.425224781036377 0.378765076398849 0.310657620429993 0.35264590382576 0.408185660839081 0.293284952640533 0.266149342060089 0.222560793161392 0.206511780619621 0.351532518863678 0.493494063615799 0.453578948974609 0.289160788059235 0.424309134483337 0.360285460948944 0.279712229967117 0.486164659261703 0.615016281604767 0.606868982315063 0.68474155664444 0.708920896053314 0.447309523820877 0.505731761455536 0.502650320529938 0.438868969678879 0.394522368907928 0.404912233352661 0.361323833465576 0.324301302433014 0.283800452947617 0.294195950031281 0.411850273609161 0.285000711679459 0.224948853254318
0.700679540634155 0.865408301353455 0.902700185775757 0.775398075580597 0.698497712612152 0.621983289718628 0.528959095478058 0.454573303461075 0.46733769774437 0.48467355966568 0.542491495609283 0.372333407402039 0.428430497646332 0.392125576734543 0.318478494882584 0.315473288297653 0.313733100891113 0.305387824773788 0.315568715333939 0.219096675515175 0.249753996729851 0.355439484119415 0.429000377655029 0.503820419311523 0.400634348392487 0.342839598655701 0.261040717363358 0.470574885606766 0.640199065208435 0.61118757724762 0.663277566432953 0.718663156032562 0.596413314342499 0.60475879907608 0.414778739213943 0.492823123931885 0.453298896551132 0.464050352573395 0.390135526657104 0.393734127283096 0.339267581701279 0.232790142297745 0.380128026008606 0.423373401165009 0.257155239582062 0.251461982727051
0.603799939155579 0.879135251045227 0.908396303653717 0.764974236488342 0.64148336648941 0.533972382545471 0.525001466274261 0.40766054391861 0.448834866285324 0.552038550376892 0.448275864124298 0.331075459718704 0.438382893800735 0.425777226686478 0.29934549331665 0.309637159109116 0.27531486749649 0.288204252719879 0.38194066286087 0.294595062732697 0.266737997531891 0.337871342897415 0.318983763456345 0.597973108291626 0.523675560951233 0.25671911239624 0.311789065599442 0.525169134140015 0.653538882732391 0.682564437389374 0.719679713249207 0.661692321300507 0.482828795909882 0.484778374433517 0.453364282846451 0.416674941778183 0.435388743877411 0.398613423109055 0.460231482982635 0.396866381168365 0.222342655062675 0.25324809551239 0.46079295873642 0.456675559282303 0.248808935284615 0.240107119083405
0.577262818813324 0.855100810527802 0.898774147033691 0.728865802288055 0.619675755500793 0.563212513923645 0.48467355966568 0.436652988195419 0.40644571185112 0.523746132850647 0.448083639144897 0.316954731941223 0.368449658155441 0.402077734470367 0.276631146669388 0.255822479724884 0.241050079464912 0.332071602344513 0.427300333976746 0.369657218456268 0.306008845567703 0.345797926187515 0.363551914691925 0.554456770420074 0.533211827278137 0.240860864520073 0.373365819454193 0.323126673698425 0.604215860366821 0.719276785850525 0.737605094909668 0.696190357208252 0.495665550231934 0.56162965297699 0.569431602954865 0.489177703857422 0.40321958065033 0.378697782754898 0.414839327335358 0.263387531042099 0.23863759636879 0.301620095968246 0.461288958787918 0.419502168893814 0.270091772079468 0.266327559947968
0.723393142223358 0.834610283374786 0.906605780124664 0.798580348491669 0.681598722934723 0.584221005439758 0.523248195648193 0.414740920066833 0.455133676528931 0.498836427927017 0.404751002788544 0.358610600233078 0.336731344461441 0.370329588651657 0.284814417362213 0.2417002171278 0.222529992461205 0.227174639701843 0.339017510414124 0.322955310344696 0.34285894036293 0.313112378120422 0.47914382815361 0.514122068881989 0.567599654197693 0.286444962024689 0.380917757749557 0.339611113071442 0.524649918079376 0.433053880929947 0.602513074874878 0.707289576530457 0.556775867938995 0.639481961727142 0.524217069149017 0.524410903453827 0.449000418186188 0.514293968677521 0.29835644364357 0.259550780057907 0.276990681886673 0.400612980127335 0.482326775789261 0.336627721786499 0.358085840940475 0.41338637471199
0.685535669326782 0.877529501914978 0.90363597869873 0.851600706577301 0.724974036216736 0.614982008934021 0.496319860219955 0.403351873159409 0.520044267177582 0.406027853488922 0.470473080873489 0.44491046667099 0.312668859958649 0.342159926891327 0.303219020366669 0.280574351549149 0.230480864644051 0.217941328883171 0.365682631731033 0.329382598400116 0.306451141834259 0.29187935590744 0.495532840490341 0.542271018028259 0.623832702636719 0.337178736925125 0.433521389961243 0.410493522882462 0.321859568357468 0.313507318496704 0.423338502645493 0.417881429195404 0.492174446582794 0.579825878143311 0.488224595785141 0.469817489385605 0.446511268615723 0.369048625230789 0.340923637151718 0.262514293193817 0.345110446214676 0.526295304298401 0.524410903453827 0.327618837356567 0.353629410266876 0.390568196773529
0.5622239112854 0.841171860694885 0.900375723838806 0.825379431247711 0.719268083572388 0.555642902851105 0.493609219789505 0.369218111038208 0.409486621618271 0.4484503865242 0.472722172737122 0.385732859373093 0.278912395238876 0.277901232242584 0.306955337524414 0.333021908998489 0.222230419516563 0.26086413860321 0.372492402791977 0.326723575592041 0.28199028968811 0.256248116493225 0.433981209993362 0.583391904830933 0.681736052036285 0.291849136352539 0.577961921691895 0.535270571708679 0.520519077777863 0.359048306941986 0.428641498088837 0.326724290847778 0.437738597393036 0.534573495388031 0.474403351545334 0.498504728078842 0.392802000045776 0.318887084722519 0.392140746116638 0.327295422554016 0.354028761386871 0.554993033409119 0.510521352291107 0.365699976682663 0.315708935260773 0.363788932561874
0.641436576843262 0.685535669326782 0.895003795623779 0.819499731063843 0.760719180107117 0.525696575641632 0.539736986160278 0.344313472509384 0.547822177410126 0.562403798103333 0.39972335100174 0.301315516233444 0.262217789888382 0.240287959575653 0.323361665010452 0.4526207447052 0.294079124927521 0.242053136229515 0.408682554960251 0.303893357515335 0.25033962726593 0.266551196575165 0.388858169317245 0.588508129119873 0.710075199604034 0.577696740627289 0.294095307588577 0.584561824798584 0.640204906463623 0.487684965133667 0.403410047292709 0.433236122131348 0.368728190660477 0.441906780004501 0.47159019112587 0.419333815574646 0.31063312292099 0.34149095416069 0.428255796432495 0.425538301467896 0.434428662061691 0.567663609981537 0.513252139091492 0.443679958581924 0.377430766820908 0.332683593034744
0.566682755947113 0.700065672397614 0.862032532691956 0.813199043273926 0.776468753814697 0.597325265407562 0.425461739301682 0.356561720371246 0.537808537483215 0.408709406852722 0.335009127855301 0.309711903333664 0.244174510240555 0.236711740493774 0.418236345052719 0.439445942640305 0.319878935813904 0.288545072078705 0.356852024793625 0.331167697906494 0.240267664194107 0.258354336023331 0.358227610588074 0.603799939155579 0.693865597248077 0.4162817299366 0.477356880903244 0.665703952312469 0.560049414634705 0.445035308599472 0.500459909439087 0.448894649744034 0.413282692432404 0.375295400619507 0.42401060461998 0.343933612108231 0.368000090122223 0.354286462068558 0.434493482112885 0.471158534288406 0.566172242164612 0.556191802024841 0.549669504165649 0.462148457765579 0.422609627246857 0.357504934072495
0.474921673536301 0.497832030057907 0.806260049343109 0.774145483970642 0.809889554977417 0.556265950202942 0.477376669645309 0.320235848426819 0.518227159976959 0.396730154752731 0.320254534482956 0.401185125112534 0.294566333293915 0.292956292629242 0.508418262004852 0.435729801654816 0.312039405107498 0.351334363222122 0.338326960802078 0.309011071920395 0.262608170509338 0.24882809817791 0.29187935590744 0.431254774332047 0.666717886924744 0.718925595283508 0.728777706623077 0.589648067951202 0.463837683200836 0.47808450460434 0.444991320371628 0.487075835466385 0.400467574596405 0.372289955615997 0.555894434452057 0.415240973234177 0.351531803607941 0.43722465634346 0.368000090122223 0.534098207950592 0.640518605709076 0.484817683696747 0.463421136140823 0.431995570659637 0.357285261154175 0.339226394891739
0.426090031862259 0.548295378684998 0.752752542495728 0.728298842906952 0.788123428821564 0.601221978664398 0.532821714878082 0.349990338087082 0.507680594921112 0.476717710494995 0.404829114675522 0.350662052631378 0.301786154508591 0.296292841434479 0.456138879060745 0.441434890031815 0.352867245674133 0.302343010902405 0.286446571350098 0.295217007398605 0.315318524837494 0.308391064405441 0.278332650661469 0.330265045166016 0.571577668190002 0.724589347839355 0.637803971767426 0.579892039299011 0.490980803966522 0.443064153194427 0.428894877433777 0.398365795612335 0.390902638435364 0.472499966621399 0.520862579345703 0.46692231297493 0.418193817138672 0.369475394487381 0.508679211139679 0.553791999816895 0.550507664680481 0.577197670936584 0.474723517894745 0.416754901409149 0.34267845749855 0.435534447431564
0.527028620243073 0.473428547382355 0.647698700428009 0.696458697319031 0.7134650349617 0.68354070186615 0.364093363285065 0.428829461336136 0.494078785181046 0.446683287620544 0.447176694869995 0.394191324710846 0.321230620145798 0.28959709405899 0.352264314889908 0.393466293811798 0.416494905948639 0.316075593233109 0.249873712658882 0.281173348426819 0.39971724152565 0.355697691440582 0.305603295564651 0.343328148126602 0.454374313354492 0.709490299224854 0.664941310882568 0.76118004322052 0.543846547603607 0.420669466257095 0.483955919742584 0.331957042217255 0.563105404376984 0.472890943288803 0.659199953079224 0.477780342102051 0.517308533191681 0.371134519577026 0.578428983688354 0.580774188041687 0.645002424716949 0.58604508638382 0.502992808818817 0.397861957550049 0.428868800401688 0.421974897384644
0.581745088100433 0.681359171867371 0.664076209068298 0.776730179786682 0.740324854850769 0.639397621154785 0.308427661657333 0.479987472295761 0.469687223434448 0.470443785190582 0.390363931655884 0.375844746828079 0.425135046243668 0.380302906036377 0.317221790552139 0.300023257732391 0.367040663957596 0.310010641813278 0.264341711997986 0.289382964372635 0.442162722349167 0.320974946022034 0.357788532972336 0.333864033222198 0.512408792972565 0.662908315658569 0.612711489200592 0.72974294424057 0.709408760070801 0.581371128559113 0.371500700712204 0.304961532354355 0.598292827606201 0.409210741519928 0.802542805671692 0.543973863124847 0.492149770259857 0.430149227380753 0.43509104847908 0.679833352565765 0.650525391101837 0.518172025680542 0.461847424507141 0.480917364358902 0.560191929340363 0.466033548116684
0.574867308139801 0.763091921806335 0.770560562610626 0.8095782995224 0.739016115665436 0.532583951950073 0.418510526418686 0.506183803081512 0.498373955488205 0.429339468479156 0.358765602111816 0.37773984670639 0.503407180309296 0.442205041646957 0.403104841709137 0.330406367778778 0.293251007795334 0.291581183671951 0.250818312168121 0.351541578769684 0.312429845333099 0.309882521629333 0.318587511777878 0.348570764064789 0.47565770149231 0.525990605354309 0.494534879922867 0.715051531791687 0.668612241744995 0.338145166635513 0.552318811416626 0.311941504478455 0.689999580383301 0.727386057376862 0.770832717418671 0.720885694026947 0.644548535346985 0.588112056255341 0.588595509529114 0.77534008026123 0.674160301685333 0.588685691356659 0.504947900772095 0.612526297569275 0.593436181545258 0.482195407152176
0.508158087730408 0.53757107257843 0.800937354564667 0.811625778675079 0.6747105717659 0.505185842514038 0.53333991765976 0.550335824489594 0.463423877954483 0.332995802164078 0.335912585258484 0.327869534492493 0.381766587495804 0.472454786300659 0.404567211866379 0.380731463432312 0.356063067913055 0.250214666128159 0.275627940893173 0.298131257295609 0.327840477228165 0.404578328132629 0.379128277301788 0.404808431863785 0.397055059671402 0.431254774332047 0.676497519016266 0.544647574424744 0.5563063621521 0.420884847640991 0.538053870201111 0.32404363155365 0.701062023639679 0.751239955425262 0.696173906326294 0.716403663158417 0.538309037685394 0.482937514781952 0.614465236663818 0.74418443441391 0.576162159442902 0.536903738975525 0.590608656406403 0.664800703525543 0.45682618021965 0.348785519599915
0.442933142185211 0.588087022304535 0.717868387699127 0.827901542186737 0.644265711307526 0.588864088058472 0.577600538730621 0.583981215953827 0.53886467218399 0.457430362701416 0.36200624704361 0.316846698522568 0.342916935682297 0.378209143877029 0.364544957876205 0.392979025840759 0.404022932052612 0.261531502008438 0.256932944059372 0.279107421636581 0.349990338087082 0.40313658118248 0.385090261697769 0.482739061117172 0.462388634681702 0.614624798297882 0.580169975757599 0.515560269355774 0.646378993988037 0.493240207433701 0.37682768702507 0.398205071687698 0.614181280136108 0.556691527366638 0.628006756305695 0.760869443416595 0.539256870746613 0.45833894610405 0.66764634847641 0.673554480075836 0.547091782093048 0.521531641483307 0.53903728723526 0.609659552574158 0.524949908256531 0.31046536564827
0.462388634681702 0.467159271240234 0.483258962631226 0.803531289100647 0.729489743709564 0.566745936870575 0.585203528404236 0.592766106128693 0.54661762714386 0.494360446929932 0.416800826787949 0.412882715463638 0.335166364908218 0.272623389959335 0.269879549741745 0.388197779655457 0.366294026374817 0.22430631518364 0.267900586128235 0.270719021558762 0.40968918800354 0.465906590223312 0.425601989030838 0.602636337280273 0.53079092502594 0.45616015791893 0.649538040161133 0.648609161376953 0.776296317577362 0.598959147930145 0.379377454519272 0.516576766967773 0.500397562980652 0.446666419506073 0.691748261451721 0.640480875968933 0.534444212913513 0.473084688186646 0.727854907512665 0.615385353565216 0.481698632240295 0.470897555351257 0.576054215431213 0.512363493442535 0.488698720932007 0.333725482225418
0.518000185489655 0.417771607637405 0.504426598548889 0.770203232765198 0.777513027191162 0.526054739952087 0.494100242853165 0.539123356342316 0.54188197851181 0.481286734342575 0.449708998203278 0.473730862140656 0.385509938001633 0.308953374624252 0.27377712726593 0.29467299580574 0.240478038787842 0.242211490869522 0.357788532972336 0.368727445602417 0.382668763399124 0.278479516506195 0.344698935747147 0.457624852657318 0.388393312692642 0.341764390468597 0.640517830848694 0.716340184211731 0.787705719470978 0.619305968284607 0.481746643781662 0.52326762676239 0.495514184236526 0.389045506715775 0.646831870079041 0.630450189113617 0.597703337669373 0.457733750343323 0.693475544452667 0.695764064788818 0.605571925640106 0.542247354984283 0.549239099025726 0.532927393913269 0.420514941215515 0.393069237470627
