output/projections/04_EH/Scinax nebulosus.asc
NCOLS 168 
NROWS 144 
XLLCORNER -41.0000000002598 
YLLCORNER -7.99999999976785 
CELLSIZE 0.0416666666664048 
NODATA_value -3.4e+38 
[rows 20 to 39 of 144, columns 0 to 45 of 168]
0.59784996509552 -3.4e+38 0.631904602050781 0.650534093379974 0.552116692066193 0.644629001617432 0.623205900192261 0.625431954860687 0.611264407634735 0.616469085216522 0.598409414291382 0.679637134075165 0.707098245620728 0.656740427017212 0.697528302669525 0.72383713722229 0.686758100986481 0.707965970039368 0.764577031135559 0.770613372325897 0.688024818897247 0.746226906776428 0.757464468479156 0.734169065952301 0.731223344802856 0.722847044467926 0.72022932767868 0.721887409687042 0.72275447845459 0.722742557525635 0.723608016967773 0.725253701210022 0.723515629768372 0.724218845367432 0.725942313671112 0.724126577377319 0.716835200786591 0.714018881320953 0.717536747455597 0.716565907001495 0.714724600315094 0.716402411460876 0.716390311717987 0.71630859375 0.715335190296173 0.707822024822235
0.60726672410965 0.655230581760406 0.684852838516235 0.684192836284637 0.549882769584656 0.65244460105896 0.630050659179688 0.663477838039398 0.567268311977386 0.649344325065613 0.644965946674347 0.626704454421997 0.684337854385376 0.648530721664429 0.667573988437653 0.72297477722168 0.66511195898056 0.703299403190613 0.742330312728882 0.786770939826965 0.583861470222473 0.678121149539948 0.750599205493927 0.715951561927795 0.758470952510834 0.731846928596497 0.704647481441498 0.718800485134125 0.723309814929962 0.728550314903259 0.729404389858246 0.728538513183594 0.720515966415405 0.722253680229187 0.721373677253723 0.721292793750763 0.722949147224426 0.720181882381439 0.720169842243195 0.721828162670135 0.719204545021057 0.719995617866516 0.71083790063858 -3.4e+38 0.716226756572723 0.719728171825409
0.644431054592133 0.64990907907486 0.691521763801575 0.72039932012558 0.535840630531311 0.619526326656342 0.700822532176971 0.635678708553314 0.618906080722809 0.539801716804504 0.68721204996109 0.613239169120789 0.688226938247681 0.684240877628326 0.675396263599396 0.691750764846802 0.698178231716156 0.697848737239838 0.738153755664825 0.759647369384766 0.536507070064545 0.661122798919678 0.714176595211029 0.669801533222198 0.73115473985672 0.731146812438965 0.694557428359985 0.733000993728638 0.72912186384201 0.697217404842377 0.731731295585632 0.727450489997864 0.728306770324707 0.73086541891098 0.729070067405701 0.728203535079956 0.728123903274536 0.726397097110748 0.719061255455017 0.725364923477173 0.72708398103714 0.71720552444458 0.70861953496933 -3.4e+38 0.725895404815674 -3.4e+38
0.669823169708252 0.648127138614655 0.707489430904388 0.756419777870178 0.597593605518341 0.600554227828979 0.700968980789185 0.648462295532227 0.694587588310242 0.597024321556091 0.569859266281128 0.681665301322937 0.62247908115387 0.682023763656616 0.668783783912659 0.70001232624054 0.712022066116333 0.66807633638382 0.758490681648254 0.730863928794861 0.494476914405823 0.623577535152435 0.671975791454315 0.691640675067902 0.704337656497955 0.670058786869049 0.689699411392212 0.669186770915985 0.659082293510437 0.720175445079803 0.685880184173584 0.664263248443604 0.733196020126343 0.738394737243652 0.738460958003998 0.740127384662628 0.738449454307556 0.734084486961365 0.728669881820679 0.725065290927887 0.724190771579742 0.714934408664703 0.72409850358963 0.724018096923828 0.716517686843872 0.713863909244537
0.670171558856964 0.672307729721069 0.773870170116425 0.815265297889709 0.552039325237274 0.61391693353653 0.739495635032654 0.61821061372757 0.71921694278717 0.718273758888245 0.542124807834625 0.646008968353271 0.649236142635345 0.658960044384003 0.693194508552551 0.698937177658081 0.710092604160309 0.65705531835556 0.752959251403809 0.710966765880585 0.447380930185318 0.593067586421967 0.65118944644928 0.665861845016479 0.643070161342621 0.685214102268219 0.696494042873383 0.55793571472168 0.6612189412117 0.691986739635468 0.689030468463898 0.697227716445923 0.734898090362549 0.757990181446075 0.745786666870117 0.747563004493713 0.738796651363373 0.726601660251617 0.738069593906403 0.727222323417664 0.724630177021027 0.726272106170654 0.722809016704559 0.722647786140442 0.71363890171051 0.712657868862152
0.743577837944031 0.75278627872467 0.860209107398987 0.816668570041656 0.553283870220184 0.549451947212219 0.786055147647858 0.682972371578217 0.726997375488281 0.740862786769867 0.567896127700806 0.614092409610748 0.607919752597809 0.655936717987061 0.69710898399353 0.71989381313324 0.644200146198273 0.684133887290955 0.735409080982208 0.743007183074951 0.411623537540436 0.559342682361603 0.648027241230011 0.648130595684052 0.640375852584839 0.648245811462402 0.62564605474472 0.532084167003632 0.638927519321442 0.642730534076691 0.695505082607269 0.667452096939087 0.670483827590942 0.792364239692688 0.775538563728333 0.762724816799164 0.741766273975372 0.740925908088684 0.739392876625061 0.7349733710289 0.733274161815643 0.732416093349457 0.723520517349243 0.720825731754303 0.721614062786102 0.719780683517456
0.829045057296753 0.857372641563416 0.886721551418304 0.754195809364319 0.543406307697296 0.598481893539429 0.778525590896606 0.731944918632507 0.777799904346466 0.732296168804169 0.598696887493134 0.594926655292511 0.642069399356842 0.60138601064682 0.636859476566315 0.692062318325043 0.672639191150665 0.699168860912323 0.742163062095642 0.731079280376434 0.421415507793427 0.485740035772324 0.625534534454346 0.626673936843872 0.641687333583832 0.638216376304626 0.593717098236084 0.499105274677277 0.629185855388641 0.671606123447418 0.689751505851746 0.53688770532608 0.623856604099274 0.724569737911224 0.793773353099823 0.784617900848389 0.7881138920784 0.76550817489624 0.756485164165497 0.750035524368286 0.739013969898224 0.73635071516037 0.735499024391174 0.730396687984467 0.729612171649933 0.727663993835449
0.823485732078552 0.904130578041077 0.826469302177429 0.772626042366028 0.617393732070923 0.585782825946808 0.758098065853119 0.768500864505768 0.841635227203369 0.685733139514923 0.599332571029663 0.743151128292084 0.68580687046051 0.570605754852295 0.644159853458405 0.601292371749878 0.729466378688812 0.757685720920563 0.657916724681854 0.565703630447388 0.440742433071136 0.425907254219055 0.597947299480438 0.62701427936554 0.630354642868042 0.617598354816437 0.587501406669617 0.482452571392059 0.631085216999054 0.670929312705994 0.49800106883049 0.553034842014313 0.66350269317627 0.715673863887787 0.743965446949005 0.740719020366669 0.770452797412872 0.80748850107193 0.752326905727386 0.779288589954376 0.756543934345245 0.746611595153809 0.744884610176086 0.74149614572525 0.738078474998474 0.73093980550766
0.799963593482971 0.905985236167908 0.832205295562744 0.788593709468842 0.674441933631897 0.605146706104279 0.762031435966492 0.838763177394867 0.760425329208374 0.687988042831421 0.701603949069977 0.729036390781403 0.771862864494324 0.552996337413788 0.633497297763824 0.561401963233948 0.722852945327759 0.78919929265976 0.51708847284317 0.705231308937073 0.40973287820816 0.367126733064651 0.587843000888824 0.620358765125275 0.61412525177002 0.654839277267456 0.490304827690125 0.558646857738495 0.693583190441132 0.51191383600235 0.54714024066925 0.643248796463013 0.668248653411865 0.687475800514221 0.669511556625366 0.670108735561371 0.709790050983429 0.777330875396729 0.679227113723755 0.802107453346252 0.783331632614136 0.775663614273071 0.765350639820099 0.757180392742157 0.75309830904007 0.741196393966675
0.83141028881073 0.908381164073944 0.86823034286499 0.805220901966095 0.692491114139557 0.667775511741638 0.742267370223999 0.900384068489075 0.797784090042114 0.693832159042358 0.786455750465393 0.713622272014618 0.805730044841766 0.615874230861664 0.504187941551208 0.60899555683136 0.650808095932007 0.74739545583725 0.630664467811584 0.635839641094208 0.360138744115829 0.325040727853775 0.559629082679749 0.642638087272644 0.691748738288879 0.634156107902527 0.391492486000061 0.653927385807037 0.601210296154022 0.463989913463593 0.643407702445984 0.698783755302429 0.668951630592346 0.641817212104797 0.686244130134583 0.658165276050568 0.693576395511627 0.663773059844971 0.640980362892151 0.745140612125397 0.761469662189484 0.810870170593262 0.789926886558533 0.76928985118866 0.762792766094208 0.753760576248169
0.883495390415192 0.865590393543243 0.838375568389893 0.816576540470123 0.706413984298706 0.679646849632263 0.731496632099152 0.846019208431244 0.775912880897522 0.720571160316467 0.872138202190399 0.837892174720764 0.726990818977356 0.668443918228149 0.513055264949799 0.659835755825043 0.584171652793884 0.590664803981781 0.740834772586823 0.724164962768555 0.291927486658096 0.326203942298889 0.611234486103058 0.729442834854126 0.67866849899292 0.538647711277008 0.403558552265167 0.626442611217499 0.42181995511055 0.459842354059219 0.718411505222321 0.720061480998993 0.535316109657288 0.672121703624725 0.71772438287735 0.632686376571655 0.65750926733017 0.672859251499176 0.643432319164276 0.717454850673676 0.745064198970795 0.754811525344849 0.809593498706818 0.763436675071716 0.774897754192352 0.769279301166534
0.842075407505035 0.80410760641098 0.871396720409393 0.851633191108704 0.805701851844788 0.714030921459198 0.698855221271515 0.802113234996796 0.719608306884766 0.840414762496948 0.913502812385559 0.857641637325287 0.774580478668213 0.757202684879303 0.61553829908371 0.491745740175247 0.440513044595718 0.48529839515686 0.884012758731842 0.688131034374237 0.279235184192657 0.328919023275375 0.660315632820129 0.64384251832962 0.572756230831146 0.451152563095093 0.51057493686676 0.48037251830101 0.413600623607635 0.466199487447739 0.690361499786377 0.511458516120911 0.564975738525391 0.684254050254822 0.739009618759155 0.638988554477692 0.616157948970795 0.682159006595612 0.660863935947418 0.686061799526215 0.593423128128052 0.812104523181915 0.760238945484161 0.790519535541534 0.722183585166931 0.754622638225555
0.757201969623566 0.891670703887939 0.921472489833832 0.887653291225433 0.928473353385925 0.776976585388184 0.669581532478333 0.669906914234161 0.839767158031464 0.942763686180115 0.932396769523621 0.92650032043457 0.813107788562775 0.711907804012299 0.755730032920837 0.6779545545578 0.663353145122528 0.505107700824738 0.741555869579315 0.454124212265015 0.280705273151398 0.553536653518677 0.634322762489319 0.557206094264984 0.453789889812469 0.448862850666046 0.506864488124847 0.41194087266922 0.487120896577835 0.514415919780731 0.46610364317894 0.424511104822159 0.554211556911469 0.670795321464539 0.741827607154846 0.706667006015778 0.5500248670578 0.68659234046936 0.707461297512054 0.61491060256958 0.554571449756622 0.753427565097809 0.752552807331085 0.688146591186523 0.78763347864151 0.77844512462616
0.906327366828918 0.85234260559082 0.665370047092438 0.973452985286713 0.943033754825592 0.850694477558136 0.720634579658508 0.658008635044098 0.732308089733124 0.745904624462128 0.891223251819611 0.963953375816345 0.918107748031616 0.833480596542358 0.845476269721985 0.757462441921234 0.732185781002045 0.661571025848389 0.461031198501587 0.287678152322769 0.486216157674789 0.63889354467392 0.523795545101166 0.45199254155159 0.39645916223526 0.527942836284637 0.529950737953186 0.374901741743088 0.512058138847351 0.534258961677551 0.410373628139496 0.50231397151947 0.413274377584457 0.642215311527252 0.717429280281067 0.663027584552765 0.482468515634537 0.610578954219818 0.677277684211731 0.583337962627411 0.570735812187195 0.633348405361176 0.742298126220703 0.702512204647064 0.761802494525909 0.637945175170898
0.868004024028778 0.648379981517792 0.706027984619141 0.966753900051117 0.94435441493988 0.840361177921295 0.888577878475189 0.750654220581055 0.678731799125671 0.796621203422546 0.800902307033539 0.964544713497162 0.891539692878723 0.948105812072754 0.788599908351898 0.701712667942047 0.657176852226257 0.657086193561554 0.360541313886642 0.297521382570267 0.669564962387085 0.558063268661499 0.515661835670471 0.41726940870285 0.409073144197464 0.583258092403412 0.437350511550903 0.35097199678421 0.503151595592499 0.462121397256851 0.379631668329239 0.502185642719269 0.434740841388702 0.52148026227951 0.594861745834351 0.587930858135223 0.559798896312714 0.533330619335175 0.545532047748566 0.559969246387482 0.480625927448273 0.66248095035553 0.724601149559021 0.696479976177216 0.607156932353973 0.471271812915802
0.716271817684174 0.792452394962311 0.894849896430969 0.926271796226501 0.895178198814392 0.87941312789917 0.908053994178772 0.821985363960266 0.767966985702515 0.659110128879547 0.62478369474411 0.930546879768372 0.945986151695251 0.897746026515961 0.733995139598846 0.582258701324463 0.621595740318298 0.686963498592377 0.316158890724182 0.522565186023712 0.471880406141281 0.559109747409821 0.460147172212601 0.446780204772949 0.459711015224457 0.523486375808716 0.384310752153397 0.352397203445435 0.464137494564056 0.365092039108276 0.373297154903412 0.371168047189713 0.346596300601959 0.370439291000366 0.618170738220215 0.650433838367462 0.583826184272766 0.483835399150848 0.516993641853333 0.565735101699829 0.380486905574799 0.681497037410736 0.730850517749786 0.661038935184479 0.474863439798355 0.451564162969589
0.641600728034973 0.852512240409851 0.951571464538574 0.959016025066376 0.911165475845337 0.931938767433167 0.901073098182678 0.777110517024994 0.863231062889099 0.654756784439087 0.581920325756073 0.892917513847351 0.975172638893127 0.975357055664062 0.919523060321808 0.699982464313507 0.604222297668457 0.489726066589355 0.323388278484344 0.366646438837051 0.346776843070984 0.541373372077942 0.441258013248444 0.453765153884888 0.491617530584335 0.430724442005157 0.344399333000183 0.316325545310974 0.363043636083603 0.291192770004272 0.258681952953339 0.35368824005127 0.225660040974617 0.69873434305191 0.803215801715851 0.843335270881653 0.519444465637207 0.537261724472046 0.504222631454468 0.493591904640198 0.452922970056534 0.641889691352844 0.680644392967224 0.532355308532715 0.380320906639099 0.452381789684296
0.631468117237091 0.908510625362396 0.965330302715302 0.926364362239838 0.93566107749939 0.896319627761841 0.830513775348663 0.752137780189514 0.612128794193268 0.616158604621887 0.749309539794922 0.938052892684937 0.975240707397461 0.975045621395111 0.951779127120972 0.906402945518494 0.648913502693176 0.39586877822876 0.362445026636124 0.327637761831284 0.346776843070984 0.447474539279938 0.444689869880676 0.482156425714493 0.355713486671448 0.436813354492188 0.306649267673492 0.263201147317886 0.243573725223541 0.219608306884766 0.167646482586861 0.612196981906891 0.453134655952454 0.60858565568924 0.86614853143692 0.875613808631897 0.626208007335663 0.613508820533752 0.452795773744583 0.478050976991653 0.575176596641541 0.513438403606415 0.495759725570679 0.362054377794266 0.397624045610428 0.514498054981232
0.94719409942627 0.955278873443604 0.915156364440918 0.882340550422668 0.844507455825806 0.831095933914185 0.844166815280914 0.71125727891922 0.518767714500427 0.62476909160614 0.878259301185608 0.90500420331955 0.954836785793304 0.958243787288666 0.957169651985168 0.860959827899933 0.502113282680511 0.319263607263565 0.339560121297836 0.357168704271317 0.354226112365723 0.500631034374237 0.50460809469223 0.369957208633423 0.304588407278061 0.335039228200912 0.223424345254898 0.266906172037125 0.169754043221474 0.379771947860718 0.438164204359055 0.42530557513237 0.550744831562042 0.849099934101105 0.920247435569763 0.721821665763855 0.72491854429245 0.360378503799438 0.49231544137001 0.538771510124207 0.567781150341034 0.480215281248093 0.336309105157852 0.300643116235733 0.412051677703857 0.510032474994659
0.968552827835083 0.960864424705505 0.849460184574127 0.728283584117889 0.662166714668274 0.952215552330017 0.937988102436066 0.665599167346954 0.550986409187317 0.46856752038002 0.801549673080444 0.940335214138031 0.841533541679382 0.868752777576447 0.8779576420784 0.626687049865723 0.376534909009933 0.331031143665314 0.27719920873642 0.371457308530807 0.35376963019371 0.531224727630615 0.3846774995327 0.298429638147354 0.247983634471893 0.28107538819313 0.154213115572929 0.386516809463501 0.213096007704735 0.2602878510952 0.40623140335083 0.362869292497635 0.704035818576813 0.813928663730621 0.77878075838089 0.82979953289032 0.642731726169586 0.447685152292252 0.394640207290649 0.328685164451599 0.509082138538361 0.403857320547104 0.24713608622551 0.302599608898163 0.370576500892639 0.462571233510971
