output/projections/04_EH/Sclerurus cearensis.asc
NCOLS 168 
NROWS 144 
XLLCORNER -41.0000000002598 
YLLCORNER -7.99999999976785 
CELLSIZE 0.0416666666664048 
NODATA_value -3.4e+38 
[rows 0 to 19 of 144, columns 0 to 45 of 168]
-339999999999999996123846586046231871488.000000000000000 -3.4e+38 -3.4e+38 -3.4e+38 -3.4e+38 -3.4e+38 -3.4e+38 -3.4e+38 -3.4e+38 -3.4e+38 -3.4e+38 -3.4e+38 -3.4e+38 -3.4e+38 -3.4e+38 -3.4e+38 -3.4e+38 -3.4e+38 -3.4e+38 -3.4e+38 -3.4e+38 -3.4e+38 -3.4e+38 -3.4e+38 -3.4e+38 -3.4e+38 -3.4e+38 -3.4e+38 -3.4e+38 -3.4e+38 -3.4e+38 -3.4e+38 -3.4e+38 -3.4e+38 -3.4e+38 -3.4e+38 -3.4e+38 -3.4e+38 -3.4e+38 -3.4e+38 -3.4e+38 -3.4e+38 -3.4e+38 -3.4e+38 -3.4e+38 -3.4e+38
-3.4e+38 -3.4e+38 -3.4e+38 -3.4e+38 -3.4e+38 -3.4e+38 -3.4e+38 -3.4e+38 -3.4e+38 -3.4e+38 -3.4e+38 -3.4e+38 -3.4e+38 -3.4e+38 -3.4e+38 -3.4e+38 -3.4e+38 -3.4e+38 -3.4e+38 -3.4e+38 -3.4e+38 -3.4e+38 -3.4e+38 -3.4e+38 -3.4e+38 -3.4e+38 -3.4e+38 -3.4e+38 -3.4e+38 -3.4e+38 -3.4e+38 -3.4e+38 -3.4e+38 -3.4e+38 -3.4e+38 -3.4e+38 -3.4e+38 -3.4e+38 -3.4e+38 -3.4e+38 -3.4e+38 -3.4e+38 -3.4e+38 -3.4e+38 -3.4e+38 -3.4e+38
0.600817263126373 -3.4e+38 -3.4e+38 -3.4e+38 -3.4e+38 -3.4e+38 -3.4e+38 -3.4e+38 -3.4e+38 -3.4e+38 -3.4e+38 -3.4e+38 -3.4e+38 -3.4e+38 -3.4e+38 -3.4e+38 -3.4e+38 -3.4e+38 -3.4e+38 -3.4e+38 -3.4e+38 -3.4e+38 -3.4e+38 -3.4e+38 -3.4e+38 -3.4e+38 -3.4e+38 -3.4e+38 -3.4e+38 -3.4e+38 -3.4e+38 -3.4e+38 -3.4e+38 -3.4e+38 -3.4e+38 -3.4e+38 -3.4e+38 -3.4e+38 -3.4e+38 -3.4e+38 -3.4e+38 -3.4e+38 -3.4e+38 -3.4e+38 -3.4e+38 -3.4e+38
-3.4e+38 -3.4e+38 -3.4e+38 0.620207250118256 -3.4e+38 -3.4e+38 -3.4e+38 -3.4e+38 -3.4e+38 -3.4e+38 -3.4e+38 -3.4e+38 -3.4e+38 -3.4e+38 -3.4e+38 -3.4e+38 -3.4e+38 -3.4e+38 -3.4e+38 0.567672789096832 -3.4e+38 -3.4e+38 -3.4e+38 -3.4e+38 -3.4e+38 -3.4e+38 -3.4e+38 -3.4e+38 -3.4e+38 -3.4e+38 -3.4e+38 -3.4e+38 -3.4e+38 -3.4e+38 -3.4e+38 -3.4e+38 -3.4e+38 -3.4e+38 -3.4e+38 -3.4e+38 -3.4e+38 -3.4e+38 -3.4e+38 -3.4e+38 -3.4e+38 -3.4e+38
-3.4e+38 -3.4e+38 -3.4e+38 0.603241443634033 -3.4e+38 -3.4e+38 -3.4e+38 -3.4e+38 -3.4e+38 -3.4e+38 -3.4e+38 -3.4e+38 -3.4e+38 -3.4e+38 -3.4e+38 -3.4e+38 -3.4e+38 -3.4e+38 -3.4e+38 -3.4e+38 -3.4e+38 -3.4e+38 -3.4e+38 -3.4e+38 -3.4e+38 -3.4e+38 -3.4e+38 -3.4e+38 -3.4e+38 -3.4e+38 -3.4e+38 -3.4e+38 -3.4e+38 -3.4e+38 -3.4e+38 -3.4e+38 -3.4e+38 -3.4e+38 -3.4e+38 -3.4e+38 -3.4e+38 -3.4e+38 -3.4e+38 -3.4e+38 -3.4e+38 -3.4e+38
0.610988557338715 -3.4e+38 -3.4e+38 0.607134401798248 0.60481208562851 -3.4e+38 0.602485001087189 -3.4e+38 -3.4e+38 -3.4e+38 -3.4e+38 -3.4e+38 -3.4e+38 -3.4e+38 -3.4e+38 0.606280088424683 0.590698599815369 0.603955984115601 -3.4e+38 -3.4e+38 -3.4e+38 -3.4e+38 -3.4e+38 -3.4e+38 -3.4e+38 -3.4e+38 -3.4e+38 -3.4e+38 -3.4e+38 -3.4e+38 -3.4e+38 -3.4e+38 -3.4e+38 -3.4e+38 -3.4e+38 -3.4e+38 -3.4e+38 -3.4e+38 -3.4e+38 -3.4e+38 -3.4e+38 -3.4e+38 -3.4e+38 -3.4e+38 -3.4e+38 -3.4e+38
0.590726137161255 0.607086479663849 -3.4e+38 0.603210210800171 0.603974461555481 0.601645708084106 0.601645708084106 0.60402250289917 -3.4e+38 -3.4e+38 -3.4e+38 -3.4e+38 0.596145331859589 0.591404855251312 0.593801558017731 0.608599364757538 0.607025265693665 0.586696028709412 -3.4e+38 0.604702711105347 0.583463907241821 0.583463907241821 0.596061170101166 -3.4e+38 -3.4e+38 -3.4e+38 0.582579612731934 0.582579612731934 -3.4e+38 -3.4e+38 -3.4e+38 0.552249670028687 -3.4e+38 -3.4e+38 -3.4e+38 -3.4e+38 -3.4e+38 -3.4e+38 -3.4e+38 -3.4e+38 -3.4e+38 -3.4e+38 -3.4e+38 -3.4e+38 -3.4e+38 -3.4e+38
0.593863427639008 0.612531304359436 0.61328911781311 0.606298506259918 0.606298506259918 0.60472971200943 0.602402448654175 0.603150188922882 0.600819766521454 0.601559937000275 0.599226415157318 0.578020930290222 0.598484814167023 0.576400697231293 0.576400697231293 0.594545900821686 0.59053760766983 0.588914036750793 0.588183760643005 0.585825800895691 0.58104932308197 0.586557328701019 0.58419668674469 0.58419668674469 0.567421495914459 0.5832639336586 0.580897927284241 0.580897927284241 0.583312809467316 -3.4e+38 -3.4e+38 -3.4e+38 0.573777854442596 0.552995264530182 -3.4e+38 -3.4e+38 -3.4e+38 -3.4e+38 -3.4e+38 -3.4e+38 -3.4e+38 -3.4e+38 -3.4e+38 -3.4e+38 -3.4e+38 -3.4e+38
0.61863774061203 0.611682593822479 0.593828737735748 0.594581723213196 0.592235028743744 0.592235028743744 0.589884161949158 0.588277041912079 0.603888869285583 0.601559937000275 0.602291107177734 0.602291107177734 0.599959015846252 0.600682616233826 0.598347365856171 0.593615114688873 0.596007645130157 0.591266632080078 0.58963531255722 0.58963531255722 0.58963531255722 0.586557328701019 0.587279856204987 0.600573062896729 0.600573062896729 0.568152844905853 0.568152844905853 0.581623256206512 0.581623256206512 0.5799720287323 0.5799720287323 0.578310370445251 -3.4e+38 -3.4e+38 0.54959911108017 -3.4e+38 -3.4e+38 -3.4e+38 -3.4e+38 -3.4e+38 -3.4e+38 -3.4e+38 -3.4e+38 -3.4e+38 -3.4e+38 -3.4e+38
0.62949126958847 0.599262118339539 0.596924126148224 0.597666680812836 0.596060633659363 0.593716621398926 0.588967263698578 0.59136837720871 0.584982454776764 0.584250092506409 0.58739048242569 0.582619190216064 0.583343684673309 0.596676647663116 0.596676647663116 0.595043480396271 0.57932585477829 0.591986656188965 0.591986656188965 0.591986656188965 0.590347528457642 0.590347528457642 0.603608667850494 0.603608667850494 0.601976275444031 0.581565916538239 0.564763724803925 0.58540940284729 0.5630784034729 0.578261315822601 0.580680429935455 0.580680429935455 0.579010844230652 -3.4e+38 -3.4e+38 -3.4e+38 -3.4e+38 -3.4e+38 -3.4e+38 -3.4e+38 -3.4e+38 -3.4e+38 -3.4e+38 -3.4e+38 -3.4e+38 -3.4e+38
0.60159558057785 0.629745125770569 0.600003242492676 0.598400235176086 0.598400235176086 0.618537187576294 0.589697122573853 0.589697122573853 0.592816472053528 0.58877694606781 0.586420059204102 0.584059178829193 0.584059178829193 0.59972208738327 0.597384989261627 0.597384989261627 0.619819402694702 0.59574419260025 0.59574419260025 0.593399584293365 0.593399584293365 0.586988627910614 0.614967286586761 0.589393258094788 0.604991137981415 0.602664470672607 0.58226490020752 0.565469741821289 0.565469741821289 0.565469741821289 0.579653322696686 0.578961849212646 0.576589107513428 -3.4e+38 0.574906408786774 -3.4e+38 -3.4e+38 -3.4e+38 -3.4e+38 -3.4e+38 -3.4e+38 -3.4e+38 -3.4e+38 -3.4e+38 -3.4e+38 -3.4e+38
0.612397432327271 0.630227625370026 0.630227625370026 0.623355150222778 0.621299803256989 0.621299803256989 0.61877715587616 0.616712212562561 0.616712212562561 0.614410579204559 0.589480996131897 0.612103760242462 0.609558343887329 0.584765613079071 0.609558343887329 0.583790123462677 0.602544009685516 0.575941562652588 0.599968314170837 0.592381775379181 0.61312210559845 0.61312210559845 0.587676346302032 0.587676346302032 0.585317552089691 0.607987582683563 0.582954823970795 0.583635807037354 0.582954823970795 0.561333358287811 0.561333358287811 0.564465165138245 0.580335795879364 0.577281653881073 0.577281653881073 0.574906408786774 -3.4e+38 -3.4e+38 -3.4e+38 -3.4e+38 -3.4e+38 -3.4e+38 -3.4e+38 -3.4e+38 -3.4e+38 -3.4e+38
0.612871766090393 0.628140449523926 0.625865817070007 0.630456328392029 0.623585522174835 0.621522307395935 0.621522307395935 0.619231700897217 0.616935729980469 0.616935729980469 0.614634573459625 0.614410579204559 0.612328290939331 0.605331480503082 0.581376016139984 0.581376016139984 0.602779030799866 0.618197858333588 0.600212395191193 0.600212395191193 0.600212395191193 0.59289675951004 0.61312210559845 0.606130361557007 0.610562145709991 0.607987582683563 0.603293597698212 0.603293597698212 0.605667054653168 0.579526364803314 0.583828687667847 0.5841104388237 0.581009268760681 0.560981571674347 0.599542558193207 0.578639686107635 0.592017889022827 -3.4e+38 -3.4e+38 -3.4e+38 -3.4e+38 -3.4e+38 -3.4e+38 -3.4e+38 -3.4e+38 -3.4e+38
0.62004166841507 0.613096117973328 0.632939219474792 0.611002743244171 0.608688533306122 0.608688533306122 0.606369435787201 0.606369435787201 0.619446218013763 0.619446218013763 0.61735737323761 0.594866156578064 0.610393583774567 0.59251993894577 0.605757713317871 0.605548858642578 0.605331480503082 0.603005468845367 0.603005468845367 0.600674748420715 0.6004478931427 0.600212395191193 0.593379020690918 0.608925998210907 0.606373190879822 0.606373190879822 0.606130361557007 0.603805959224701 0.60355406999588 0.601224482059479 0.601224482059479 0.59889030456543 0.604481160640717 0.602153420448303 0.602153420448303 0.599542558193207 0.599542558193207 0.612417578697205 -3.4e+38 -3.4e+38 -3.4e+38 -3.4e+38 -3.4e+38 -3.4e+38 -3.4e+38 -3.4e+38
0.620462000370026 0.618168890476227 0.613718152046204 0.6160688996315 0.631287395954132 0.609096527099609 0.609096527099609 0.626551926136017 0.606778264045715 0.599746763706207 0.604455232620239 0.617555499076843 0.595068275928497 0.61525571346283 0.59251993894577 0.605757713317871 0.590169548988342 0.605957984924316 0.603432536125183 0.603223323822021 0.596170544624329 0.596170544624329 0.596170544624329 0.593379020690918 0.608925998210907 0.606607437133789 0.606607437133789 0.606373190879822 0.603805959224701 0.603805959224701 0.601224482059479 0.616665303707123 0.605010032653809 0.584383547306061 0.581745803356171 0.597435772418976 0.595094382762909 0.595094382762909 -3.4e+38 -3.4e+38 -3.4e+38 -3.4e+38 -3.4e+38 -3.4e+38 -3.4e+38 -3.4e+38
0.59823602437973 0.613908529281616 0.598428964614868 0.59823602437973 0.595896065235138 0.6160688996315 0.588996291160583 0.609287679195404 0.606969833374023 0.602271616458893 0.599939525127411 0.599939525127411 0.597409725189209 0.595068275928497 0.595261752605438 0.592916250228882 0.608469247817993 0.58580607175827 0.583444178104401 0.598921477794647 0.598720014095306 0.596381008625031 0.596381008625031 0.596170544624329 0.593826770782471 0.593607246875763 0.593379020690918 0.591030180454254 0.586271286010742 0.599339187145233 0.583424508571625 0.601476907730103 0.601476907730103 0.58464789390564 0.58464789390564 0.597706139087677 0.597435772418976 0.597435772418976 0.595094382762909 0.595094382762909 -3.4e+38 -3.4e+38 -3.4e+38 -3.4e+38 -3.4e+38 -3.4e+38
0.578378856182098 0.59645026922226 0.59645026922226 0.59645026922226 0.575956165790558 0.59645026922226 0.59153413772583 0.609470367431641 0.604782581329346 0.60245543718338 0.60263067483902 0.60029923915863 0.60029923915863 0.597963213920593 0.593229532241821 0.595622837543488 0.588527083396912 0.588349938392639 0.585992276668549 0.583444178104401 0.583444178104401 0.583444178104401 0.580882966518402 0.596381008625031 0.596381008625031 0.589077770709991 0.593826770782471 0.593607246875763 0.586500704288483 0.586271286010742 0.583910167217255 0.6042839884758 0.601476907730103 0.582491278648376 0.580124020576477 0.579867541790009 0.597967863082886 0.597706139087677 0.597435772418976 0.595094382762909 -3.4e+38 -3.4e+38 -3.4e+38 -3.4e+38 -3.4e+38 -3.4e+38
0.545792579650879 0.548202633857727 0.564208328723907 0.566760420799255 0.569147109985352 0.57633638381958 0.573910653591156 0.573910653591156 0.58968722820282 0.58983838558197 0.587331891059875 0.587331891059875 0.584812223911285 0.584812223911285 0.577661335468292 0.577661335468292 0.59104859828949 0.588527083396912 0.588695645332336 0.586338579654694 0.583808422088623 0.579025387763977 0.578847050666809 0.576474130153656 0.576474130153656 0.576090693473816 0.589492380619049 0.609775543212891 0.589289426803589 0.586721360683441 0.586721360683441 0.584139943122864 0.599801898002625 0.597464978694916 0.582738637924194 0.564501464366913 0.580371737480164 0.582540154457092 0.597967863082886 0.597967863082886 0.595365226268768 0.595365226268768 -3.4e+38 -3.4e+38 -3.4e+38 -3.4e+38
0.519359350204468 0.519359350204468 0.53161084651947 0.53161084651947 0.534031927585602 0.536451458930969 0.536451458930969 0.555082559585571 0.55748325586319 0.55748325586319 0.559881329536438 0.562276601791382 0.578956365585327 0.585352599620819 0.582855463027954 0.580488741397858 0.57811838388443 0.575447976589203 0.573070049285889 0.588855504989624 0.581724405288696 0.579355955123901 0.579025387763977 0.576652765274048 0.576652765274048 0.576474130153656 0.574097692966461 0.573713719844818 0.589492380619049 0.587136685848236 0.586933374404907 0.586721360683441 0.584361016750336 0.584139943122864 0.597464978694916 0.58297723531723 0.580371737480164 0.559663891792297 0.580371737480164 0.577753067016602 0.593234181404114 0.590885043144226 0.590621888637543 -3.4e+38 -3.4e+38 -3.4e+38
0.48656302690506 0.48656302690506 0.48656302690506 0.489122420549393 0.491553097963333 0.493984133005142 0.50291907787323 0.500437319278717 0.500557780265808 0.498126208782196 0.459141820669174 0.493113160133362 0.552766263484955 0.538298964500427 -3.4e+38 0.533460915088654 0.538298964500427 0.556722223758698 0.566020429134369 0.570792496204376 0.558839619159698 0.563629746437073 0.57698380947113 0.57698380947113 0.576652765274048 0.571847796440125 0.56928539276123 0.56928539276123 0.569097280502319 0.584728240966797 0.582364559173584 0.582364559173584 0.581947863101959 0.579579710960388 0.599801898002625 0.56736421585083 0.583207190036774 0.580371737480164 0.580371737480164 0.596077501773834 0.593488216400146 0.577496230602264 0.590885043144226 0.590621888637543 -3.4e+38 0.583226501941681
