output/projections/04_EH/Sclerurus cearensis.asc
NCOLS 168 
NROWS 144 
XLLCORNER -41.0000000002598 
YLLCORNER -7.99999999976785 
CELLSIZE 0.0416666666664048 
NODATA_value -3.4e+38 
[rows 40 to 59 of 144, columns 0 to 45 of 168]
0.970058023929596 0.842670619487762 0.544321417808533 0.452576339244843 0.525558888912201 0.633775353431702 0.551889717578888 0.464834362268448 0.41709703207016 0.377902269363403 0.406447529792786 0.942484080791473 0.947751820087433 0.748328268527985 0.472228854894638 0.380626827478409 0.316952645778656 0.321946829557419 0.307501405477524 0.307341307401657 0.327240854501724 0.409621000289917 0.368400692939758 0.307341307401657 0.326171845197678 0.325157642364502 0.248407080769539 0.262085765600204 0.454840689897537 0.832538425922394 0.634801626205444 0.660887718200684 0.879508852958679 0.633245289325714 0.667204320430756 0.910499036312103 0.579035997390747 0.391807645559311 0.356205254793167 0.33703801035881 0.359793066978455 0.318936765193939 0.293124914169312 0.367106795310974 0.413911700248718 0.457012712955475
0.95596444606781 0.976143300533295 0.767244696617126 0.556305766105652 0.486272305250168 0.450118035078049 0.563933372497559 0.523029327392578 0.424207895994186 0.416119545698166 0.376618593931198 0.6500363945961 0.539344847202301 0.467383503913879 0.393628478050232 0.349125176668167 0.349420487880707 0.295029848814011 0.317183405160904 0.285493224859238 0.348276197910309 0.581520140171051 0.342260241508484 0.281004995107651 0.340335071086884 0.335344582796097 0.252094626426697 0.243762329220772 0.304227471351624 0.36153307557106 0.337530314922333 0.374742478132248 0.425873875617981 0.599205672740936 0.50356113910675 0.714278757572174 0.658240556716919 0.385983049869537 0.425272405147552 0.341891348361969 0.314938694238663 0.263294368982315 0.334950566291809 0.356878250837326 0.372258245944977 0.459911376237869
0.953331708908081 0.974825859069824 0.952051341533661 0.585111916065216 0.454937279224396 0.423946380615234 0.53766405582428 0.544858992099762 0.49648705124855 0.513219356536865 0.472278952598572 0.455298990011215 0.436029076576233 0.377459615468979 0.338206321001053 0.353158950805664 0.403107613325119 0.296918213367462 0.312631458044052 0.334738224744797 0.34317934513092 0.352450519800186 0.279084533452988 0.245913550257683 0.630023002624512 0.384131699800491 0.318395614624023 0.280589938163757 0.284398198127747 0.276935040950775 0.300325840711594 0.295808434486389 0.332328677177429 0.517367422580719 0.58482414484024 0.497733503580093 0.42034187912941 0.34703853726387 0.308676838874817 0.324700206518173 0.320229351520538 0.258430570363998 0.329794883728027 0.372150093317032 0.395684421062469 0.414602220058441
0.958421111106873 0.975277781486511 0.914307653903961 0.570878624916077 0.469542294740677 0.405113637447357 0.588753879070282 0.620430290699005 0.580694913864136 0.53504890203476 0.494134843349457 0.452887922525406 0.419365763664246 0.409923285245895 0.32276639342308 0.394679754972458 0.388243108987808 0.318817317485809 0.29390823841095 0.312916845083237 0.353633314371109 0.367207437753677 0.279171586036682 0.23789881169796 0.315509378910065 0.462870329618454 0.322788774967194 0.287384450435638 0.39957982301712 0.381879448890686 0.319650739431381 0.276318073272705 0.285081148147583 0.299398630857468 0.34154424071312 0.307254046201706 0.299818009138107 0.358543515205383 0.317083686590195 0.341858416795731 0.284747660160065 0.267344892024994 0.248810693621635 0.290744036436081 0.391042530536652 0.383913040161133
0.95282655954361 0.974403023719788 0.965270400047302 0.63122946023941 0.464700222015381 0.452725678682327 0.585570096969604 0.583061277866364 0.539884686470032 0.479506433010101 0.448072522878647 0.460127294063568 0.436078518629074 0.438540935516357 0.328056544065475 0.358660608530045 0.400817841291428 0.33068922162056 0.318221807479858 0.308041930198669 0.350525379180908 0.352891176939011 0.295047044754028 0.269746661186218 0.275723963975906 0.26453709602356 0.265795916318893 0.280868798494339 0.312914580106735 0.351647526025772 0.293361574411392 0.258933275938034 0.285127282142639 0.368530750274658 0.356267154216766 0.290771484375 0.471801578998566 0.563029885292053 0.337688714265823 0.271397978067398 0.281245470046997 0.29013255238533 0.263967126607895 0.27799192070961 0.300821483135223 0.378425002098083
0.948257148265839 0.969127714633942 0.979050636291504 0.839466273784637 0.561322689056396 0.501114845275879 0.518127858638763 0.551989078521729 0.491436183452606 0.436078518629074 0.443266868591309 0.455298990011215 0.47234895825386 0.465032964944839 0.339325547218323 0.328100860118866 0.380004733800888 0.355727702379227 0.332531183958054 0.315155029296875 0.37984973192215 0.322936177253723 0.300347298383713 0.284546703100204 0.256306022405624 0.296176612377167 0.246378600597382 0.242214351892471 0.303596913814545 0.359257072210312 0.295423686504364 0.285421937704086 0.284580230712891 0.382374584674835 0.354879051446915 0.328965067863464 0.340290695428848 0.311910599470139 0.299065440893173 0.25335693359375 0.264274835586548 0.326911717653275 0.288201570510864 0.269858479499817 0.320177584886551 0.30152228474617
0.941240251064301 0.964450895786285 0.977484047412872 0.974665582180023 0.642643809318542 0.544607937335968 0.520505607128143 0.48885840177536 0.42653614282608 0.484413355588913 0.428916901350021 0.479676842689514 0.506412506103516 0.460197061300278 0.354801923036575 0.321222692728043 0.363240301609039 0.392659157514572 0.326663941144943 0.384029030799866 0.40146067738533 0.30334347486496 0.282983958721161 0.289341658353806 0.248254433274269 0.328123420476913 0.269654810428619 0.257369548082352 0.313894152641296 0.399648040533066 0.359591245651245 0.3083176612854 0.369284093379974 0.322316825389862 0.266022235155106 0.320485055446625 0.312334597110748 0.270733535289764 0.258954763412476 0.228625252842903 0.270379066467285 0.375185668468475 0.286489754915237 0.251614481210709 0.336388915777206 0.301066994667053
0.902828276157379 0.939051270484924 0.972260892391205 0.982356131076813 0.685356974601746 0.532678544521332 0.462181717157364 0.40532323718071 0.513554871082306 0.515934109687805 0.443435370922089 0.503731369972229 0.523167371749878 0.409991234540939 0.389023989439011 0.35926741361618 0.32281032204628 0.32212907075882 0.319123685359955 0.36262235045433 0.383371442556381 0.335328221321106 0.282983958721161 0.282167226076126 0.249825119972229 0.312393635511398 0.256920903921127 0.259233266115189 0.326446175575256 0.632841169834137 0.359790414571762 0.390525817871094 0.36449858546257 0.287683218717575 0.243508890271187 0.245550930500031 0.306807547807693 0.232150927186012 0.27604815363884 0.252633512020111 0.258541435003281 0.319725662469864 0.324357360601425 0.261760473251343 0.335407316684723 0.329863518476486
0.900303840637207 0.953042924404144 0.970642864704132 0.97989809513092 0.66618150472641 0.503546357154846 0.40064325928688 0.462794095277786 0.60427051782608 0.484334319829941 0.51350462436676 0.518312633037567 0.462614119052887 0.379894316196442 0.445737808942795 0.389148980379105 0.359707355499268 0.311559855937958 0.291798174381256 0.295503258705139 0.569740772247314 0.386028826236725 0.307059019804001 0.280108034610748 0.270076304674149 0.309499382972717 0.315881103277206 0.25948828458786 0.344241738319397 0.637821674346924 0.472518533468246 0.439625144004822 0.405781954526901 0.289995104074478 0.281204074621201 0.259282797574997 0.320813000202179 0.226166814565659 0.288968294858932 0.279741436243057 0.285823494195938 0.343196034431458 0.35551729798317 0.266573876142502 0.307108461856842 0.323391884565353
0.895311236381531 0.932223498821259 0.962774157524109 0.971282005310059 0.606383264064789 0.479489982128143 0.407863885164261 0.70639967918396 0.624131143093109 0.508643925189972 0.506162703037262 0.462544292211533 0.455368638038635 0.391415625810623 0.3914635181427 0.436306715011597 0.3914635181427 0.341399908065796 0.312916845083237 0.304888665676117 0.329137802124023 0.309185236692429 0.285399228334427 0.336808621883392 0.373554557561874 0.337510645389557 0.299124419689178 0.40811687707901 0.310358375310898 0.533189415931702 0.513755679130554 0.549983561038971 0.594807803630829 0.361893564462662 0.299182802438736 0.238833039999008 0.321932435035706 0.233121275901794 0.272553205490112 0.341896384954453 0.33172932267189 0.37405726313591 0.301975131034851 0.263726115226746 0.332154273986816 0.331060290336609
0.912452876567841 0.941638469696045 0.963832676410675 0.968488991260529 0.870221376419067 0.701749682426453 0.860147178173065 0.745558440685272 0.569003164768219 0.530541062355042 0.448072522878647 0.42653614282608 0.520740449428558 0.400721311569214 0.371649593114853 0.405498474836349 0.410196393728256 0.376804560422897 0.345102310180664 0.3251031935215 0.333453923463821 0.272562861442566 0.253777861595154 0.34557044506073 0.762165784835815 0.400993824005127 0.318130671977997 0.340509653091431 0.332332938909531 0.40768426656723 0.611015498638153 0.49766406416893 0.453657418489456 0.323041707277298 0.307686030864716 0.254863828420639 0.225506335496902 0.208515241742134 0.258966028690338 0.358329027891159 0.366458922624588 0.334719061851501 0.286461532115936 0.292057394981384 0.294628977775574 0.340489000082016
0.918607652187347 0.890413582324982 0.932150959968567 0.953855335712433 0.96892637014389 0.973284900188446 0.977263748645782 0.902275800704956 0.578422844409943 0.464884340763092 0.41237536072731 0.484334319829941 0.513454437255859 0.38679176568985 0.3914635181427 0.37215182185173 0.386934787034988 0.393976867198944 0.37759718298912 0.307666838169098 0.379067212343216 0.33653199672699 0.265260636806488 0.268939673900604 0.301478087902069 0.416199922561646 0.600159347057343 0.333397626876831 0.386324465274811 0.688534021377563 0.541826128959656 0.355330020189285 0.29721200466156 0.300527930259705 0.250540256500244 0.219801753759384 0.259798139333725 0.236949786543846 0.314811378717422 0.320382416248322 0.285399883985519 0.27089512348175 0.286331206560135 0.318730562925339 0.28620171546936 0.348740130662918
0.874561727046967 0.844555616378784 0.908866107463837 0.919294476509094 0.950275838375092 0.955094516277313 0.973350882530212 0.833000600337982 0.528030097484589 0.440839469432831 0.438443332910538 0.503781616687775 0.481805175542831 0.370819956064224 0.412600249052048 0.398484230041504 0.361701250076294 0.351538598537445 0.402790755033493 0.347876340150833 0.317418694496155 0.319385439157486 0.278960585594177 0.307868957519531 0.310443848371506 0.465433388948441 0.310171097517014 0.320072650909424 0.445040345191956 0.720071494579315 0.620555102825165 0.385783493518829 0.368841260671616 0.298487335443497 0.219119489192963 0.267903983592987 0.255394905805588 0.261772632598877 0.352089464664459 0.296258419752121 0.283730208873749 0.281070947647095 0.26899853348732 0.301033943891525 0.284450769424438 0.308065503835678
0.832767188549042 0.819768011569977 0.877342402935028 0.889934778213501 0.910990715026855 0.947153687477112 0.962242364883423 0.645413279533386 0.491536617279053 0.457683444023132 0.431223303079605 0.460048645734787 0.424276471138 0.377700209617615 0.379988998174667 0.424434542655945 0.386934787034988 0.347117155790329 0.395481467247009 0.349862664937973 0.305707305669785 0.342566519975662 0.282890051603317 0.325869381427765 0.450641751289368 0.315409570932388 0.31848269701004 0.323021620512009 0.354731500148773 0.449036061763763 0.569584369659424 0.49303537607193 0.314799666404724 0.286542654037476 0.221844732761383 0.361954212188721 0.285523325204849 0.306170970201492 0.316388577222824 0.27363532781601 0.328657418489456 0.270388245582581 0.257044643163681 0.290532171726227 0.279715687036514 0.351020157337189
0.775377035140991 0.783863306045532 0.840861976146698 0.843867361545563 0.867600739002228 0.956057608127594 0.945134937763214 0.589537084102631 0.496398985385895 0.474486798048019 0.452809482812881 0.42653614282608 0.429034918546677 0.367467045783997 0.407893866300583 0.445274740457535 0.382330596446991 0.366901010274887 0.43416503071785 0.33247321844101 0.312121003866196 0.350896179676056 0.31668359041214 0.314407229423523 0.302966386079788 0.320636242628098 0.326598763465881 0.323747843503952 0.356627851724625 0.524288535118103 0.653130710124969 0.459508687257767 0.286135703325272 0.301370710134506 0.226008698344231 0.281219512224197 0.411201864480972 0.331604987382889 0.294890552759171 0.309047549962997 0.298695296049118 0.245643943548203 0.262158185243607 0.345075726509094 0.290616154670715 0.325435698032379
0.798054993152618 0.713039219379425 0.785185217857361 0.85017055273056 0.880853295326233 0.959967195987701 0.849196970462799 0.491586834192276 0.467267066240311 0.47933954000473 0.443139165639877 0.428916901350021 0.389042943716049 0.384582549333572 0.37189519405365 0.438799262046814 0.36321684718132 0.353449434041977 0.416168689727783 0.334089070558548 0.324180006980896 0.326956450939178 0.348684102296829 0.290536999702454 0.333415597677231 0.323194056749344 0.321900218725204 0.344891428947449 0.348754167556763 0.559151351451874 0.707343220710754 0.532101273536682 0.386897802352905 0.452924102544785 0.287924468517303 0.311792552471161 0.429612755775452 0.292433619499207 0.264407902956009 0.30056232213974 0.260192036628723 0.258874833583832 0.281983911991119 0.285600811243057 0.313951522111893 0.291640758514404
0.682396531105042 0.669640898704529 0.826380908489227 0.793364465236664 0.904755473136902 0.949346721172333 0.575192809104919 0.450363278388977 0.459961175918579 0.436000674962997 0.435951262712479 0.431300967931747 0.400817841291428 0.424434542655945 0.407845318317413 0.405546933412552 0.375466406345367 0.382227092981339 0.415537416934967 0.381445318460464 0.323743879795074 0.324308842420578 0.37187871336937 0.294562935829163 0.29265233874321 0.305800139904022 0.330243676900864 0.447967022657394 0.45575013756752 0.410733431577682 0.758778095245361 0.843289792537689 0.839487493038177 0.762175858020782 0.475910633802414 0.306400567293167 0.411728203296661 0.297178715467453 0.302154690027237 0.32184973359108 0.258451402187347 0.236717209219933 0.328498035669327 0.275091350078583 0.29571259021759 0.316884815692902
0.623909652233124 0.636115729808807 0.681073009967804 0.793690741062164 0.922272861003876 0.890467762947083 0.50850921869278 0.469688951969147 0.431223303079605 0.438257664442062 0.417048186063766 0.452937722206116 0.448241382837296 0.398484230041504 0.424434542655945 0.404207289218903 0.395228058099747 0.376554578542709 0.362949341535568 0.451982736587524 0.354709178209305 0.354056924581528 0.369300365447998 0.322249531745911 0.308749675750732 0.336357206106186 0.316375315189362 0.343811124563217 0.354297548532486 0.654347836971283 0.876636207103729 0.849842846393585 0.738578855991364 0.570025265216827 0.511550426483154 0.437894523143768 0.444805234670639 0.36032035946846 0.373668849468231 0.300802171230316 0.251162111759186 0.21499827504158 0.465396881103516 0.317913383245468 0.291237145662308 0.480565249919891
0.576839685440063 0.680828809738159 0.61055725812912 0.801240921020508 0.925910472869873 0.825847625732422 0.476865977048874 0.443101853132248 0.428839385509491 0.450263768434525 0.40075895190239 0.457811892032623 0.45788162946701 0.405546933412552 0.419650286436081 0.437914907932281 0.440150290727615 0.376398742198944 0.330816149711609 0.382645815610886 0.384631723165512 0.457496851682663 0.396942764520645 0.340826034545898 0.297012358903885 0.360628724098206 0.353736102581024 0.473171949386597 0.326717376708984 0.367886155843735 0.73752623796463 0.683979272842407 0.774878919124603 0.574978291988373 0.735897183418274 0.749455153942108 0.694329500198364 0.482352465391159 0.329696446657181 0.283998131752014 0.24439312517643 0.224314600229263 0.342839986085892 0.434309214353561 0.390894502401352 0.381537914276123
0.6124666929245 0.605128407478333 0.610715091228485 0.822615802288055 0.927496373653412 0.665946483612061 0.460011094808578 0.443151414394379 0.447907149791718 0.440789937973022 0.412492126226425 0.472329050302505 0.443435370922089 0.405546933412552 0.43764454126358 0.464455038309097 0.444838374853134 0.414166837930679 0.382691979408264 0.299157083034515 0.426435470581055 0.535037219524384 0.363256692886353 0.38303941488266 0.312747329473495 0.298292070627213 0.378212094306946 0.390042930841446 0.376474231481552 0.413731902837753 0.658850193023682 0.757498443126678 0.878380656242371 0.875460922718048 0.875403106212616 0.775067090988159 0.804175555706024 0.542857766151428 0.336588174104691 0.277281314134598 0.289953649044037 0.263459354639053 0.253035426139832 0.381292283535004 0.396158069372177 0.345471173524857
