output/projections/04_EH/Sclerurus cearensis.asc
NCOLS 168 
NROWS 144 
XLLCORNER -41.0000000002598 
YLLCORNER -7.99999999976785 
CELLSIZE 0.0416666666664048 
NODATA_value -3.4e+38 
[rows 80 to 99 of 144, columns 92 to 137 of 168]
0.175424426794052 0.210892289876938 0.210419625043869 0.190201446413994 0.19331918656826 0.169104218482971 0.183582946658134 0.185074269771576 0.145243242383003 0.151134252548218 0.144984751939774 0.145693123340607 0.150672852993011 0.159211665391922 0.171845078468323 0.167344152927399 0.186953946948051 0.186449959874153 0.190377041697502 0.211728736758232 0.211438804864883 0.234427079558372 0.249872490763664 0.254580795764923 0.267430305480957 0.284932404756546 0.285416215658188 0.317973881959915 0.319042146205902 0.337579309940338 0.397925078868866 0.44136118888855 0.471741527318954 0.456577390432358 0.459360986948013 0.434744328260422 0.398522943258286 0.394293606281281 0.375907450914383 0.357570320367813 0.363725543022156 0.347307950258255 0.36219596862793 0.384739398956299 0.403796285390854 0.421228438615799
0.177029892802238 0.207908645272255 0.227453678846359 0.201258942484856 0.194631472229958 0.188300892710686 0.18648262321949 0.145391389727592 0.145148754119873 0.161660358309746 0.14539335668087 0.145610526204109 0.16170933842659 0.159423917531967 0.177531898021698 0.16725167632103 0.196801692247391 0.196487098932266 0.200787276029587 0.224229514598846 0.234069854021072 0.253256976604462 0.300662249326706 0.32009819149971 0.315405964851379 0.319854348897934 0.335010319948196 0.355543553829193 0.356761306524277 0.357184022665024 0.4356949031353 0.531294882297516 0.501963555812836 0.482495963573456 0.486083149909973 0.441276758909225 0.420884102582932 0.416863739490509 0.398288190364838 0.415402144193649 0.368440449237823 0.356768280267715 0.398856312036514 0.392508298158646 0.416537642478943 0.421984732151031
0.176890209317207 0.210730284452438 0.211068451404572 0.202719703316689 0.203971847891808 0.19727711379528 0.165835380554199 0.144901171326637 0.145149409770966 0.166904702782631 0.155926585197449 0.159611359238625 0.150503039360046 0.173370212316513 0.197780013084412 0.16725167632103 0.197321802377701 0.196487098932266 0.211728736758232 0.22434501349926 0.251195311546326 0.282816052436829 0.337197780609131 0.378405392169952 0.373392879962921 0.373548209667206 0.394507348537445 0.400962501764297 0.418314784765244 0.420273512601852 0.448832273483276 0.484624117612839 0.443764090538025 0.398035407066345 0.415877640247345 0.417413264513016 0.45603609085083 0.47145015001297 0.425338119268417 0.428362637758255 0.418493747711182 0.434693485498428 0.429601550102234 0.425936013460159 0.442670583724976 0.415641456842422
0.187072113156319 0.206141948699951 0.207409739494324 0.215742602944374 0.210250422358513 0.183051064610481 0.162708505988121 0.150706902146339 0.145061776041985 0.146090045571327 0.149125188589096 0.155473858118057 0.150417521595955 0.169279262423515 0.20309516787529 0.167435929179192 0.176576003432274 0.186103478074074 0.200148046016693 0.210954234004021 0.251570075750351 0.265347689390182 0.358437746763229 0.417247891426086 0.396638065576553 0.400553673505783 0.417687922716141 0.439593195915222 0.46336442232132 0.444779932498932 0.429347962141037 0.431226968765259 0.399299800395966 0.395413964986801 0.377421408891678 0.359388917684555 0.362297862768173 0.375816166400909 0.359297096729279 0.390399992465973 0.361607670783997 0.36874195933342 0.407001465559006 0.425061851739883 0.447524666786194 0.456206262111664
0.213989824056625 0.220700576901436 0.19711808860302 0.195560291409492 0.17843496799469 0.164128959178925 0.165467664599419 0.151956051588058 0.148150846362114 0.144572481513023 0.144537374377251 0.145492017269135 0.159389466047287 0.177655220031738 0.200965538620949 0.177483856678009 0.176722630858421 0.196390196681023 0.199724137783051 0.221377983689308 0.249093294143677 0.283217966556549 0.318313598632812 0.374169796705246 0.376602411270142 0.376758247613907 0.399038881063461 0.420901447534561 0.444100499153137 0.420037180185318 0.410039067268372 0.406045377254486 0.395864546298981 0.414696156978607 0.382363975048065 0.374306231737137 0.356715649366379 0.337400764226913 0.338291794061661 0.357977032661438 0.379641443490982 0.423932135105133 0.435343474149704 0.425386339426041 0.433576375246048 0.493790745735168
0.229550734162331 0.198556259274483 0.168486341834068 0.165778622031212 0.184743478894234 0.201646372675896 0.155929148197174 0.14481894671917 0.158897027373314 0.170754477381706 0.14618556201458 0.159249663352966 0.17768320441246 0.197965413331985 0.225360110402107 0.194374710321426 0.196440622210503 0.206969574093819 0.217660263180733 0.242230027914047 0.249824315309525 0.300961017608643 0.33912917971611 0.381763160228729 0.36119756102562 0.357437282800674 0.358287751674652 0.37996906042099 0.381617605686188 0.377949178218842 0.383371829986572 0.354114592075348 0.375740617513657 0.377505272626877 0.378982484340668 0.41198194026947 0.404401481151581 0.378248751163483 0.429139137268066 0.445061862468719 0.467503756284714 0.487966388463974 0.503111720085144 0.457277327775955 0.454413861036301 0.50404566526413
0.186341896653175 0.171702235937119 0.173052132129669 0.191114962100983 0.217167019844055 0.216808065772057 0.161297976970673 0.155700519680977 0.154426902532578 0.145758464932442 0.146719112992287 0.150647670030594 0.168125867843628 0.188346654176712 0.204880475997925 0.229451507329941 0.196736827492714 0.217702507972717 0.228715240955353 0.241864681243896 0.282948523759842 0.335324436426163 0.341260075569153 0.335852026939392 0.336842268705368 0.337232232093811 0.333971321582794 0.339773535728455 0.354551583528519 0.336237609386444 0.353046298027039 0.337643027305603 0.354312986135483 0.356034398078918 0.35778084397316 0.363766074180603 0.389151573181152 0.396624654531479 0.409801423549652 0.35163414478302 0.354506015777588 0.401625722646713 0.402511179447174 0.423880219459534 0.440024614334106 0.507025003433228
0.165902018547058 0.198663592338562 0.216715052723885 0.214843645691872 0.211469769477844 0.191898986697197 0.15984220802784 0.154513597488403 0.162654027342796 0.161274045705795 0.146668389439583 0.168290019035339 0.173342600464821 0.179815039038658 0.201516047120094 0.212042674422264 0.218268319964409 0.218155965209007 0.228715240955353 0.270386427640915 0.278978139162064 0.3353491127491 0.335330009460449 0.315873920917511 0.315730482339859 0.330700755119324 0.332264333963394 0.32793253660202 0.33344042301178 0.334277004003525 0.349833130836487 0.367217153310776 0.35363233089447 0.354413419961929 0.355730056762695 0.35727995634079 0.353661864995956 0.35997685790062 0.357093304395676 0.366829991340637 0.408952623605728 0.413872212171555 0.403981059789658 0.380471378564835 0.396277576684952 0.456158071756363
0.189003825187683 0.232415542006493 0.219691902399063 0.206099823117256 0.178202509880066 0.199683874845505 0.170909360051155 0.154629483819008 0.177685216069221 0.183623015880585 0.167475312948227 0.162643194198608 0.178469344973564 0.202285602688789 0.202690541744232 0.207186698913574 0.218041867017746 0.229183986783028 0.254505217075348 0.248995184898376 0.314394980669022 0.334314167499542 0.329514533281326 0.328346252441406 0.332966893911362 0.390679448843002 0.351421594619751 0.351962745189667 0.352112531661987 0.352629721164703 0.390914976596832 0.404953569173813 0.353900760412216 0.355265587568283 0.376951068639755 0.373471587896347 0.396203637123108 0.433495700359344 0.428987801074982 0.426466137170792 0.394422709941864 0.422916740179062 0.482555061578751 0.466737121343613 0.488217949867249 0.51103937625885
0.212854206562042 0.216244116425514 0.196464568376541 0.17810532450676 0.19677996635437 0.219330862164497 0.1748166680336 0.166445642709732 0.157189413905144 0.190247118473053 0.223773777484894 0.169374689459801 0.182535350322723 0.194032073020935 0.22402486205101 0.220978692173958 0.229021057486534 0.258888393640518 0.270517408847809 0.286832749843597 0.336938887834549 0.352592051029205 0.34619215130806 0.346342414617538 0.367384076118469 0.384232968091965 0.369269818067551 0.364800959825516 0.350450128316879 0.392472684383392 0.444801092147827 0.405593544244766 0.374287664890289 0.371424525976181 0.372770369052887 0.395217925310135 0.408881187438965 0.456063330173492 0.467456549406052 0.484165787696838 0.492451220750809 0.502769291400909 0.498608946800232 0.470143258571625 0.468201518058777 0.506119966506958
0.21460023522377 0.187111660838127 0.173778727650642 0.182615682482719 0.278561621904373 0.227570459246635 0.182141780853271 0.189907431602478 0.189720273017883 0.179923623800278 0.18279467523098 0.179267540574074 0.19301825761795 0.212426751852036 0.226990327239037 0.242947995662689 0.228753641247749 0.287784248590469 0.34253865480423 0.322462648153305 0.360282510519028 0.415622711181641 0.427197337150574 0.49293115735054 0.406184017658234 0.472367942333221 0.410226672887802 0.384183168411255 0.409938305616379 0.471929609775543 0.476551204919815 0.372924566268921 0.368773728609085 0.370005816221237 0.372036337852478 0.369467049837112 0.376947909593582 0.392554819583893 0.406254202127457 0.422236919403076 0.504432559013367 0.520315885543823 0.551938831806183 0.567732036113739 0.543055772781372 0.544276118278503
0.196359783411026 0.179533541202545 0.175372332334518 0.252739906311035 0.323825597763062 0.223822116851807 0.183296054601669 0.189629763364792 0.226960390806198 0.193721190094948 0.181148439645767 0.181801095604897 0.217698141932487 0.22906219959259 0.242121458053589 0.23762258887291 0.242471843957901 0.270029604434967 0.341194450855255 0.437097936868668 0.415139079093933 0.520653069019318 0.520506143569946 0.468685150146484 0.534873127937317 0.580525875091553 0.491923332214355 0.446393638849258 0.564552843570709 0.560657143592834 0.526790261268616 0.373379528522491 0.389729201793671 0.386914104223251 0.371812075376511 0.37240743637085 0.374404042959213 0.376666575670242 0.383426904678345 0.361216127872467 0.366603702306747 0.413526803255081 0.396175056695938 0.435137838125229 0.418806433677673 0.423772037029266
0.191796883940697 0.206083446741104 0.20104806125164 0.276745110750198 0.276344567537308 0.205351918935776 0.191025495529175 0.189323112368584 0.232246801257133 0.219645336270332 0.201814770698547 0.19765867292881 0.247079506516457 0.233438074588776 0.23460341989994 0.233639895915985 0.254203319549561 0.286870002746582 0.355765342712402 0.478529006242752 0.542702198028564 0.606044411659241 0.519348978996277 0.617932319641113 0.656566262245178 0.630294263362885 0.467604964971542 0.494175791740417 0.500939667224884 0.499098896980286 0.436256229877472 0.388356655836105 0.369055420160294 0.37052258849144 0.372044652700424 0.37411567568779 0.375301420688629 0.37507301568985 0.370149075984955 0.419623911380768 0.464911133050919 0.51118129491806 0.496999174356461 0.450150579214096 0.458156138658524 0.00889400485903025
0.197173684835434 0.246535286307335 0.282362461090088 0.278316795825958 0.203661635518074 0.185174316167831 0.213376343250275 0.23410364985466 0.207972481846809 0.223893538117409 0.228179782629013 0.203901246190071 0.224300354719162 0.247670948505402 0.246077880263329 0.278354465961456 0.287413507699966 0.322647452354431 0.415300279855728 0.649860143661499 0.6953244805336 0.60707551240921 0.523941338062286 0.497561424970627 0.624266982078552 0.473076224327087 0.446638137102127 0.42609766125679 0.468801945447922 0.434745341539383 0.387685775756836 0.358614802360535 0.33913853764534 0.348425894975662 0.369541704654694 0.366300016641617 0.352222472429276 0.373277872800827 0.411802768707275 0.496436655521393 0.512327075004578 0.500009655952454 0.01302161347121 0.451004654169083 0.00931219849735498 0.00804201327264309
0.316499799489975 0.593142747879028 0.340961813926697 0.267145872116089 0.19721345603466 0.186556965112686 0.232602089643478 0.216666251420975 0.219091236591339 0.23735998570919 0.241357445716858 0.231377974152565 0.251563191413879 0.329751163721085 0.254849582910538 0.253853678703308 0.360783606767654 0.47873118519783 0.62369042634964 0.815862596035004 0.746459603309631 0.575682520866394 0.609997510910034 0.471752882003784 0.425356864929199 0.38314613699913 0.40461602807045 0.384746670722961 0.384654611349106 0.36578169465065 0.377284288406372 0.35645791888237 0.378760308027267 0.389413475990295 0.385379493236542 0.385141134262085 0.408591598272324 0.410752832889557 0.503711521625519 0.513367831707001 0.479733109474182 0.0170468892902136 0.018787270411849 0.0106987552717328 0.00885266065597534 0.00757746770977974
0.809343457221985 0.693293154239655 0.334858387708664 0.232857912778854 0.215824946761131 0.196086227893829 0.184867918491364 0.21087720990181 0.242453083395958 0.231187552213669 0.262758821249008 0.227017998695374 0.261586785316467 0.250693887472153 0.266590982675552 0.318255037069321 0.604118824005127 0.741992831230164 0.747144341468811 0.817183315753937 0.747848510742188 0.524063289165497 0.467537432909012 0.445862919092178 0.404314279556274 0.381001710891724 0.360517382621765 0.360565096139908 0.38106569647789 0.395069718360901 0.355125367641449 0.376714259386063 0.376884400844574 0.409249603748322 0.384483814239502 0.428010791540146 0.429880768060684 0.0308537427335978 0.41968235373497 0.0220108348876238 0.0266528986394405 0.0200628899037838 0.526884973049164 0.0111502641811967 0.0104371821507812 0.00989272724837065
0.850468754768372 0.552884519100189 0.294763296842575 0.205429971218109 0.202703446149826 0.194031611084938 0.171345427632332 0.347096830606461 0.254421681165695 0.542883396148682 0.327935099601746 0.379869133234024 0.296056926250458 0.318975627422333 0.584064960479736 0.68165796995163 0.803783595561981 0.860124528408051 0.852262556552887 0.812358558177948 0.683463513851166 0.565344750881195 0.48783341050148 0.507916271686554 0.570757031440735 0.400005102157593 0.398932307958603 0.462894558906555 0.434281527996063 0.436905920505524 0.398738235235214 0.390540570020676 0.396411329507828 0.051286518573761 0.404346793889999 0.426342785358429 0.0522102452814579 0.0474442318081856 0.0307258330285549 0.02732621319592 0.514376103878021 0.0137127442285419 0.0107639199122787 0.00913560856133699 0.0115098236128688 0.00985503569245338
0.576868712902069 0.453463405370712 0.231092944741249 0.2039555311203 0.181740552186966 0.197980582714081 0.311719685792923 0.398956030607224 0.496204525232315 0.79871392250061 0.845421373844147 0.663180768489838 0.601078569889069 0.717712461948395 0.858242869377136 0.859867990016937 0.862040817737579 0.877464771270752 0.857279121875763 0.792433619499207 0.597380876541138 0.550872564315796 0.50762814283371 0.700004279613495 0.502225518226624 0.49072390794754 0.496745318174362 0.587975442409515 0.529485404491425 0.516556739807129 0.0851635709404945 0.0957873985171318 0.481934100389481 0.467190802097321 0.0672208219766617 0.446798533201218 0.0474028028547764 0.0326306000351906 0.0259713139384985 0.0220054611563683 0.0191330593079329 0.0141186499968171 0.0129101453348994 0.0122651057317853 0.0102742183953524 0.00665038032457232
0.310476213693619 0.270038098096848 0.195627555251122 0.216628089547157 0.181603103876114 0.229674994945526 0.411244004964828 0.315678328275681 0.428152740001678 0.549001216888428 0.718987226486206 0.841760754585266 0.877225458621979 0.883788704872131 0.896649479866028 0.817282497882843 0.851945042610168 0.849193096160889 0.654112696647644 0.756750881671906 0.772486686706543 0.550215542316437 0.669431149959564 0.733900368213654 0.648910224437714 0.6979621052742 0.0443747192621231 0.579016804695129 0.605973243713379 0.538771867752075 0.0831588581204414 0.0573814548552036 0.0507391951978207 0.0579129979014397 0.0625379532575607 0.0572706870734692 0.043028935790062 0.0361008159816265 0.029995433986187 0.025916175916791 0.0218635983765125 0.0222823172807693 0.0287942439317703 0.0149200828745961 0.016815947368741 0.0122764175757766
0.249171242117882 0.20211461186409 0.204810872673988 0.232432976365089 0.219472154974937 0.277183830738068 0.504637062549591 0.486781537532806 0.370981782674789 0.510231733322144 0.872824490070343 0.886766791343689 0.763302087783813 0.798105001449585 0.715008318424225 0.647944629192352 0.598950147628784 0.572678625583649 0.613049685955048 0.63200855255127 0.689090192317963 0.607111275196075 0.72255539894104 0.0241748355329037 0.0257704742252827 0.0316018909215927 0.040367852896452 0.0741794258356094 0.0481292977929115 0.0753379017114639 0.0628467574715614 0.0655658394098282 0.0533524081110954 0.0592830702662468 0.0600648559629917 0.0522869601845741 0.0473842658102512 0.0420346148312092 0.0391676276922226 0.0356303751468658 0.0328030399978161 0.0344159752130508 0.0385720543563366 0.0165419764816761 0.023570055142045 0.00744974333792925
