output/projections/04_EH/Sclerurus cearensis.asc
NCOLS 168 
NROWS 144 
XLLCORNER -41.0000000002598 
YLLCORNER -7.99999999976785 
CELLSIZE 0.0416666666664048 
NODATA_value -3.4e+38 
[rows 120 to 139 of 144, columns 92 to 137 of 168]
0.610798478126526 0.630963206291199 0.693459749221802 0.644725561141968 0.756133139133453 0.866636276245117 0.884687721729279 0.860564649105072 0.873761534690857 0.885149538516998 0.883333921432495 0.833586812019348 0.819302082061768 0.821923553943634 0.0954106524586678 0.0925344750285149 0.0934492275118828 0.129312291741371 0.10988712310791 0.178429037332535 0.230562955141068 0.269235402345657 0.287635266780853 0.358684599399567 0.34614622592926 0.315441191196442 0.36601248383522 0.411497980356216 0.418685793876648 0.251000642776489 0.150376677513123 0.113568030297756 0.104524202644825 0.0651150196790695 0.0572363398969173 0.0456829741597176 0.04253950715065 0.0417490527033806 0.0423930436372757 0.0442342348396778 0.0490942820906639 0.0641360878944397 0.0588152967393398 0.0459856614470482 0.0348259620368481 0.0297981556504965
0.589120447635651 0.812117874622345 0.757494270801544 0.739378452301025 0.820329189300537 0.891600847244263 0.909769415855408 0.902403771877289 0.885683834552765 0.880531430244446 0.854434728622437 0.826321303844452 0.816147744655609 0.822036862373352 0.815298318862915 0.131783321499825 0.0982662215828896 0.115891799330711 0.167379766702652 0.252085357904434 0.288064360618591 0.245273754000664 0.314980179071426 0.384363979101181 0.406170248985291 0.414556622505188 0.440113037824631 0.423204839229584 0.279542565345764 0.174885720014572 0.145372778177261 0.137789458036423 0.0924560576677322 0.0713704526424408 0.0586817264556885 0.0636802986264229 0.0513719916343689 0.0558019876480103 0.0604699663817883 0.0563536323606968 0.049903828650713 0.0444986931979656 0.0404255539178848 0.0424607023596764 0.0314508937299252 0.0289790872484446
0.624195635318756 0.621923863887787 0.713197886943817 0.758559048175812 0.845594525337219 0.846155822277069 0.804736793041229 0.745474219322205 0.797766268253326 0.839051187038422 0.8376704454422 0.810509264469147 0.808970034122467 0.815719783306122 0.822445273399353 0.819027006626129 0.109146781265736 0.134415373206139 0.181821197271347 0.2799072265625 0.242113173007965 0.221703812479973 0.332192301750183 0.377046167850494 0.389194041490555 0.418587386608124 0.381667852401733 0.420265048742294 0.253594726324081 0.192509263753891 0.164597645401955 0.137557223439217 0.10136878490448 0.0844063237309456 0.0955217331647873 0.0743529573082924 0.072422169148922 0.062562420964241 0.0596814304590225 0.0620720461010933 0.0503080263733864 0.0518207736313343 0.0502285435795784 0.0444686412811279 0.0354758538305759 0.0308987721800804
0.528260409832001 0.614607393741608 0.827782392501831 0.592388272285461 0.636295795440674 0.853639483451843 0.885482251644135 0.853497326374054 0.846478641033173 0.829198062419891 0.820789813995361 0.810713052749634 0.809123277664185 0.812965929508209 0.813553988933563 0.812825202941895 0.813228845596313 0.81363183259964 0.197379574179649 0.27764904499054 0.231506422162056 0.261580646038055 0.313630282878876 0.380686938762665 0.399764150381088 0.376735597848892 0.385254889726639 0.381555616855621 0.258969604969025 0.237344115972519 0.175309985876083 0.139842420816422 0.118481673300266 0.109187044203281 0.146115973591805 0.114648215472698 0.0676145479083061 0.0670333355665207 0.0838647857308388 0.060298141092062 0.0525525510311127 0.0784707888960838 0.0443816855549812 0.0392324514687061 0.0403400957584381 0.0311823040246964
0.927848517894745 0.941493332386017 0.926777303218842 0.896698534488678 0.913448989391327 0.917368352413177 0.892163395881653 0.869486808776855 0.843846201896667 0.807815551757812 0.812145829200745 0.809954226016998 0.805965721607208 0.808877766132355 0.809612154960632 0.809714496135712 0.813027143478394 0.813833057880402 0.227716788649559 0.239614188671112 0.250740557909012 0.278929322957993 0.333076477050781 0.333713680505753 0.320698291063309 0.353921681642532 0.325793325901031 0.391973406076431 0.237643107771873 0.206998988986015 0.153903782367706 0.128360107541084 0.137299805879593 0.130067601799965 0.089058130979538 0.0814263448119164 0.0759311020374298 0.0664630234241486 0.0806914120912552 0.0740607678890228 0.0927105918526649 0.0779633894562721 0.0403513312339783 0.0453044325113297 0.0385677814483643 0.0283981505781412
0.927859485149384 0.945969998836517 0.900399506092072 0.899662971496582 0.88448965549469 0.88448965549469 0.860207557678223 0.823990523815155 0.836003363132477 0.820284724235535 0.816358029842377 0.809635400772095 0.809328258037567 0.812241494655609 0.812522053718567 0.809918940067291 0.810123264789581 0.813732445240021 0.243980422616005 0.215679943561554 0.27142471075058 0.295140147209167 0.323434084653854 0.291595846414566 0.320592761039734 0.378044813871384 0.363798916339874 0.312785446643829 0.260917037725449 0.227005138993263 0.183197990059853 0.137885808944702 0.147830590605736 0.126220345497131 0.0911372452974319 0.0900345295667648 0.0927846357226372 0.150704830884933 0.162231653928757 0.121825732290745 0.0675291195511818 0.053442470729351 0.0454110130667686 0.0476995036005974 0.0358376689255238 0.0382556840777397
0.908584654331207 0.900164008140564 0.87870067358017 0.876898884773254 0.880434095859528 0.859058201313019 0.859539806842804 0.857418417930603 0.836926519870758 0.824528574943542 0.834557175636292 0.810467541217804 0.809225797653198 0.811897695064545 0.815907955169678 0.813139379024506 0.813531160354614 0.814034163951874 0.81394499540329 0.257708996534348 0.279383152723312 0.328354626893997 0.294592052698135 0.275332689285278 0.311051398515701 0.368359804153442 0.323153614997864 0.3253353536129 0.298079907894135 0.299470692873001 0.200421065092087 0.162145704030991 0.163906067609787 0.132383331656456 0.110196001827717 0.0906025767326355 0.0912317410111427 0.154198750853539 0.0959284529089928 0.0685855448246002 0.0576031059026718 0.0556346997618675 0.054126363247633 0.0399818159639835 0.0439486913383007 0.0491068661212921
0.905166685581207 0.897909104824066 0.89123922586441 0.890537023544312 0.869726896286011 0.878821313381195 0.862108826637268 0.847183763980865 0.833702743053436 0.831174671649933 0.821388125419617 0.814597845077515 0.810248494148254 0.816732168197632 0.817030012607574 0.813441812992096 0.813531160354614 0.813833057880402 0.81394499540329 0.817796409130096 0.81780070066452 0.821393191814423 0.327455967664719 0.337279975414276 0.333882182836533 0.345473349094391 0.361810475587845 0.370464324951172 0.35231077671051 0.311328440904617 0.270173996686935 0.223731622099876 0.208826541900635 0.199680775403976 0.173069000244141 0.114322334527969 0.0822841078042984 0.074378214776516 0.0615082941949368 0.0616381280124187 0.0632325261831284 0.0529722981154919 0.0542188249528408 0.0550165586173534 0.0723952651023865 0.0491456091403961
0.888572037220001 0.905728697776794 0.907360136508942 0.881238222122192 0.886972308158875 0.874616742134094 0.858636856079102 0.847479104995728 0.852880477905273 0.841172993183136 0.831745445728302 0.823635399341583 0.809422492980957 0.81026554107666 0.810021102428436 0.816604852676392 0.81394499540329 0.814045488834381 0.814145922660828 0.818097233772278 0.817899584770203 0.824435830116272 0.824723839759827 0.831206619739532 0.83471691608429 0.310121655464172 0.336239784955978 0.362621247768402 0.333699971437454 0.297025620937347 0.234016254544258 0.207513004541397 0.158714354038239 0.11784366518259 0.109327025711536 0.104087471961975 0.0781505405902863 0.0710207000374794 0.078871563076973 0.0870627909898758 0.0876449346542358 0.0942067503929138 0.101647265255451 0.101225420832634 0.0645914003252983 0.0681570693850517
0.877223253250122 0.885317087173462 0.877219438552856 0.9009028673172 0.884013831615448 0.871167600154877 0.87117600440979 0.862165212631226 0.848670661449432 0.835348606109619 0.83148205280304 0.820182323455811 0.81885826587677 0.809509813785553 0.809082925319672 0.809407472610474 0.809407472610474 0.810123264789581 0.81445300579071 0.81829047203064 0.815454125404358 0.821768283843994 0.825570940971375 0.826509416103363 0.829362809658051 0.82999724149704 0.83101612329483 0.825912237167358 0.832245409488678 0.214598804712296 0.197789698839188 0.160664021968842 0.133830577135086 0.122084572911263 0.114496938884258 0.117119267582893 0.117114454507828 0.131483629345894 0.131724983453751 0.147389158606529 0.148873567581177 0.126111224293709 0.133784025907516 0.110560722649097 0.0590446591377258 0.0582294687628746
0.874950468540192 0.869172632694244 0.860518753528595 0.885376930236816 0.882292985916138 0.872937262058258 0.856702029705048 0.86989951133728 0.844302415847778 0.848455727100372 0.85527116060257 0.837534308433533 0.823271989822388 0.815819561481476 0.815080940723419 0.815397620201111 0.818633079528809 0.819633483886719 0.817305624485016 0.814848005771637 0.815753579139709 0.821768283843994 0.825972974300385 0.824059247970581 0.827563166618347 0.82501757144928 0.827828347682953 0.825434505939484 0.242360219359398 0.824888706207275 0.193031743168831 0.179256454110146 0.182660937309265 0.201135903596878 0.196394085884094 0.170489206910133 0.177311986684799 0.200896590948105 0.215323582291603 0.252508401870728 0.215815931558609 0.100650854408741 0.0835522413253784 0.0577208027243614 0.0439329147338867 0.0241092145442963
0.864433288574219 0.857142210006714 0.856043756008148 0.862138032913208 0.888911962509155 0.896489799022675 0.886092305183411 0.877601683139801 0.86553281545639 0.873701632022858 0.868366479873657 0.839654982089996 0.82145756483078 0.821262776851654 0.82452929019928 0.821571111679077 0.824981331825256 0.822907209396362 0.823386251926422 0.824339687824249 0.815739095211029 0.815339684486389 0.825782060623169 0.817001223564148 0.817199647426605 0.818099975585938 0.830680549144745 0.831678152084351 0.322259038686752 0.822015881538391 0.81954699754715 0.304977059364319 0.332091361284256 0.333230644464493 0.320700287818909 0.276979327201843 0.193762168288231 0.257235139608383 0.333802103996277 0.84998345375061 0.0813024714589119 0.0740162134170532 0.0583648942410946 0.054646410048008 0.0375712104141712 0.0367712154984474
0.880233883857727 0.881345391273499 0.882843554019928 0.885978698730469 0.892017483711243 0.896736264228821 0.872476577758789 0.86949223279953 0.890369057655334 0.881674587726593 0.855295419692993 0.826964437961578 0.828431189060211 0.820540428161621 0.826650977134705 0.830027282238007 0.827806293964386 0.82827889919281 0.823675692081451 0.821379065513611 0.821962654590607 0.815539479255676 0.815439581871033 0.818856537342072 0.82290130853653 0.824057161808014 0.821711778640747 0.819577097892761 0.822382152080536 0.831622183322906 0.826115906238556 0.825797319412231 0.325831174850464 0.837942600250244 0.850529372692108 0.852447271347046 0.213265389204025 0.765520334243774 0.352714031934738 0.180543124675751 0.89264041185379 0.86471551656723 0.0578915476799011 0.0616355389356613 0.0466861203312874 0.0249545630067587
0.897690892219543 0.886457502841949 0.886142730712891 0.898550748825073 0.895779609680176 0.879278957843781 0.871417820453644 0.880048215389252 0.872580707073212 0.859379887580872 0.854442417621613 0.844059467315674 0.838780105113983 0.829542398452759 0.844374597072601 0.827711641788483 0.82827889919281 0.825843811035156 0.826225399971008 0.823954880237579 0.817984104156494 0.817598521709442 0.821071445941925 0.833790123462677 0.832348227500916 0.830306768417358 0.834133446216583 0.832691431045532 0.826189696788788 0.831753075122833 0.838180422782898 0.842027723789215 0.847208857536316 0.84143340587616 0.83743017911911 0.829645872116089 0.829106986522675 0.823237121105194 0.84612762928009 0.880435943603516 0.869947075843811 0.835105955600739 0.0746487006545067 0.0441933833062649 0.0409043021500111 0.0284210052341223
0.894862711429596 0.889524281024933 0.890495538711548 0.897128045558929 0.892582535743713 0.880510151386261 0.866081774234772 0.872211635112762 0.864327669143677 0.857418894767761 0.858361899852753 0.849456906318665 0.848037838935852 0.832374393939972 0.836769700050354 0.828179895877838 0.825461566448212 0.822709500789642 0.826034665107727 0.817107796669006 0.8170086145401 0.822903037071228 0.829192221164703 0.83650404214859 0.832288920879364 0.82929915189743 0.82454925775528 0.826372623443604 0.820778787136078 0.829921543598175 0.836248815059662 0.833756744861603 0.831016004085541 0.82475620508194 0.839665055274963 0.825802981853485 0.8200763463974 0.823248028755188 0.850398004055023 0.887575924396515 0.87970769405365 0.880664587020874 0.886181950569153 0.864773988723755 0.870166301727295 0.0279589220881462
0.897738218307495 0.894343554973602 0.893693566322327 0.884948790073395 0.881081759929657 0.871537029743195 0.862263679504395 0.865792512893677 0.881999671459198 0.859597206115723 0.852095007896423 0.856062650680542 0.836201727390289 0.838240742683411 0.83315110206604 0.821646094322205 0.822034895420074 0.818742752075195 0.819038093090057 0.824795722961426 0.828274309635162 0.834043860435486 0.837868273258209 0.835856735706329 0.830498397350311 0.833296954631805 0.832291901111603 0.827399611473083 0.8227618932724 0.825496733188629 0.826284527778625 0.82385528087616 0.820105314254761 0.817037105560303 0.820436775684357 0.82310825586319 0.84077775478363 0.845180153846741 0.861241817474365 0.866069734096527 0.841992437839508 0.839880168437958 0.814732909202576 0.0557933747768402 0.0403798073530197 0.0406624116003513
0.903707265853882 0.901444137096405 0.894048035144806 0.889419138431549 0.881132960319519 0.876226425170898 0.868348121643066 0.86968195438385 0.86155641078949 0.854340791702271 0.855078339576721 0.840840637683868 0.834865152835846 0.831092417240143 0.85064959526062 0.833911180496216 0.824699759483337 0.824117004871368 0.830121457576752 0.83058899641037 0.833414077758789 0.839520156383514 0.84073531627655 0.838138580322266 0.835089981555939 0.84180760383606 0.840179562568665 0.83583652973175 0.830466628074646 0.824475944042206 0.835416913032532 0.835921704769135 0.833623766899109 0.838912606239319 0.842112362384796 0.856578052043915 0.861088633537292 0.874985933303833 0.858194410800934 0.855866432189941 0.836566686630249 0.83084774017334 0.788165271282196 0.812804400920868 0.756249785423279 0.0297508463263512
0.900342106819153 0.900608539581299 0.902991056442261 0.890260100364685 0.87468683719635 0.894940257072449 0.884814143180847 0.863937497138977 0.870749652385712 0.874509036540985 0.862108826637268 0.859025239944458 0.867430031299591 0.830266356468201 0.826776921749115 0.830345630645752 0.826762437820435 0.826756775379181 0.835317552089691 0.835759937763214 0.836018919944763 0.844335913658142 0.842381477355957 0.839933693408966 0.845456004142761 0.85497111082077 0.850700080394745 0.846544861793518 0.835195958614349 0.8407963514328 0.857715964317322 0.855111658573151 0.864282488822937 0.862813830375671 0.857607126235962 0.857373535633087 0.849021255970001 0.846350789070129 0.852684020996094 0.849620461463928 0.820991635322571 0.855385959148407 0.845205962657928 0.805113434791565 0.795518517494202 0.780880272388458
0.902950286865234 0.919539332389832 0.904641389846802 0.891922354698181 0.882030785083771 0.899546921253204 0.884223878383636 0.883634626865387 0.883159637451172 0.879904568195343 0.859218895435333 0.850189328193665 0.838088691234589 0.846114814281464 0.833082139492035 0.832818984985352 0.831669628620148 0.834860503673553 0.837732136249542 0.840802848339081 0.843659698963165 0.847158908843994 0.847749948501587 0.847708940505981 0.853756129741669 0.85810375213623 0.851599872112274 0.840080320835114 0.845899760723114 0.851695954799652 0.86072713136673 0.859369575977325 0.863560676574707 0.856924414634705 0.854180037975311 0.849267840385437 0.84500777721405 0.841591835021973 0.853912830352783 0.834937930107117 0.811831593513489 0.80772590637207 0.825872838497162 0.797596573829651 0.783759415149689 0.736194491386414
0.89594030380249 0.921626508235931 0.908085763454437 0.901284098625183 0.900628566741943 0.891465246677399 0.891208052635193 0.888424456119537 0.887787759304047 0.864960849285126 0.860297322273254 0.848953545093536 0.847402274608612 0.840740442276001 0.837176322937012 0.83690470457077 0.839756727218628 0.845386207103729 0.846297383308411 0.849404215812683 0.849796831607819 0.852962970733643 0.851110875606537 0.858433425426483 0.856822669506073 0.854625582695007 0.851851403713226 0.852368175983429 0.860416233539581 0.85315728187561 0.855209767818451 0.850772500038147 0.848504543304443 0.848725497722626 0.844874143600464 0.847099363803864 0.849121630191803 0.846833288669586 0.831098735332489 0.819243788719177 0.78375369310379 0.759979248046875 0.752924561500549 0.760683238506317 0.746844828128815 0.728696823120117
